chrom	position	2,0	1,1	0,2
Muller_E	62882	0.769635	0.216275	0.0140898
Muller_E	267432	0.772898	0.216832	0.0102701
Muller_E	441230	0.775922	0.217004	0.00707404
Muller_E	511157	0.777205	0.216995	0.00580068
Muller_E	557879	0.778083	0.216964	0.00495386
Muller_E	581000	0.778523	0.216941	0.00453598
Muller_E	709108	0.78104	0.216726	0.00223459
Muller_E	768129	0.782242	0.216576	0.00118225
Muller_E	785241	0.782595	0.216527	0.000878076
Muller_E	787322	0.782638	0.21652	0.000841114
Muller_E	787424	0.782641	0.21652	0.000839302
Muller_E	788173	0.782656	0.216518	0.000826
Muller_E	788750	0.782668	0.216516	0.000815754
Muller_E	788860	0.916758	0.083191	5.11732e-05
Muller_E	791823	0.782547	0.216647	0.000805889
Muller_E	802257	0.782113	0.217109	0.000777922
Muller_E	893794	0.77833	0.221144	0.000525398
Muller_E	894300	0.77831	0.221167	0.000523966
Muller_E	896281	0.778228	0.221254	0.000518355
Muller_E	897287	0.778187	0.221298	0.000515503
Muller_E	897987	0.778158	0.221328	0.000513518
Muller_E	901015	0.778034	0.221461	0.000504922
Muller_E	901718	0.778005	0.221492	0.000502924
Muller_E	923408	0.777115	0.222444	0.000440899
Muller_E	923675	0.777104	0.222456	0.000440131
Muller_E	924320	0.777078	0.222484	0.000438275
Muller_E	927795	0.942035	0.0579463	1.86178e-05
Muller_E	948021	0.771911	0.227656	0.000433416
Muller_E	948230	0.771859	0.227708	0.000433467
Muller_E	958531	0.7693	0.230264	0.000435936
Muller_E	967701	0.767024	0.232538	0.000438043
Muller_E	969142	0.766666	0.232896	0.000438366
Muller_E	1033237	0.750764	0.248786	0.000450396
Muller_E	1120573	0.729127	0.270414	0.000458404
Muller_E	1123171	0.728484	0.271057	0.000458476
Muller_E	1146845	0.722625	0.276916	0.000458655
Muller_E	1148492	0.722218	0.277323	0.000458635
Muller_E	1168315	0.717314	0.282228	0.000458049
Muller_E	1213395	0.706168	0.293377	0.000454266
Muller_E	1262309	0.694084	0.30547	0.000446046
Muller_E	1275111	0.690922	0.308635	0.000443145
Muller_E	1275707	0.690775	0.308782	0.000443002
Muller_E	1314313	0.681245	0.318323	0.000432225
Muller_E	1318297	0.680262	0.319307	0.000430938
Muller_E	1358440	0.670359	0.329225	0.000416082
Muller_E	1358616	0.670315	0.329269	0.000416009
Muller_E	1378824	0.665332	0.334261	0.00040718
Muller_E	1480336	0.640317	0.359335	0.000348217
Muller_E	1489232	0.638126	0.361532	0.000341824
Muller_E	1645912	0.59957	0.400236	0.000193386
Muller_E	1673398	0.592811	0.407029	0.000159862
Muller_E	1718642	0.581689	0.418212	9.94354e-05
Muller_E	1746815	0.574764	0.425178	5.84071e-05
Muller_E	1763447	0.570677	0.429291	3.29269e-05
Muller_E	1765039	0.570285	0.429684	3.04383e-05
Muller_E	1765159	0.570256	0.429714	3.02503e-05
Muller_E	1765369	0.711819	0.288178	2.77482e-06
Muller_E	1771226	0.567494	0.432476	2.99486e-05
Muller_E	1799036	0.554625	0.445347	2.85341e-05
Muller_E	1802542	0.553003	0.446969	2.81708e-05
Muller_E	1802678	0.55294	0.447032	2.81559e-05
Muller_E	1803039	0.552773	0.447199	2.81159e-05
Muller_E	1803347	0.55263	0.447342	2.80815e-05
Muller_E	1805518	0.551626	0.448347	2.78294e-05
Muller_E	1812938	0.548192	0.451781	2.68447e-05
Muller_E	1813040	0.548145	0.451828	2.68298e-05
Muller_E	1815234	0.54713	0.452844	2.65011e-05
Muller_E	1815907	0.546818	0.453155	2.63969e-05
Muller_E	1816383	0.546598	0.453376	2.63223e-05
Muller_E	1831501	0.539603	0.460374	2.3534e-05
Muller_E	1850978	0.530591	0.46939	1.87273e-05
Muller_E	1851905	0.530162	0.469819	1.84638e-05
Muller_E	1852166	0.860107	0.139892	5.6684e-07
Muller_E	1857635	0.516185	0.483792	2.30622e-05
Muller_E	1861157	0.507262	0.492712	2.60851e-05
Muller_E	1861336	0.506808	0.493165	2.6239e-05
Muller_E	1861880	0.50543	0.494543	2.67069e-05
Muller_E	1866595	0.0970586	0.902761	0.000180643
Muller_E	1870209	0.642036	0.357961	3.31481e-06
Muller_E	1871973	0.155781	0.844052	0.000167083
Muller_E	1880064	0.490864	0.509098	3.80232e-05
Muller_E	1889333	0.490045	0.509913	4.2198e-05
Muller_E	1891195	0.48988	0.510077	4.29951e-05
Muller_E	1894320	0.489604	0.510352	4.43016e-05
Muller_E	1900363	0.48907	0.510883	4.67166e-05
Muller_E	1904375	0.488715	0.511236	4.82387e-05
Muller_E	1915469	0.487735	0.512213	5.211e-05
Muller_E	1927060	0.48671	0.513234	5.56232e-05
Muller_E	1932459	0.486233	0.51371	5.70738e-05
Muller_E	1944351	0.485182	0.514758	5.98513e-05
Muller_E	1946702	0.484974	0.514965	6.03323e-05
Muller_E	1961660	0.483652	0.516285	6.28644e-05
Muller_E	1975567	0.482423	0.517512	6.43975e-05
Muller_E	2011856	0.160859	0.838955	0.000186623
Muller_E	2013122	0.479252	0.520684	6.39675e-05
Muller_E	2044597	0.480152	0.519803	4.48438e-05
Muller_E	2048236	0.480256	0.519701	4.23688e-05
Muller_E	2048434	0.480262	0.519696	4.22325e-05
Muller_E	2086567	0.636266	0.363733	1.04918e-06
Muller_E	2103366	0.48114	0.518845	1.52255e-05
Muller_E	2117584	0.720278	0.27972	1.87891e-06
Muller_E	2126123	0.48012	0.519856	2.38966e-05
Muller_E	2135792	0.479169	0.520798	3.22529e-05
Muller_E	2140907	0.478666	0.521297	3.65214e-05
Muller_E	2141169	0.478641	0.521323	3.67372e-05
Muller_E	2142715	0.478489	0.521473	3.80049e-05
Muller_E	2145389	0.478226	0.521734	4.01748e-05
Muller_E	2146953	0.478072	0.521887	4.14306e-05
Muller_E	2147057	0.478062	0.521897	4.15138e-05
Muller_E	2201852	0.472674	0.527247	7.92182e-05
Muller_E	2204792	0.472385	0.527535	8.08947e-05
Muller_E	2219543	0.470934	0.528977	8.87693e-05
Muller_E	2220290	0.47086	0.52905	8.91442e-05
Muller_E	2241628	0.468762	0.531139	9.888e-05
Muller_E	2243471	0.468581	0.53132	9.96323e-05
Muller_E	2531559	0.58509	0.414904	5.98743e-06
Muller_E	2693610	0.566093	0.433905	1.99741e-06
Muller_E	2696554	0.138184	0.861716	0.000100444
Muller_E	2706179	0.407965	0.59201	2.50421e-05
Muller_E	2713009	0.407469	0.592506	2.50685e-05
Muller_E	2716202	0.407236	0.592739	2.50047e-05
Muller_E	2721440	0.406855	0.59312	2.47948e-05
Muller_E	2735475	0.405834	0.594142	2.35875e-05
Muller_E	2763120	0.403822	0.59616	1.84537e-05
Muller_E	2777976	0.40274	0.597246	1.41795e-05
Muller_E	2779619	0.40262	0.597366	1.36415e-05
Muller_E	2787347	0.402057	0.597932	1.09367e-05
Muller_E	2788916	0.401943	0.598047	1.03524e-05
Muller_E	2795398	0.40147	0.598522	7.81235e-06
Muller_E	2798296	0.401259	0.598734	6.61107e-06
Muller_E	2799305	0.401186	0.598808	6.18329e-06
Muller_E	2800245	0.401117	0.598877	5.78033e-06
Muller_E	2800507	0.401098	0.598896	5.66726e-06
Muller_E	2800780	0.401078	0.598916	5.54908e-06
Muller_E	2800932	0.401067	0.598927	5.48313e-06
Muller_E	2801158	0.401051	0.598944	5.38486e-06
Muller_E	2805736	0.400717	0.59928	3.34103e-06
Muller_E	2807233	0.400608	0.599389	2.65069e-06
Muller_E	2807795	0.400567	0.599431	2.38873e-06
Muller_E	2808363	0.400526	0.599472	2.12241e-06
Muller_E	2809031	0.400477	0.599521	1.8072e-06
Muller_E	2809272	0.400459	0.599539	1.69295e-06
Muller_E	2809909	0.400413	0.599586	1.38961e-06
Muller_E	2811470	0.559519	0.440481	4.54573e-08
Muller_E	2811776	0.400252	0.599747	6.33239e-07
Muller_E	2812117	0.400199	0.5998	6.27441e-07
Muller_E	2815676	0.399649	0.60035	5.33262e-07
Muller_E	2816259	0.399559	0.600441	5.11974e-07
Muller_E	2817070	0.399434	0.600566	4.79615e-07
Muller_E	2817616	0.399349	0.60065	4.5603e-07
Muller_E	2819402	0.399073	0.600927	3.68762e-07
Muller_E	2820166	0.398955	0.601045	3.26696e-07
Muller_E	2820386	0.398921	0.601079	3.14056e-07
Muller_E	2820775	0.398861	0.601139	2.9113e-07
Muller_E	2821135	0.398805	0.601195	2.69258e-07
Muller_E	2821440	0.687207	0.312793	1.323e-08
Muller_E	2826939	0.395842	0.604158	5.97792e-07
Muller_E	2831172	0.393597	0.606402	7.65889e-07
Muller_E	2831515	0.393415	0.606584	7.75704e-07
Muller_E	2832336	0.39298	0.607019	7.96875e-07
Muller_E	2833070	0.39259	0.607409	8.13025e-07
Muller_E	2850717	0.383232	0.616768	4.05569e-07
Muller_E	2853215	0.538446	0.461554	1.86667e-08
Muller_E	2856496	0.378613	0.621386	3.56438e-07
Muller_E	2856945	0.378163	0.621837	3.7052e-07
Muller_E	2857481	0.377625	0.622375	3.86022e-07
Muller_E	2858163	0.37694	0.623059	4.03684e-07
Muller_E	2859754	0.375343	0.624656	4.35893e-07
Muller_E	2859987	0.375109	0.62489	4.3955e-07
Muller_E	2862604	0.372482	0.627517	4.61972e-07
Muller_E	2866488	0.368583	0.631416	4.31736e-07
Muller_E	2867267	0.516764	0.483236	5.15369e-08
Muller_E	2868557	0.36542	0.63458	5.91235e-07
Muller_E	2870085	0.362599	0.637401	7.88059e-07
Muller_E	2870623	0.361605	0.638394	8.54719e-07
Muller_E	2876155	0.351391	0.648607	1.45946e-06
Muller_E	2877151	0.349552	0.650446	1.55254e-06
Muller_E	2886067	0.33309	0.666908	2.16595e-06
Muller_E	2886534	0.332228	0.66777	2.18701e-06
Muller_E	2887599	0.330262	0.669736	2.23085e-06
Muller_E	2887882	0.483317	0.516683	1.7032e-07
Muller_E	2888492	0.327597	0.6724	2.84824e-06
Muller_E	2888607	0.327193	0.672804	2.96261e-06
Muller_E	2890000	0.322302	0.677694	4.34776e-06
Muller_E	2890387	0.320943	0.679052	4.73249e-06
Muller_E	2890907	0.319117	0.680878	5.24937e-06
Muller_E	2894764	0.305574	0.694417	9.08018e-06
Muller_E	2899098	0.290355	0.709631	1.33761e-05
Muller_E	2901481	0.281988	0.717997	1.57331e-05
Muller_E	2901643	0.281419	0.718565	1.58932e-05
Muller_E	2902627	0.277964	0.722019	1.68651e-05
Muller_E	2903432	0.275137	0.724845	1.76596e-05
Muller_E	2904998	0.269638	0.730343	1.92036e-05
Muller_E	2905994	0.266141	0.733839	2.01845e-05
Muller_E	2907134	0.262138	0.737841	2.1306e-05
Muller_E	2908511	0.257303	0.742675	2.26589e-05
Muller_E	2909452	0.253999	0.745978	2.35823e-05
Muller_E	2910160	0.251512	0.748463	2.42764e-05
Muller_E	2911022	0.248486	0.751489	2.51207e-05
Muller_E	2911252	0.247678	0.752297	2.53458e-05
Muller_E	2911992	0.24508	0.754894	2.60698e-05
Muller_E	2914672	0.235669	0.764302	2.86858e-05
Muller_E	2915489	0.2328	0.76717	2.94815e-05
Muller_E	2918585	0.221929	0.778038	3.24881e-05
Muller_E	2919015	0.220419	0.779548	3.29046e-05
Muller_E	2919728	0.217916	0.782051	3.35946e-05
Muller_E	2919971	0.217062	0.782904	3.38296e-05
Muller_E	2921506	0.211672	0.788292	3.53117e-05
Muller_E	2922564	0.207957	0.792006	3.63311e-05
Muller_E	2922707	0.207455	0.792508	3.64687e-05
Muller_E	2924226	0.202122	0.797841	3.79286e-05
Muller_E	2925108	0.199025	0.800937	3.87745e-05
Muller_E	2925552	0.0382508	0.961605	0.000144139
Muller_E	2928855	0.195594	0.804367	3.91236e-05
Muller_E	2930674	0.194564	0.805397	3.90524e-05
Muller_E	2931258	0.194233	0.805728	3.90251e-05
Muller_E	2931592	0.194044	0.805917	3.90086e-05
Muller_E	2931798	0.193927	0.806034	3.8998e-05
Muller_E	2932326	0.0584765	0.941444	7.92301e-05
Muller_E	2945623	0.191732	0.808236	3.19926e-05
Muller_E	2945753	0.191713	0.808255	3.19187e-05
Muller_E	2945878	0.191696	0.808273	3.18475e-05
Muller_E	2946001	0.191678	0.80829	3.17774e-05
Muller_E	2955783	0.190283	0.809691	2.58853e-05
Muller_E	2957997	0.189967	0.810008	2.44651e-05
Muller_E	2959282	0.189784	0.810193	2.36261e-05
Muller_E	2959697	0.189725	0.810252	2.33528e-05
Muller_E	2959819	0.189707	0.81027	2.32722e-05
Muller_E	2960759	0.189573	0.810404	2.26483e-05
Muller_E	2961667	0.189443	0.810534	2.20402e-05
Muller_E	2961801	0.189424	0.810554	2.195e-05
Muller_E	2963254	0.189217	0.810762	2.09643e-05
Muller_E	2963568	0.189172	0.810807	2.07495e-05
Muller_E	2975263	0.187503	0.812485	1.22883e-05
Muller_E	2976725	0.187294	0.812694	1.11674e-05
Muller_E	2977784	0.187143	0.812846	1.03468e-05
Muller_E	2982473	0.186474	0.81352	6.62452e-06
Muller_E	2984283	0.434078	0.565922	3.12717e-07
Muller_E	2985483	0.185626	0.814369	5.3333e-06
Muller_E	2985658	0.18554	0.814455	5.3594e-06
Muller_E	2985908	0.185417	0.814578	5.39634e-06
Muller_E	2987685	0.0306352	0.969352	1.24888e-05
Muller_E	2992894	0.184231	0.815763	5.35355e-06
Muller_E	2993313	0.184206	0.815788	5.32215e-06
Muller_E	2993798	0.184177	0.815818	5.28435e-06
Muller_E	2994137	0.184157	0.815838	5.25701e-06
Muller_E	2994487	0.184136	0.815859	5.22799e-06
Muller_E	2994615	0.184128	0.815867	5.21718e-06
Muller_E	2995123	0.184098	0.815897	5.17319e-06
Muller_E	2995701	0.184063	0.815932	5.12106e-06
Muller_E	2996048	0.184042	0.815953	5.08871e-06
Muller_E	2996738	0.184001	0.815994	5.02202e-06
Muller_E	2996880	0.183992	0.816003	5.00791e-06
Muller_E	2997113	0.183978	0.816017	4.98446e-06
Muller_E	2999116	0.183858	0.816137	4.76811e-06
Muller_E	2999459	0.183838	0.816158	4.72841e-06
Muller_E	3001420	0.18372	0.816276	4.4865e-06
Muller_E	3001578	0.18371	0.816285	4.4659e-06
Muller_E	3001696	0.183703	0.816292	4.45041e-06
Muller_E	3002579	0.18365	0.816345	4.33159e-06
Muller_E	3003095	0.183619	0.816376	4.25977e-06
Muller_E	3003540	0.183593	0.816403	4.19641e-06
Muller_E	3004120	0.183558	0.816438	4.11188e-06
Muller_E	3005221	0.183492	0.816504	3.9453e-06
Muller_E	3007967	0.183327	0.81667	3.49495e-06
Muller_E	3012773	0.288934	0.711066	4.19634e-07
Muller_E	3013331	0.182971	0.817026	2.66736e-06
Muller_E	3013618	0.182937	0.81706	2.70799e-06
Muller_E	3014080	0.182881	0.817116	2.77224e-06
Muller_E	3014783	0.182797	0.8172	2.86731e-06
Muller_E	3016296	0.182615	0.817382	3.06087e-06
Muller_E	3017214	0.182505	0.817492	3.17096e-06
Muller_E	3018320	0.182372	0.817624	3.29622e-06
Muller_E	3018982	0.182293	0.817704	3.36733e-06
Muller_E	3019303	0.182254	0.817742	3.40077e-06
Muller_E	3019831	0.423543	0.576457	2.49714e-07
Muller_E	3021834	0.181369	0.818625	6.706e-06
Muller_E	3021944	0.181324	0.81867	6.8839e-06
Muller_E	3023127	0.180838	0.819153	8.7927e-06
Muller_E	3024474	0.180285	0.819704	1.09562e-05
Muller_E	3024813	0.180146	0.819843	1.1499e-05
Muller_E	3029421	0.178254	0.821727	1.88112e-05
Muller_E	3029834	0.413283	0.586716	1.57358e-06
Muller_E	3030101	0.177727	0.822249	2.32576e-05
Muller_E	3033200	0.173578	0.826354	6.74161e-05
Muller_E	3033901	0.17264	0.827283	7.74268e-05
Muller_E	3034073	0.17241	0.82751	7.98842e-05
Muller_E	3036032	0.169787	0.830105	0.000107908
Muller_E	3038305	0.166744	0.833115	0.000140503
Muller_E	3041816	0.162044	0.837765	0.000191017
Muller_E	3044683	0.158207	0.841561	0.000232415
Muller_E	3046757	0.155431	0.844307	0.000262446
Muller_E	3046887	0.155257	0.844479	0.000264331
Muller_E	3047900	0.153901	0.84582	0.000279026
Muller_E	3048135	0.153586	0.846131	0.000282438
Muller_E	3050664	0.150201	0.84948	0.000319208
Muller_E	3051698	0.148817	0.850849	0.000334272
Muller_E	3051968	0.148456	0.851206	0.000338208
Muller_E	3052635	0.147563	0.852089	0.000347937
Muller_E	3053197	0.245383	0.754582	3.49597e-05
Muller_E	3056428	0.138642	0.860572	0.000785781
Muller_E	3056712	0.137924	0.861252	0.000823738
Muller_E	3058398	0.133664	0.865287	0.00104972
Muller_E	3059687	0.130407	0.86837	0.00122322
Muller_E	3061511	0.1258	0.872731	0.00146983
Muller_E	3062406	0.123539	0.874869	0.00159131
Muller_E	3062537	0.123208	0.875182	0.00160912
Muller_E	3100018	0.0288317	0.964193	0.00697515
Muller_E	3100718	0.00395993	0.982668	0.0133721
Muller_E	3112367	0.022875	0.9691	0.00802461
Muller_E	3112987	0.0226515	0.969274	0.00807494
Muller_E	3113420	0.0224955	0.969394	0.0081101
Muller_E	3116107	0.0215274	0.970144	0.00832836
Muller_E	3119432	0.0203296	0.971072	0.00859868
Muller_E	3119714	0.0202281	0.97115	0.00862162
Muller_E	3120862	0.0198146	0.97147	0.00871502
Muller_E	3122265	0.0193093	0.971862	0.0088292
Muller_E	3123364	0.0189135	0.972168	0.00891867
Muller_E	3124138	0.0186348	0.972383	0.0089817
Muller_E	3127464	0.0174373	0.97331	0.0092527
Muller_E	3128767	0.0169682	0.973673	0.00935894
Muller_E	3128895	0.0169221	0.973708	0.00936937
Muller_E	3129611	0.0166644	0.973908	0.00942777
Muller_E	3129743	0.0166169	0.973945	0.00943854
Muller_E	3130171	0.0164628	0.974064	0.00947345
Muller_E	3131529	0.015974	0.974442	0.00958425
Muller_E	3137674	0.0137628	0.976151	0.0100862
Muller_E	3139976	0.0129346	0.976791	0.0102744
Muller_E	3143168	0.0117865	0.977678	0.0105356
Muller_E	3169152	0.00033705	0.976287	0.0233759
Muller_E	3170575	0.00237804	0.98489	0.0127324
Muller_E	3173857	0.00221497	0.98491	0.0128751
Muller_E	3192801	0.00127254	0.98503	0.0136976
Muller_E	3194086	0.00120854	0.985038	0.0137533
Muller_E	3194230	0.00120137	0.985039	0.0137596
Muller_E	3207603	0.000534748	0.985126	0.0143389
Muller_E	3207708	0.000529509	0.985127	0.0143434
Muller_E	3208070	0.00051145	0.985129	0.0143591
Muller_E	3208369	0.000496533	0.985131	0.014372
Muller_E	3208507	0.000489648	0.985132	0.014378
Muller_E	3208706	0.000479719	0.985134	0.0143866
Muller_E	3210124	0.000408965	0.985143	0.014448
Muller_E	3211254	0.000352573	0.985151	0.0144969
Muller_E	3212088	0.000310948	0.985156	0.014533
Muller_E	3216063	2.40256e-05	0.974039	0.0259367
Muller_E	3216461	0.000108224	0.985178	0.0147139
Muller_E	3217109	0.000101257	0.98517	0.0147285
Muller_E	3217441	9.76863e-05	0.985166	0.014736
Muller_E	3217706	9.48354e-05	0.985163	0.014742
Muller_E	3217825	9.3555e-05	0.985162	0.0147447
Muller_E	3218354	8.7862e-05	0.985155	0.0147567
Muller_E	3219292	7.7762e-05	0.985144	0.0147779
Muller_E	3219763	7.26879e-05	0.985139	0.0147885
Muller_E	3221459	5.44028e-05	0.985119	0.0148268
Muller_E	3222112	7.41899e-06	0.973	0.0269931
Muller_E	3223012	4.59094e-05	0.985104	0.0148498
Muller_E	3223549	4.50428e-05	0.9851	0.0148547
Muller_E	3224815	4.29907e-05	0.985091	0.0148664
Muller_E	3226800	3.97474e-05	0.985076	0.0148845
Muller_E	3229718	3.49229e-05	0.985054	0.0149112
Muller_E	3240322	1.68203e-05	0.984976	0.0150074
Muller_E	3240918	5.0052e-06	0.975035	0.0249598
Muller_E	3241273	1.56112e-05	0.984971	0.015013
Muller_E	3247835	1.23782e-05	0.984971	0.0150165
Muller_E	3251442	1.04549e-05	0.984971	0.0150183
Muller_E	3252203	1.00359e-05	0.984971	0.0150187
Muller_E	3254014	9.02018e-06	0.984971	0.0150195
Muller_E	3254518	8.73284e-06	0.984972	0.0150197
Muller_E	3255141	8.37487e-06	0.984972	0.01502
Muller_E	3255365	8.24541e-06	0.984972	0.0150201
Muller_E	3259142	6.00219e-06	0.984972	0.0150218
Muller_E	3259935	5.51677e-06	0.984972	0.0150221
Muller_E	3262497	3.91423e-06	0.984973	0.0150231
Muller_E	3263708	3.13853e-06	0.984973	0.0150236
Muller_E	3264644	3.51759e-07	0.972423	0.0275769
Muller_E	3266132	2.54198e-06	0.984988	0.0150094
Muller_E	3266579	2.54183e-06	0.984992	0.015005
Muller_E	3266806	2.54115e-06	0.984995	0.0150028
Muller_E	3269029	2.51274e-06	0.985017	0.014981
Muller_E	3271700	2.42648e-06	0.985043	0.0149547
Muller_E	3271881	2.41858e-06	0.985045	0.0149529
Muller_E	3273894	2.31306e-06	0.985065	0.0149331
Muller_E	3275081	2.23569e-06	0.985076	0.0149214
Muller_E	3275989	2.16892e-06	0.985085	0.0149125
Muller_E	3278049	1.99305e-06	0.985106	0.0148921
Muller_E	3280894	1.6945e-06	0.985134	0.0148639
Muller_E	3282107	2.14172e-07	0.972726	0.027274
Muller_E	3282973	1.75778e-06	0.985167	0.0148311
Muller_E	3284532	2.12111e-06	0.985204	0.0147937
Muller_E	3291321	3.4774e-06	0.985366	0.0146305
Muller_E	3291878	3.57236e-06	0.985379	0.0146171
Muller_E	3293351	3.81157e-06	0.985415	0.0145816
Muller_E	3293759	3.87477e-06	0.985424	0.0145718
Muller_E	3304917	5.08847e-06	0.985692	0.0143025
Muller_E	3306663	5.18853e-06	0.985735	0.0142603
Muller_E	3306880	5.19927e-06	0.98574	0.014255
Muller_E	3310127	5.31505e-06	0.985818	0.0141764
Muller_E	3312301	5.34555e-06	0.985871	0.0141238
Muller_E	3312718	1.83673e-06	0.976877	0.0231215
Muller_E	3318766	1.16237e-06	0.974761	0.0252375
Muller_E	3323588	1.95703e-05	0.986507	0.0134732
Muller_E	3324201	2.10963e-05	0.986555	0.0134243
Muller_E	3324656	2.22272e-05	0.98659	0.0133881
Muller_E	3325091	2.33068e-05	0.986623	0.0133534
Muller_E	3326084	2.57658e-05	0.9867	0.0132742
Muller_E	3326190	2.60278e-05	0.986708	0.0132657
Muller_E	3330218	3.59204e-05	0.98702	0.0129444
Muller_E	3334866	4.71785e-05	0.987379	0.0125735
Muller_E	3337545	5.3591e-05	0.987587	0.0123596
Muller_E	3340268	6.00514e-05	0.987798	0.0121422
Muller_E	3340480	6.0552e-05	0.987814	0.0121253
Muller_E	3410593	0.000206815	0.993286	0.00650681
Muller_E	3431230	0.000242516	0.994912	0.00484579
Muller_E	3437416	0.000252563	0.9954	0.00434724
Muller_E	3456916	0.00028226	0.996944	0.00277371
Muller_E	3457694	0.000283382	0.997006	0.00271087
Muller_E	3459001	0.000285257	0.997109	0.00260529
Muller_E	3462300	0.000545897	0.999172	0.000282398
Muller_E	3464519	0.000289808	0.997391	0.00231921
Muller_E	3464673	0.000289798	0.997392	0.00231785
Muller_E	3477602	0.000288286	0.997508	0.00220334
Muller_E	3525631	0.000270859	0.997963	0.00176614
Muller_E	3546828	0.000715388	0.998947	0.00033745
Muller_E	3557059	0.000218347	0.998207	0.00157448
Muller_E	3566467	0.00018183	0.998238	0.00158035
Muller_E	3572057	0.000159794	0.998257	0.00158351
Muller_E	3572168	0.000159354	0.998257	0.00158357
Muller_E	3579272	0.00013098	0.998282	0.00158721
Muller_E	3579502	1.66506e-05	0.997016	0.00296739
Muller_E	3582419	0.000131349	0.99829	0.00157905
Muller_E	3590131	4.25867e-05	0.99734	0.00261752
Muller_E	3605233	0.000175779	0.998366	0.00145822
Muller_E	3610748	0.000190417	0.998388	0.00142174
Muller_E	3611776	0.000193118	0.998392	0.00141492
Muller_E	3615071	0.000201719	0.998405	0.00139298
Muller_E	3617701	4.27155e-05	0.997491	0.00246651
Muller_E	3617818	0.000210151	0.998416	0.00137389
Muller_E	3617948	0.000211963	0.998416	0.00137221
Muller_E	3623404	0.000287864	0.998411	0.0013015
Muller_E	3630035	0.000379795	0.998405	0.00121524
Muller_E	3631532	8.28454e-05	0.997775	0.00214258
Muller_E	3634067	0.000571171	0.998294	0.00113526
Muller_E	3642157	0.00111555	0.997942	0.000942072
Muller_E	3643438	0.00120171	0.997887	0.000911442
Muller_E	3645674	0.00135208	0.99779	0.000857953
Muller_E	3652519	0.00181221	0.997494	0.000694006
Muller_E	3655257	0.00199617	0.997375	0.000628343
Muller_E	3657953	0.00217726	0.997259	0.00056364
Muller_E	3660200	0.00232816	0.997162	0.000509677
Muller_E	3665461	0.00268134	0.996935	0.000383204
Muller_E	3670065	0.00563517	0.994335	3.01459e-05
Muller_E	3757777	0.00605324	0.993904	4.29309e-05
Muller_E	3766114	0.0063412	0.993641	1.79383e-05
Muller_E	3770199	0.0064821	0.993512	5.49097e-06
Muller_E	3771242	0.0373204	0.962679	1.73864e-07
Muller_E	3775369	0.0120786	0.987921	1.90844e-07
Muller_E	3781958	0.0064911	0.993507	2.01212e-06
Muller_E	3788305	0.00645868	0.993539	2.28337e-06
Muller_E	3788531	0.00645752	0.99354	2.28706e-06
Muller_E	3788717	0.00645656	0.993541	2.28978e-06
Muller_E	3791492	0.00644228	0.993555	2.29735e-06
Muller_E	3791929	0.00644002	0.993558	2.2929e-06
Muller_E	3794089	0.0192557	0.980744	3.66447e-07
Muller_E	3798034	0.00633351	0.993662	4.06239e-06
Muller_E	3805877	0.00614361	0.993849	7.29746e-06
Muller_E	3808116	0.00608931	0.993903	8.13028e-06
Muller_E	3837593	0.00537065	0.994614	1.5336e-05
Muller_E	3889492	0.00408843	0.995901	1.10262e-05
Muller_E	3892070	0.00402418	0.995966	1.02463e-05
Muller_E	3892768	0.00400677	0.995983	1.00259e-05
Muller_E	3893846	0.00397988	0.99601	9.67784e-06
Muller_E	3895236	0.00394519	0.996046	9.2152e-06
Muller_E	3896701	0.00731539	0.992684	1.05895e-06
Muller_E	3964144	0.000671521	0.999297	3.18599e-05
Muller_E	3964249	0.000666453	0.999302	3.18673e-05
Muller_E	3964701	0.000644634	0.999323	3.18984e-05
Muller_E	3965335	0.000614027	0.999354	3.19392e-05
Muller_E	3965537	0.000109557	0.999832	5.81401e-05
Muller_E	3971184	0.000556263	0.999414	2.96392e-05
Muller_E	4005791	0.000256397	0.999734	9.83149e-06
Muller_E	4007537	6.23515e-05	0.999923	1.4935e-05
Muller_E	4008073	0.000239999	0.999752	7.8678e-06
Muller_E	4008732	0.000238751	0.999754	6.99481e-06
Muller_E	4009275	0.00023772	0.999756	6.27285e-06
Muller_E	4009794	0.000236732	0.999758	5.58057e-06
Muller_E	4010462	0.000235458	0.99976	4.68633e-06
Muller_E	4011246	0.000233957	0.999762	3.6322e-06
Muller_E	4011350	0.000787622	0.999212	3.01048e-07
Muller_E	4011743	0.000230725	0.999766	3.49269e-06
Muller_E	4012926	0.000221586	0.999775	3.48726e-06
Muller_E	4015010	0.00020546	0.999791	3.45012e-06
Muller_E	4015956	0.000198128	0.999798	3.42166e-06
Muller_E	4016731	0.000192116	0.999804	3.39295e-06
Muller_E	4017133	0.000188996	0.999808	3.37614e-06
Muller_E	4017640	0.000185058	0.999812	3.35307e-06
Muller_E	4021078	0.000158305	0.999839	3.14175e-06
Muller_E	4021876	0.000152081	0.999845	3.07901e-06
Muller_E	4022513	0.00014711	0.99985	3.02523e-06
Muller_E	4022928	0.000143869	0.999853	2.98843e-06
Muller_E	4024532	0.00013133	0.999866	2.83307e-06
Muller_E	4024639	0.000130493	0.999867	2.82197e-06
Muller_E	4025270	0.000125554	0.999872	2.75459e-06
Muller_E	4027169	0.000206961	0.999793	3.28601e-07
Muller_E	4027437	2.64805e-05	0.999969	4.6299e-06
Muller_E	4027764	0.000105557	0.999892	2.70923e-06
Muller_E	4029270	0.000100199	0.999897	3.0049e-06
Muller_E	4032202	8.97152e-05	0.999907	3.52786e-06
Muller_E	4032327	8.92667e-05	0.999907	3.54861e-06
Muller_E	4033521	8.49761e-05	0.999911	3.74042e-06
Muller_E	4033797	8.39827e-05	0.999912	3.78312e-06
Muller_E	4036360	7.47279e-05	0.999921	4.15014e-06
Muller_E	4037138	7.1908e-05	0.999924	4.25103e-06
Muller_E	4037610	7.01949e-05	0.999925	4.30985e-06
Muller_E	4040496	5.96809e-05	0.999936	4.63024e-06
Muller_E	4040949	5.80244e-05	0.999937	4.67441e-06
Muller_E	4045900	6.37013e-06	0.999984	9.29007e-06
Muller_E	4046078	3.97534e-05	0.999955	5.02685e-06
Muller_E	4046843	3.94979e-05	0.999956	4.92957e-06
Muller_E	4047581	3.9247e-05	0.999956	4.83124e-06
Muller_E	4048275	3.9007e-05	0.999956	4.73475e-06
Muller_E	4048700	3.88581e-05	0.999956	4.67373e-06
Muller_E	4053592	3.7039e-05	0.999959	3.86606e-06
Muller_E	4056223	3.59805e-05	0.999961	3.35153e-06
Muller_E	4056545	3.58471e-05	0.999961	3.28471e-06
Muller_E	4056951	3.56777e-05	0.999961	3.19926e-06
Muller_E	4057601	3.54037e-05	0.999962	3.05968e-06
Muller_E	4057720	3.53532e-05	0.999962	3.03375e-06
Muller_E	4058043	3.52154e-05	0.999962	2.96281e-06
Muller_E	4058149	3.517e-05	0.999962	2.93934e-06
Muller_E	4058704	3.49309e-05	0.999962	2.81499e-06
Muller_E	4059417	3.46201e-05	0.999963	2.65157e-06
Muller_E	4059965	3.43784e-05	0.999963	2.52317e-06
Muller_E	4061381	3.37426e-05	0.999964	2.18014e-06
Muller_E	4061745	3.35765e-05	0.999964	2.08934e-06
Muller_E	4062020	3.34504e-05	0.999965	2.02003e-06
Muller_E	4062507	5.9696e-06	0.999991	3.45103e-06
Muller_E	4062941	3.36608e-05	0.999965	1.67699e-06
Muller_E	4064035	3.47514e-05	0.999964	1.11872e-06
Muller_E	4064680	6.64608e-05	0.999933	9.57589e-08
Muller_E	4064829	3.54424e-05	0.999964	7.82762e-07
Muller_E	4065474	3.56676e-05	0.999964	7.70868e-07
Muller_E	4065574	3.57022e-05	0.999964	7.68722e-07
Muller_E	4066028	3.58583e-05	0.999963	7.57962e-07
Muller_E	4067541	3.63664e-05	0.999963	7.10052e-07
Muller_E	4067967	3.65061e-05	0.999963	6.93218e-07
Muller_E	4068535	6.65401e-05	0.999933	1.24587e-07
Muller_E	4069245	3.65839e-05	0.999963	7.85151e-07
Muller_E	4070105	3.64497e-05	0.999963	9.20997e-07
Muller_E	4071088	3.6289e-05	0.999963	1.06894e-06
Muller_E	4071641	5.07321e-06	0.999993	2.1365e-06
Muller_E	4072126	3.72219e-05	0.999962	1.16721e-06
Muller_E	4072768	3.85781e-05	0.99996	1.18875e-06
Muller_E	4072973	3.90104e-05	0.99996	1.19493e-06
Muller_E	4073359	3.98236e-05	0.999959	1.20563e-06
Muller_E	4075135	4.35495e-05	0.999955	1.23934e-06
Muller_E	4075254	4.37982e-05	0.999955	1.24069e-06
Muller_E	4076053	4.54653e-05	0.999953	1.24675e-06
Muller_E	4077160	4.77665e-05	0.999951	1.24661e-06
Muller_E	4078165	4.98471e-05	0.999949	1.23789e-06
Muller_E	4078690	7.94698e-06	0.99999	2.26833e-06
Muller_E	4078900	5.38313e-05	0.999945	1.20621e-06
Muller_E	4079010	5.53504e-05	0.999943	1.19357e-06
Muller_E	4079297	5.93136e-05	0.99994	1.16011e-06
Muller_E	4081728	9.28565e-05	0.999906	8.49996e-07
Muller_E	4082079	0.000181332	0.999819	1.15179e-07
Muller_E	4083988	0.000111786	0.999887	1.01095e-06
Muller_E	4085715	0.000124507	0.999874	1.17522e-06
Muller_E	4089306	0.000150882	0.999848	1.43948e-06
Muller_E	4089803	0.000154525	0.999844	1.46783e-06
Muller_E	4092778	0.000176284	0.999822	1.5957e-06
Muller_E	4092894	0.000177131	0.999821	1.59923e-06
Muller_E	4098915	0.000220945	0.999777	1.63309e-06
Muller_E	4109650	0.000298333	0.999701	9.653e-07
Muller_E	4113217	0.000323841	0.999676	5.36911e-07
Muller_E	4113538	0.000326132	0.999673	4.93308e-07
Muller_E	4114422	0.00103141	0.998969	5.345e-08
Muller_E	4114803	0.000333114	0.999667	3.8531e-07
Muller_E	4115118	0.000333674	0.999666	3.97975e-07
Muller_E	4116856	0.000336752	0.999663	4.53407e-07
Muller_E	4117074	0.000337136	0.999662	4.58634e-07
Muller_E	4117473	0.000337838	0.999662	4.67205e-07
Muller_E	4118970	0.000340462	0.999659	4.8787e-07
Muller_E	4121851	0.00034546	0.999654	4.76583e-07
Muller_E	4122071	0.000345839	0.999654	4.7296e-07
Muller_E	4122393	0.000346392	0.999653	4.6695e-07
Muller_E	4122818	0.000347122	0.999652	4.57732e-07
Muller_E	4124318	0.00065955	0.99934	4.6835e-08
Muller_E	4124418	0.000349693	0.99965	4.36448e-07
Muller_E	4126492	0.000349826	0.999649	8.93883e-07
Muller_E	4127527	0.000349879	0.999649	1.10913e-06
Muller_E	4127720	0.000349888	0.999649	1.14831e-06
Muller_E	4128101	0.000349905	0.999649	1.22477e-06
Muller_E	4128234	0.00034991	0.999649	1.25118e-06
Muller_E	4130334	0.000349979	0.999648	1.64926e-06
Muller_E	4132221	0.000350011	0.999648	1.9765e-06
Muller_E	4134741	0.000350008	0.999648	2.36857e-06
Muller_E	4134982	0.000350005	0.999648	2.40337e-06
Muller_E	4136547	0.000349975	0.999647	2.61792e-06
Muller_E	4140224	0.000349825	0.999647	3.044e-06
Muller_E	4140902	0.000349785	0.999647	3.11061e-06
Muller_E	4141485	0.000349748	0.999647	3.16491e-06
Muller_E	4143836	0.000349571	0.999647	3.35597e-06
Muller_E	4144350	0.000349526	0.999647	3.39178e-06
Muller_E	4144848	8.55297e-05	0.999905	9.30448e-06
Muller_E	4150850	0.000375577	0.999622	2.14819e-06
Muller_E	4151927	0.000714391	0.999285	2.27526e-07
Muller_E	4154621	0.000385182	0.999612	2.39457e-06
Muller_E	4159745	0.000394441	0.999602	3.1953e-06
Muller_E	4159958	0.000394821	0.999602	3.22398e-06
Muller_E	4160923	0.000396539	0.9996	3.34934e-06
Muller_E	4161787	0.000398071	0.999598	3.45518e-06
Muller_E	4162162	0.000398734	0.999598	3.49923e-06
Muller_E	4163984	0.00040194	0.999594	3.69709e-06
Muller_E	4164218	0.000402349	0.999594	3.72055e-06
Muller_E	4164859	0.000403469	0.999593	3.78255e-06
Muller_E	4165033	0.000403773	0.999592	3.79881e-06
Muller_E	4165157	0.000403989	0.999592	3.81024e-06
Muller_E	4165383	0.000404383	0.999592	3.83076e-06
Muller_E	4165808	0.000405122	0.999591	3.86824e-06
Muller_E	4165958	0.000405382	0.999591	3.88111e-06
Muller_E	4166062	0.000405563	0.999591	3.88993e-06
Muller_E	4166243	0.000405877	0.99959	3.90508e-06
Muller_E	4166628	0.000406543	0.99959	3.9364e-06
Muller_E	4168755	0.000410206	0.999586	4.08785e-06
Muller_E	4172546	0.000416643	0.999579	4.26698e-06
Muller_E	4172827	0.000417115	0.999579	4.27562e-06
Muller_E	4173860	0.000418847	0.999577	4.30191e-06
Muller_E	4176100	0.000422572	0.999573	4.32925e-06
Muller_E	4176326	0.000422945	0.999573	4.32975e-06
Muller_E	4176826	0.00042377	0.999572	4.32939e-06
Muller_E	4177022	6.59553e-05	0.999926	7.98726e-06
Muller_E	4178339	0.000444019	0.999552	4.08781e-06
Muller_E	4178608	0.000448088	0.999548	4.03688e-06
Muller_E	4179326	0.000458944	0.999537	3.89808e-06
Muller_E	4180712	0.000479888	0.999516	3.61834e-06
Muller_E	4180966	0.000483724	0.999513	3.56539e-06
Muller_E	4184926	0.00054347	0.999454	2.67236e-06
Muller_E	4185178	0.000547268	0.99945	2.61124e-06
Muller_E	4185319	0.000549393	0.999448	2.57682e-06
Muller_E	4185532	0.000552602	0.999445	2.52451e-06
Muller_E	4187632	0.000584224	0.999414	1.98916e-06
Muller_E	4188227	0.000593177	0.999405	1.831e-06
Muller_E	4188670	0.000599841	0.999398	1.71138e-06
Muller_E	4192621	0.00113574	0.998864	1.58588e-07
Muller_E	4193546	0.000667071	0.999332	5.16279e-07
Muller_E	4194407	0.000674386	0.999325	4.56065e-07
Muller_E	4195783	0.000686063	0.999314	3.47379e-07
Muller_E	4196010	0.000687988	0.999312	3.27977e-07
Muller_E	4197440	0.00129317	0.998707	2.97595e-08
Muller_E	4198223	0.00070336	0.999296	2.1996e-07
Muller_E	4199021	0.000706672	0.999293	2.39107e-07
Muller_E	4199203	0.000707427	0.999292	2.42752e-07
Muller_E	4199424	0.000708343	0.999291	2.46817e-07
Muller_E	4199639	0.000709234	0.999291	2.50394e-07
Muller_E	4199983	0.000710658	0.999289	2.55337e-07
Muller_E	4203293	0.00137698	0.998623	2.47926e-08
Muller_E	4205814	0.000727592	0.999272	8.86571e-07
Muller_E	4206134	0.000728004	0.999271	9.63191e-07
Muller_E	4207588	0.000729866	0.999269	1.3009e-06
Muller_E	4210680	0.000733769	0.999264	1.96218e-06
Muller_E	4210928	0.000734078	0.999264	2.01186e-06
Muller_E	4211312	0.000734557	0.999263	2.08782e-06
Muller_E	4211755	0.000735107	0.999263	2.17396e-06
Muller_E	4213444	0.000737192	0.99926	2.48781e-06
Muller_E	4216650	0.000741085	0.999256	3.02006e-06
Muller_E	4217058	0.000741575	0.999255	3.08183e-06
Muller_E	4217453	0.000742047	0.999255	3.14034e-06
Muller_E	4217565	0.000742181	0.999255	3.15671e-06
Muller_E	4217669	0.000742305	0.999255	3.17181e-06
Muller_E	4217825	0.000742491	0.999254	3.1943e-06
Muller_E	4218923	0.000743795	0.999253	3.34702e-06
Muller_E	4225215	0.000751079	0.999245	4.03406e-06
Muller_E	4232774	0.000759406	0.999236	4.43582e-06
Muller_E	4235298	0.000762083	0.999233	4.467e-06
Muller_E	4245993	0.000772857	0.999223	4.02711e-06
Muller_E	4252835	0.000779265	0.999217	3.26022e-06
Muller_E	4253725	0.000780071	0.999217	3.13263e-06
Muller_E	4256197	0.00147596	0.998524	3.07018e-07
Muller_E	4261234	0.000774999	0.99922	4.81203e-06
Muller_E	4262892	0.000772559	0.999222	5.44765e-06
Muller_E	4263238	0.000772047	0.999222	5.57749e-06
Muller_E	4263588	0.000771529	0.999223	5.70784e-06
Muller_E	4264621	0.0014462	0.998553	7.33156e-07
Muller_E	4266950	0.000759766	0.999226	1.41862e-05
Muller_E	4267529	0.000757217	0.999227	1.6193e-05
Muller_E	4276223	0.000718617	0.999235	4.6e-05
Muller_E	4311688	0.00055484	0.999284	0.000161268
Muller_E	4311965	0.000553521	0.999284	0.000162128
Muller_E	4312254	0.000552144	0.999285	0.000163025
Muller_E	4312510	0.000550924	0.999285	0.000163819
Muller_E	4334492	0.00044417	0.999326	0.00023002
Muller_E	4352032	0.00035619	0.999364	0.000280045
Muller_E	4353438	0.00034903	0.999367	0.000283947
Muller_E	4356857	0.000331552	0.999375	0.000293371
Muller_E	4360054	7.49402e-05	0.999092	0.000833154
Muller_E	4374783	0.000310022	0.999388	0.000301847
Muller_E	4374946	0.000309956	0.999388	0.000301834
Muller_E	4381350	0.000307181	0.999392	0.00030117
Muller_E	4558836	9.82762e-05	0.999751	0.000150734
Muller_E	4562012	2.32174e-05	0.999722	0.000254741
Muller_E	4564083	9.25678e-05	0.999768	0.000139186
Muller_E	4564194	9.25857e-05	0.999769	0.000138835
Muller_E	4568491	9.32002e-05	0.999782	0.000125161
Muller_E	4569115	9.3277e-05	0.999784	0.000123163
Muller_E	4569749	1.50884e-05	0.999613	0.000371639
Muller_E	4570340	9.57654e-05	0.999789	0.000115071
Muller_E	4571890	0.000102082	0.999799	9.91662e-05
Muller_E	4572624	0.000105066	0.999803	9.16279e-05
Muller_E	4573491	0.000108586	0.999809	8.2718e-05
Muller_E	4573809	0.000109876	0.999811	7.94485e-05
Muller_E	4577361	0.000124223	0.999833	4.28736e-05
Muller_E	4577462	0.000124629	0.999834	4.18321e-05
Muller_E	4578308	0.000128031	0.999839	3.31052e-05
Muller_E	4580664	0.000137473	0.999854	8.7714e-06
Muller_E	4580954	0.000257069	0.999742	8.39712e-07
Muller_E	4581769	0.00014024	0.999855	4.55685e-06
Muller_E	4581909	0.000140516	0.999855	4.34739e-06
Muller_E	4583019	0.000142696	0.999855	2.68104e-06
Muller_E	4583393	0.000269026	0.999731	2.62687e-07
Muller_E	4583516	0.000143513	0.999854	2.09978e-06
Muller_E	4584473	0.00014417	0.999854	1.95895e-06
Muller_E	4589180	0.000147293	0.999852	1.15836e-06
Muller_E	4590247	0.000277865	0.999722	1.16107e-07
Muller_E	4591539	0.000147504	0.999851	1.10048e-06
Muller_E	4593253	2.29169e-05	0.999975	2.35447e-06
Muller_E	4593508	0.000147804	0.999851	1.27691e-06
Muller_E	4593974	0.00014953	0.999849	1.27596e-06
Muller_E	4595111	0.000153735	0.999845	1.26625e-06
Muller_E	4595303	0.000154444	0.999844	1.26358e-06
Muller_E	4597548	0.000162712	0.999836	1.21018e-06
Muller_E	4597833	0.000163759	0.999835	1.20048e-06
Muller_E	4600306	0.000172814	0.999826	1.08871e-06
Muller_E	4607273	0.000198057	0.999801	5.07587e-07
Muller_E	4607398	0.000198506	0.999801	4.93572e-07
Muller_E	4610441	0.00038978	0.99961	1.56744e-08
Muller_E	4611041	0.000210377	0.99979	1.14405e-07
Muller_E	4611562	0.000211218	0.999789	1.12951e-07
Muller_E	4611697	0.000211435	0.999788	1.12215e-07
Muller_E	4612447	0.000404433	0.999596	1.02983e-08
Muller_E	4612733	0.000212715	0.999787	1.49697e-07
Muller_E	4612927	0.000212765	0.999787	1.79337e-07
Muller_E	4613148	0.000212822	0.999787	2.12732e-07
Muller_E	4614502	0.000213158	0.999786	4.08699e-07
Muller_E	4615888	0.000213487	0.999786	5.93923e-07
Muller_E	4616173	0.000213553	0.999786	6.30082e-07
Muller_E	4616508	0.000213629	0.999786	6.71744e-07
Muller_E	4616663	0.000213664	0.999786	6.90713e-07
Muller_E	4618190	0.000213999	0.999785	8.6719e-07
Muller_E	4619781	0.000214328	0.999785	1.03098e-06
Muller_E	4622166	0.000214783	0.999784	1.23812e-06
Muller_E	4626314	0.000215464	0.999783	1.48867e-06
Muller_E	4626864	0.000215544	0.999783	1.51143e-06
Muller_E	4627368	0.000215615	0.999783	1.53014e-06
Muller_E	4627488	0.000215632	0.999783	1.53429e-06
Muller_E	4633961	0.000216355	0.999782	1.58542e-06
Muller_E	4635834	0.000216501	0.999782	1.53693e-06
Muller_E	4636452	0.000216543	0.999782	1.51469e-06
Muller_E	4637295	0.000216595	0.999782	1.47938e-06
Muller_E	4640891	0.000216753	0.999782	1.26412e-06
Muller_E	4645727	0.000216801	0.999782	8.09559e-07
Muller_E	4646376	0.000216793	0.999782	7.34144e-07
Muller_E	4646798	0.000404613	0.999595	9.10179e-08
Muller_E	4653320	0.000208336	0.99979	1.34312e-06
Muller_E	4656520	0.000204065	0.999794	1.54092e-06
Muller_E	4672665	0.000181248	0.999817	1.27446e-06
Muller_E	4674140	0.000179059	0.99982	1.14489e-06
Muller_E	4675745	0.000176656	0.999822	9.83897e-07
Muller_E	4676485	0.000175541	0.999824	9.02642e-07
Muller_E	4677110	0.000174596	0.999825	8.30561e-07
Muller_E	4677655	0.000327462	0.999672	8.81684e-08
Muller_E	4678986	0.000169281	0.99983	9.8465e-07
Muller_E	4680223	0.000165097	0.999834	1.17581e-06
Muller_E	4682403	0.000157693	0.999841	1.48255e-06
Muller_E	4682621	0.000272279	0.999727	4.00396e-07
Muller_E	4684270	0.000146854	0.999851	2.52196e-06
Muller_E	4685491	0.000139364	0.999857	3.25627e-06
Muller_E	4686019	0.000136121	0.99986	3.57008e-06
Muller_E	4687101	0.000129468	0.999866	4.20608e-06
Muller_E	4689628	0.000113895	0.99988	5.65456e-06
Muller_E	4690052	0.000111277	0.999883	5.89254e-06
Muller_E	4690344	0.000109473	0.999884	6.05558e-06
Muller_E	4690905	0.000106005	0.999888	6.36688e-06
Muller_E	4691125	0.000104645	0.999889	6.48827e-06
Muller_E	4691712	0.000101013	0.999892	6.81023e-06
Muller_E	4691999	9.9236e-05	0.999894	6.96663e-06
Muller_E	4692111	9.85424e-05	0.999894	7.02748e-06
Muller_E	4693234	9.15824e-05	0.999901	7.63203e-06
Muller_E	4693620	8.91878e-05	0.999903	7.83747e-06
Muller_E	4693753	8.83624e-05	0.999904	7.90797e-06
Muller_E	4694021	8.66988e-05	0.999905	8.04961e-06
Muller_E	4694592	8.31524e-05	0.999908	8.34945e-06
Muller_E	4696429	7.1725e-05	0.999919	9.29616e-06
Muller_E	4696792	6.94637e-05	0.999921	9.48001e-06
Muller_E	4699402	5.31732e-05	0.999936	1.07705e-05
Muller_E	4700957	1.44691e-05	0.999966	1.91919e-05
Muller_E	4702606	4.01126e-05	0.999948	1.18205e-05
Muller_E	4708142	2.87764e-05	0.999959	1.26917e-05
Muller_E	4712097	3.21658e-06	0.999973	2.42617e-05
Muller_E	4713898	2.03544e-05	0.999967	1.2816e-05
Muller_E	4714194	2.03238e-05	0.999967	1.27565e-05
Muller_E	4717094	1.99859e-05	0.999968	1.21371e-05
Muller_E	4717794	1.98941e-05	0.999968	1.19773e-05
Muller_E	4720564	1.94921e-05	0.999969	1.13063e-05
Muller_E	4722390	1.91931e-05	0.99997	1.083e-05
Muller_E	4727534	1.82056e-05	0.999972	9.34294e-06
Muller_E	4730688	1.74941e-05	0.999974	8.32521e-06
Muller_E	4731377	1.7328e-05	0.999975	8.09216e-06
Muller_E	4732944	1.69358e-05	0.999976	7.54783e-06
Muller_E	4738342	2.862e-05	0.999971	8.03054e-07
Muller_E	4739398	1.46435e-05	0.99998	5.80991e-06
Muller_E	4742492	1.22793e-05	0.999981	6.60601e-06
Muller_E	4745718	3.02754e-06	0.999985	1.24194e-05
Muller_E	4746457	9.64457e-06	0.999983	7.37002e-06
Muller_E	4748015	9.44625e-06	0.999983	7.39032e-06
Muller_E	4748352	9.40076e-06	0.999983	7.39212e-06
Muller_E	4748630	9.36255e-06	0.999983	7.39292e-06
Muller_E	4751071	9.00014e-06	0.999984	7.37303e-06
Muller_E	4751685	8.90138e-06	0.999984	7.36044e-06
Muller_E	4751817	8.87975e-06	0.999984	7.35733e-06
Muller_E	4752607	8.74735e-06	0.999984	7.33579e-06
Muller_E	4752773	8.71889e-06	0.999984	7.33062e-06
Muller_E	4753826	8.53314e-06	0.999984	7.29263e-06
Muller_E	4754671	1.56583e-05	0.999983	9.49948e-07
Muller_E	4756619	7.38608e-06	0.999983	9.41347e-06
Muller_E	4759191	6.02988e-06	0.999982	1.22154e-05
Muller_E	4761262	8.69718e-07	0.999973	2.63029e-05
Muller_E	4761866	4.94911e-06	0.99998	1.47429e-05
Muller_E	4761985	4.95865e-06	0.99998	1.48037e-05
Muller_E	4763545	5.07311e-06	0.999979	1.55898e-05
Muller_E	4764509	5.13398e-06	0.999979	1.60657e-05
