chrom	position	2,0	1,1	0,2
Muller_E	62882	0.351061	0.550191	0.0987473
Muller_E	267432	0.344167	0.566345	0.0894879
Muller_E	441230	0.338308	0.58014	0.0815518
Muller_E	511157	0.335949	0.585712	0.0783392
Muller_E	557879	0.334372	0.589442	0.0761861
Muller_E	581000	0.333591	0.59129	0.0751186
Muller_E	709108	0.329261	0.601561	0.0691789
Muller_E	768129	0.327262	0.60631	0.0664277
Muller_E	785241	0.326682	0.607689	0.0656282
Muller_E	787322	0.326612	0.607857	0.0655309
Muller_E	787424	0.326608	0.607865	0.0655262
Muller_E	788173	0.326583	0.607926	0.0654912
Muller_E	788750	0.326563	0.607972	0.0654642
Muller_E	788860	0.32656	0.607981	0.065459
Muller_E	791823	0.326459	0.60822	0.0653205
Muller_E	802257	0.326106	0.609062	0.0648324
Muller_E	893794	0.322999	0.616463	0.0605373
Muller_E	894300	0.322982	0.616504	0.0605135
Muller_E	896281	0.322915	0.616665	0.0604203
Muller_E	897287	0.322881	0.616746	0.0603729
Muller_E	897987	0.322857	0.616803	0.06034
Muller_E	901015	0.322754	0.617049	0.0601975
Muller_E	901718	0.32273	0.617106	0.0601644
Muller_E	923408	0.321993	0.618865	0.0591425
Muller_E	923675	0.321984	0.618886	0.0591299
Muller_E	924320	0.321962	0.618939	0.0590995
Muller_E	927795	0.321844	0.619221	0.0589357
Muller_E	948021	0.321156	0.620863	0.0579813
Muller_E	948230	0.321149	0.62088	0.0579714
Muller_E	958531	0.320798	0.621717	0.0574849
Muller_E	967701	0.320486	0.622462	0.0570515
Muller_E	969142	0.320437	0.622579	0.0569833
Muller_E	1033237	0.318254	0.6278	0.0539465
Muller_E	1120573	0.315272	0.63494	0.0497877
Muller_E	1123171	0.315183	0.635153	0.0496636
Muller_E	1146845	0.314373	0.637095	0.0485318
Muller_E	1148492	0.314317	0.63723	0.048453
Muller_E	1168315	0.313638	0.638858	0.0475038
Muller_E	1213395	0.312093	0.642566	0.0453403
Muller_E	1262309	0.310414	0.646601	0.042985
Muller_E	1275111	0.309974	0.647659	0.0423673
Muller_E	1275707	0.309954	0.647708	0.0423385
Muller_E	1314313	0.308625	0.650903	0.0404719
Muller_E	1318297	0.308488	0.651233	0.040279
Muller_E	1358440	0.307105	0.654563	0.0383319
Muller_E	1358616	0.307099	0.654578	0.0383234
Muller_E	1378824	0.306402	0.656257	0.0373411
Muller_E	1480336	0.30289	0.664726	0.0323838
Muller_E	1489232	0.302581	0.665471	0.0319476
Muller_E	1645912	0.297126	0.678659	0.0242142
Muller_E	1673398	0.296165	0.680987	0.0228476
Muller_E	1718642	0.29458	0.684829	0.0205914
Muller_E	1746815	0.29359	0.687227	0.0191822
Muller_E	1763447	0.293006	0.688646	0.0183488
Muller_E	1765039	0.29295	0.688781	0.018269
Muller_E	1765159	0.292945	0.688792	0.018263
Muller_E	1765369	0.292938	0.68881	0.0182524
Muller_E	1771226	0.292732	0.689309	0.0179586
Muller_E	1799036	0.291753	0.691686	0.0165615
Muller_E	1802542	0.291629	0.691986	0.0163852
Muller_E	1802678	0.291624	0.691997	0.0163783
Muller_E	1803039	0.291612	0.692028	0.0163602
Muller_E	1803347	0.291601	0.692054	0.0163447
Muller_E	1805518	0.291524	0.69224	0.0162355
Muller_E	1812938	0.291263	0.692875	0.0158619
Muller_E	1813040	0.44185	0.556724	0.0014262
Muller_E	1815234	0.291065	0.693073	0.0158612
Muller_E	1815907	0.291006	0.693131	0.0158626
Muller_E	1816383	0.290964	0.693172	0.0158636
Muller_E	1831501	0.289629	0.694477	0.0158935
Muller_E	1850978	0.287909	0.69616	0.0159305
Muller_E	1851905	0.287827	0.696241	0.0159323
Muller_E	1852166	0.287804	0.696263	0.0159327
Muller_E	1857635	0.287321	0.696736	0.0159428
Muller_E	1861157	0.28701	0.697041	0.0159492
Muller_E	1861336	0.286994	0.697056	0.0159496
Muller_E	1861880	0.286946	0.697104	0.0159506
Muller_E	1866595	0.286529	0.697512	0.0159591
Muller_E	1870209	0.28621	0.697825	0.0159655
Muller_E	1871973	0.286054	0.697977	0.0159686
Muller_E	1880064	0.285339	0.698679	0.0159828
Muller_E	1889333	0.284519	0.699482	0.0159987
Muller_E	1891195	0.284355	0.699644	0.0160018
Muller_E	1894320	0.284078	0.699915	0.016007
Muller_E	1900363	0.283544	0.700439	0.0160171
Muller_E	1904375	0.283189	0.700788	0.0160236
Muller_E	1915469	0.282207	0.701751	0.0160414
Muller_E	1927060	0.281182	0.702759	0.0160594
Muller_E	1932459	0.280704	0.703229	0.0160675
Muller_E	1944351	0.279651	0.704264	0.0160851
Muller_E	1946702	0.279443	0.704469	0.0160884
Muller_E	1961660	0.278118	0.705773	0.0161095
Muller_E	1975567	0.276885	0.706987	0.0161281
Muller_E	2011856	0.273668	0.71016	0.0161726
Muller_E	2013122	0.273555	0.710271	0.016174
Muller_E	2044597	0.270762	0.713031	0.0162076
Muller_E	2048236	0.270439	0.71335	0.0162112
Muller_E	2048434	0.270421	0.713368	0.0162114
Muller_E	2086567	0.267033	0.716722	0.0162453
Muller_E	2103366	0.265539	0.718203	0.0162581
Muller_E	2117584	0.264274	0.719458	0.016268
Muller_E	2126123	0.263514	0.720212	0.0162734
Muller_E	2135792	0.262654	0.721067	0.0162792
Muller_E	2140907	0.262198	0.72152	0.016282
Muller_E	2141169	0.262175	0.721543	0.0162822
Muller_E	2142715	0.262037	0.72168	0.016283
Muller_E	2145389	0.261799	0.721917	0.0162845
Muller_E	2146953	0.26166	0.722055	0.0162853
Muller_E	2147057	0.26165	0.722064	0.0162853
Muller_E	2201852	0.256766	0.726927	0.0163068
Muller_E	2204792	0.256504	0.727188	0.0163076
Muller_E	2219543	0.255188	0.728502	0.0163107
Muller_E	2220290	0.255121	0.728568	0.0163109
Muller_E	2241628	0.253216	0.730471	0.0163135
Muller_E	2243471	0.253051	0.730635	0.0163136
Muller_E	2531559	0.22719	0.756681	0.0161293
Muller_E	2693610	0.212522	0.771636	0.0158412
Muller_E	2696554	0.212255	0.77191	0.0158347
Muller_E	2706179	0.211381	0.772806	0.0158131
Muller_E	2713009	0.21076	0.773442	0.0157975
Muller_E	2716202	0.21047	0.77374	0.0157901
Muller_E	2721440	0.209994	0.774228	0.0157779
Muller_E	2735475	0.208718	0.775538	0.0157444
Muller_E	2763120	0.206202	0.778123	0.0156754
Muller_E	2777976	0.204848	0.779515	0.0156366
Muller_E	2779619	0.204698	0.779669	0.0156322
Muller_E	2787347	0.203994	0.780394	0.0156115
Muller_E	2788916	0.203851	0.780542	0.0156072
Muller_E	2795398	0.20326	0.78115	0.0155896
Muller_E	2798296	0.202996	0.781423	0.0155816
Muller_E	2799305	0.202904	0.781517	0.0155788
Muller_E	2800245	0.202818	0.781606	0.0155762
Muller_E	2800507	0.202794	0.78163	0.0155755
Muller_E	2800780	0.202769	0.781656	0.0155747
Muller_E	2800932	0.202755	0.78167	0.0155743
Muller_E	2801158	0.202735	0.781692	0.0155736
Muller_E	2805736	0.202317	0.782122	0.0155609
Muller_E	2807233	0.202181	0.782263	0.0155567
Muller_E	2807795	0.202129	0.782316	0.0155551
Muller_E	2808363	0.202077	0.782369	0.0155535
Muller_E	2809031	0.202017	0.782432	0.0155516
Muller_E	2809272	0.201995	0.782455	0.0155509
Muller_E	2809909	0.201936	0.782514	0.0155491
Muller_E	2811470	0.201794	0.782661	0.0155447
Muller_E	2811776	0.201766	0.78269	0.0155439
Muller_E	2812117	0.201735	0.782722	0.0155429
Muller_E	2815676	0.20141	0.783057	0.0155328
Muller_E	2816259	0.201357	0.783112	0.0155311
Muller_E	2817070	0.201283	0.783188	0.0155288
Muller_E	2817616	0.201233	0.78324	0.0155272
Muller_E	2819402	0.20107	0.783408	0.0155221
Muller_E	2820166	0.201	0.78348	0.0155199
Muller_E	2820386	0.20098	0.783501	0.0155193
Muller_E	2820775	0.200945	0.783537	0.0155181
Muller_E	2821135	0.200912	0.783571	0.0155171
Muller_E	2821440	0.200884	0.7836	0.0155162
Muller_E	2826939	0.200382	0.784118	0.0155003
Muller_E	2831172	0.199995	0.784517	0.0154879
Muller_E	2831515	0.199964	0.784549	0.0154869
Muller_E	2832336	0.199889	0.784627	0.0154844
Muller_E	2833070	0.199822	0.784696	0.0154823
Muller_E	2850717	0.19821	0.786361	0.0154294
Muller_E	2853215	0.197981	0.786597	0.0154218
Muller_E	2856496	0.197681	0.786907	0.0154117
Muller_E	2856945	0.19764	0.78695	0.0154103
Muller_E	2857481	0.197591	0.787	0.0154086
Muller_E	2858163	0.197529	0.787065	0.0154065
Muller_E	2859754	0.197383	0.787215	0.0154016
Muller_E	2859987	0.197362	0.787237	0.0154009
Muller_E	2862604	0.197123	0.787485	0.0153928
Muller_E	2866488	0.196767	0.787852	0.0153807
Muller_E	2867267	0.196696	0.787926	0.0153782
Muller_E	2868557	0.196578	0.788048	0.0153742
Muller_E	2870085	0.196438	0.788192	0.0153694
Muller_E	2870623	0.196389	0.788243	0.0153677
Muller_E	2876155	0.195883	0.788767	0.0153501
Muller_E	2877151	0.195792	0.788861	0.0153469
Muller_E	2886067	0.194976	0.789706	0.0153183
Muller_E	2886534	0.194933	0.78975	0.0153168
Muller_E	2887599	0.194835	0.789851	0.0153133
Muller_E	2887882	0.19481	0.789878	0.0153124
Muller_E	2888492	0.194754	0.789936	0.0153104
Muller_E	2888607	0.194743	0.789947	0.01531
Muller_E	2890000	0.194616	0.790079	0.0153055
Muller_E	2890387	0.19458	0.790116	0.0153042
Muller_E	2890907	0.194533	0.790165	0.0153025
Muller_E	2894764	0.194179	0.790531	0.0152899
Muller_E	2899098	0.193782	0.790942	0.0152756
Muller_E	2901481	0.193564	0.791168	0.0152677
Muller_E	2901643	0.193549	0.791184	0.0152671
Muller_E	2902627	0.193459	0.791277	0.0152639
Muller_E	2903432	0.193385	0.791353	0.0152612
Muller_E	2904998	0.193242	0.791502	0.0152559
Muller_E	2905994	0.193151	0.791597	0.0152526
Muller_E	2907134	0.193046	0.791705	0.0152488
Muller_E	2908511	0.19292	0.791836	0.0152442
Muller_E	2909452	0.192834	0.791925	0.015241
Muller_E	2910160	0.192769	0.791993	0.0152386
Muller_E	2911022	0.19269	0.792074	0.0152357
Muller_E	2911252	0.192669	0.792096	0.0152349
Muller_E	2911992	0.192601	0.792167	0.0152324
Muller_E	2914672	0.192355	0.792421	0.0152233
Muller_E	2915489	0.19228	0.792499	0.0152205
Muller_E	2918585	0.191997	0.792793	0.01521
Muller_E	2919015	0.191957	0.792834	0.0152085
Muller_E	2919728	0.191892	0.792902	0.0152061
Muller_E	2919971	0.191869	0.792925	0.0152052
Muller_E	2921506	0.191729	0.793071	0.0152
Muller_E	2922564	0.191632	0.793172	0.0151963
Muller_E	2922707	0.191619	0.793186	0.0151958
Muller_E	2924226	0.191479	0.79333	0.0151906
Muller_E	2925108	0.191398	0.793414	0.0151876
Muller_E	2925552	0.191358	0.793456	0.015186
Muller_E	2928855	0.191055	0.793771	0.0151746
Muller_E	2930674	0.190888	0.793944	0.0151682
Muller_E	2931258	0.190834	0.793999	0.0151662
Muller_E	2931592	0.190804	0.794031	0.015165
Muller_E	2931798	0.190785	0.794051	0.0151643
Muller_E	2932326	0.190736	0.794101	0.0151625
Muller_E	2945623	0.189516	0.795368	0.0151155
Muller_E	2945753	0.189504	0.795381	0.015115
Muller_E	2945878	0.189493	0.795393	0.0151146
Muller_E	2946001	0.189481	0.795404	0.0151141
Muller_E	2955783	0.188583	0.796338	0.0150789
Muller_E	2957997	0.18838	0.796549	0.0150709
Muller_E	2959282	0.188262	0.796672	0.0150662
Muller_E	2959697	0.188224	0.796712	0.0150647
Muller_E	2959819	0.188213	0.796723	0.0150642
Muller_E	2960759	0.188126	0.796813	0.0150608
Muller_E	2961667	0.188043	0.7969	0.0150575
Muller_E	2961801	0.18803	0.796913	0.015057
Muller_E	2963254	0.187897	0.797051	0.0150517
Muller_E	2963568	0.187868	0.797081	0.0150505
Muller_E	2975263	0.186793	0.798199	0.0150072
Muller_E	2976725	0.186659	0.798339	0.0150017
Muller_E	2977784	0.186562	0.798441	0.0149978
Muller_E	2982473	0.186131	0.798889	0.0149801
Muller_E	2984283	0.185964	0.799063	0.0149733
Muller_E	2985483	0.185854	0.799177	0.0149687
Muller_E	2985658	0.185838	0.799194	0.014968
Muller_E	2985908	0.185815	0.799218	0.0149671
Muller_E	2987685	0.185651	0.799388	0.0149603
Muller_E	2992894	0.185172	0.799887	0.0149404
Muller_E	2993313	0.185134	0.799928	0.0149388
Muller_E	2993798	0.185089	0.799974	0.014937
Muller_E	2994137	0.185058	0.800007	0.0149357
Muller_E	2994487	0.185026	0.80004	0.0149343
Muller_E	2994615	0.185014	0.800052	0.0149338
Muller_E	2995123	0.184967	0.800101	0.0149319
Muller_E	2995701	0.184914	0.800156	0.0149297
Muller_E	2996048	0.184882	0.80019	0.0149283
Muller_E	2996738	0.184818	0.800256	0.0149257
Muller_E	2996880	0.184805	0.800269	0.0149251
Muller_E	2997113	0.184784	0.800292	0.0149242
Muller_E	2999116	0.1846	0.800484	0.0149165
Muller_E	2999459	0.184568	0.800517	0.0149151
Muller_E	3001420	0.184388	0.800705	0.0149075
Muller_E	3001578	0.184373	0.80072	0.0149069
Muller_E	3001696	0.184362	0.800731	0.0149065
Muller_E	3002579	0.184281	0.800816	0.014903
Muller_E	3003095	0.184233	0.800865	0.014901
Muller_E	3003540	0.184193	0.800908	0.0148993
Muller_E	3004120	0.184139	0.800964	0.014897
Muller_E	3005221	0.184038	0.801069	0.0148927
Muller_E	3007967	0.183785	0.801333	0.014882
Muller_E	3012773	0.183343	0.801794	0.0148631
Muller_E	3013331	0.183291	0.801848	0.0148609
Muller_E	3013618	0.183265	0.801876	0.0148597
Muller_E	3014080	0.183222	0.80192	0.0148579
Muller_E	3014783	0.183157	0.801987	0.0148551
Muller_E	3016296	0.183018	0.802133	0.0148491
Muller_E	3017214	0.182934	0.802221	0.0148455
Muller_E	3018320	0.182832	0.802327	0.0148411
Muller_E	3018982	0.182771	0.802391	0.0148385
Muller_E	3019303	0.182741	0.802422	0.0148372
Muller_E	3019831	0.182693	0.802472	0.0148351
Muller_E	3021834	0.182508	0.802665	0.0148271
Muller_E	3021944	0.182498	0.802675	0.0148266
Muller_E	3023127	0.182389	0.802789	0.0148219
Muller_E	3024474	0.182265	0.802919	0.0148165
Muller_E	3024813	0.182234	0.802951	0.0148151
Muller_E	3029421	0.181809	0.803394	0.0147966
Muller_E	3029834	0.181771	0.803434	0.0147949
Muller_E	3030101	0.181746	0.80346	0.0147938
Muller_E	3033200	0.181461	0.803758	0.0147812
Muller_E	3033901	0.181396	0.803825	0.0147784
Muller_E	3034073	0.18138	0.803842	0.0147777
Muller_E	3036032	0.1812	0.804031	0.0147697
Muller_E	3038305	0.18099	0.804249	0.0147604
Muller_E	3041816	0.180666	0.804588	0.014746
Muller_E	3044683	0.180402	0.804864	0.0147342
Muller_E	3046757	0.180211	0.805064	0.0147256
Muller_E	3046887	0.180199	0.805076	0.0147251
Muller_E	3047900	0.180105	0.805174	0.0147209
Muller_E	3048135	0.180084	0.805196	0.0147199
Muller_E	3050664	0.17985	0.80544	0.0147094
Muller_E	3051698	0.179755	0.80554	0.0147051
Muller_E	3051968	0.17973	0.805566	0.014704
Muller_E	3052635	0.179669	0.80563	0.0147012
Muller_E	3053197	0.179617	0.805684	0.0146988
Muller_E	3056428	0.179319	0.805996	0.0146853
Muller_E	3056712	0.179292	0.806023	0.0146841
Muller_E	3058398	0.179137	0.806186	0.014677
Muller_E	3059687	0.179018	0.80631	0.0146716
Muller_E	3061511	0.17885	0.806486	0.0146639
Muller_E	3062406	0.178767	0.806573	0.0146601
Muller_E	3062537	0.178755	0.806585	0.0146596
Muller_E	3100018	0.175293	0.810211	0.014497
Muller_E	3100718	0.175228	0.810278	0.0144938
Muller_E	3112367	0.17415	0.811408	0.0144416
Muller_E	3112987	0.174093	0.811468	0.0144388
Muller_E	3113420	0.174053	0.81151	0.0144368
Muller_E	3116107	0.173804	0.811771	0.0144247
Muller_E	3119432	0.173497	0.812094	0.0144095
Muller_E	3119714	0.173471	0.812121	0.0144083
Muller_E	3120862	0.173364	0.812233	0.014403
Muller_E	3122265	0.173234	0.812369	0.0143966
Muller_E	3123364	0.173133	0.812476	0.0143916
Muller_E	3124138	0.173061	0.812551	0.014388
Muller_E	3127464	0.172753	0.812874	0.0143727
Muller_E	3128767	0.172632	0.813001	0.0143667
Muller_E	3128895	0.172621	0.813013	0.0143661
Muller_E	3129611	0.172554	0.813083	0.0143628
Muller_E	3129743	0.172542	0.813096	0.0143622
Muller_E	3130171	0.172502	0.813137	0.0143603
Muller_E	3131529	0.172377	0.813269	0.014354
Muller_E	3137674	0.171808	0.813867	0.0143254
Muller_E	3139976	0.171594	0.814091	0.0143147
Muller_E	3143168	0.171299	0.814402	0.0142997
Muller_E	3169152	0.168889	0.816935	0.0141757
Muller_E	3170575	0.168757	0.817074	0.0141688
Muller_E	3173857	0.168453	0.817394	0.0141528
Muller_E	3192801	0.166694	0.819246	0.0140594
Muller_E	3194086	0.166575	0.819372	0.014053
Muller_E	3194230	0.166561	0.819386	0.0140523
Muller_E	3207603	0.165319	0.820696	0.013985
Muller_E	3207708	0.165309	0.820707	0.0139844
Muller_E	3208070	0.165275	0.820742	0.0139826
Muller_E	3208369	0.165248	0.820771	0.0139811
Muller_E	3208507	0.165235	0.820785	0.0139804
Muller_E	3208706	0.165216	0.820804	0.0139794
Muller_E	3210124	0.165084	0.820943	0.0139721
Muller_E	3211254	0.164979	0.821054	0.0139664
Muller_E	3212088	0.164902	0.821136	0.0139621
Muller_E	3216063	0.164532	0.821526	0.0139418
Muller_E	3216461	0.164495	0.821565	0.0139398
Muller_E	3217109	0.164435	0.821629	0.0139365
Muller_E	3217441	0.164404	0.821661	0.0139348
Muller_E	3217706	0.164379	0.821687	0.0139334
Muller_E	3217825	0.164368	0.821699	0.0139328
Muller_E	3218354	0.164319	0.821751	0.0139301
Muller_E	3219292	0.164232	0.821843	0.0139252
Muller_E	3219763	0.164188	0.821889	0.0139228
Muller_E	3221459	0.16403	0.822056	0.0139141
Muller_E	3222112	0.16397	0.82212	0.0139107
Muller_E	3223012	0.163886	0.822208	0.0139061
Muller_E	3223549	0.163836	0.822261	0.0139033
Muller_E	3224815	0.163718	0.822385	0.0138967
Muller_E	3226800	0.163533	0.82258	0.0138865
Muller_E	3229718	0.163262	0.822867	0.0138713
Muller_E	3240322	0.162275	0.823909	0.0138158
Muller_E	3240918	0.162219	0.823968	0.0138126
Muller_E	3241273	0.162186	0.824003	0.0138108
Muller_E	3247835	0.161575	0.824649	0.013776
Muller_E	3251442	0.161239	0.825004	0.0137568
Muller_E	3252203	0.161168	0.825079	0.0137528
Muller_E	3254014	0.161	0.825257	0.0137431
Muller_E	3254518	0.160953	0.825307	0.0137404
Muller_E	3255141	0.160895	0.825368	0.0137371
Muller_E	3255365	0.160874	0.82539	0.0137359
Muller_E	3259142	0.160522	0.825763	0.0137156
Muller_E	3259935	0.160448	0.825841	0.0137113
Muller_E	3262497	0.160209	0.826093	0.0136975
Muller_E	3263708	0.160096	0.826213	0.013691
Muller_E	3264644	0.160009	0.826305	0.0136859
Muller_E	3266132	0.15987	0.826452	0.0136778
Muller_E	3266579	0.159829	0.826496	0.0136754
Muller_E	3266806	0.159807	0.826518	0.0136742
Muller_E	3269029	0.1596	0.826738	0.0136621
Muller_E	3271700	0.159351	0.827001	0.0136476
Muller_E	3271881	0.159334	0.827019	0.0136466
Muller_E	3273894	0.159146	0.827218	0.0136356
Muller_E	3275081	0.159036	0.827335	0.0136291
Muller_E	3275989	0.158951	0.827425	0.0136241
Muller_E	3278049	0.158759	0.827628	0.0136128
Muller_E	3280894	0.158493	0.827909	0.0135972
Muller_E	3282107	0.15838	0.828029	0.0135905
Muller_E	3282973	0.158299	0.828115	0.0135857
Muller_E	3284532	0.158154	0.828269	0.0135771
Muller_E	3291321	0.15752	0.82894	0.0135394
Muller_E	3291878	0.157468	0.828995	0.0135363
Muller_E	3293351	0.157331	0.829141	0.0135281
Muller_E	3293759	0.157293	0.829181	0.0135258
Muller_E	3304917	0.156251	0.830286	0.0134631
Muller_E	3306663	0.156088	0.830459	0.0134532
Muller_E	3306880	0.156067	0.830481	0.013452
Muller_E	3310127	0.155764	0.830803	0.0134335
Muller_E	3312301	0.155561	0.831018	0.0134212
Muller_E	3312718	0.155522	0.831059	0.0134188
Muller_E	3318766	0.154957	0.831659	0.0133842
Muller_E	3323588	0.154506	0.832138	0.0133565
Muller_E	3324201	0.154448	0.832199	0.0133529
Muller_E	3324656	0.154406	0.832244	0.0133503
Muller_E	3325091	0.154365	0.832287	0.0133478
Muller_E	3326084	0.154272	0.832386	0.0133421
Muller_E	3326190	0.154262	0.832396	0.0133414
Muller_E	3330218	0.153886	0.832796	0.0133181
Muller_E	3334866	0.153451	0.833258	0.013291
Muller_E	3337545	0.1532	0.833524	0.0132754
Muller_E	3340268	0.152945	0.833795	0.0132594
Muller_E	3340480	0.152925	0.833816	0.0132582
Muller_E	3410593	0.146351	0.840817	0.0128318
Muller_E	3431230	0.144411	0.842888	0.0127005
Muller_E	3437416	0.14383	0.84351	0.0126606
Muller_E	3456916	0.141994	0.845472	0.0125334
Muller_E	3457694	0.141921	0.845551	0.0125283
Muller_E	3459001	0.141798	0.845683	0.0125197
Muller_E	3462300	0.141487	0.846015	0.0124979
Muller_E	3464519	0.141278	0.846239	0.0124832
Muller_E	3464673	0.141263	0.846254	0.0124822
Muller_E	3477602	0.140045	0.847559	0.0123959
Muller_E	3525631	0.13551	0.852423	0.0120664
Muller_E	3546828	0.133505	0.854579	0.0119163
Muller_E	3557059	0.132537	0.855621	0.0118428
Muller_E	3566467	0.131645	0.85658	0.0117747
Muller_E	3572057	0.131116	0.857151	0.011734
Muller_E	3572168	0.131105	0.857162	0.0117332
Muller_E	3579272	0.130432	0.857887	0.0116811
Muller_E	3579502	0.13041	0.857911	0.0116794
Muller_E	3582419	0.130133	0.858209	0.0116579
Muller_E	3590131	0.129401	0.858998	0.0116009
Muller_E	3605233	0.127968	0.860544	0.011488
Muller_E	3610748	0.127444	0.861109	0.0114465
Muller_E	3611776	0.127346	0.861215	0.0114387
Muller_E	3615071	0.127033	0.861553	0.0114138
Muller_E	3617701	0.126783	0.861823	0.0113938
Muller_E	3617818	0.126772	0.861835	0.0113929
Muller_E	3617948	0.12676	0.861848	0.0113919
Muller_E	3623404	0.126241	0.862408	0.0113504
Muller_E	3630035	0.125611	0.86309	0.0112996
Muller_E	3631532	0.125468	0.863243	0.0112881
Muller_E	3634067	0.125227	0.863504	0.0112686
Muller_E	3642157	0.124458	0.864336	0.0112061
Muller_E	3643438	0.124336	0.864468	0.0111961
Muller_E	3645674	0.124123	0.864698	0.0111787
Muller_E	3652519	0.123471	0.865403	0.0111254
Muller_E	3655257	0.12321	0.865686	0.0111039
Muller_E	3657953	0.122954	0.865964	0.0110827
Muller_E	3660200	0.12274	0.866195	0.0110651
Muller_E	3665461	0.122238	0.866738	0.0110236
Muller_E	3670065	0.121799	0.867213	0.0109871
Muller_E	3757777	0.113417	0.876317	0.0102659
Muller_E	3766114	0.112618	0.877188	0.0101947
Muller_E	3770199	0.112226	0.877614	0.0101597
Muller_E	3771242	0.112126	0.877723	0.0101507
Muller_E	3775369	0.11173	0.878155	0.0101152
Muller_E	3781958	0.111098	0.878844	0.0100582
Muller_E	3788305	0.110489	0.879508	0.010003
Muller_E	3788531	0.110467	0.879532	0.010001
Muller_E	3788717	0.110449	0.879551	0.00999941
Muller_E	3791492	0.110183	0.879842	0.0099752
Muller_E	3791929	0.110141	0.879888	0.00997138
Muller_E	3794089	0.109933	0.880114	0.0099525
Muller_E	3798034	0.109554	0.880528	0.00991792
Muller_E	3805877	0.108801	0.88135	0.00984888
Muller_E	3808116	0.108586	0.881585	0.00982909
Muller_E	3837593	0.10575	0.884685	0.00956548
Muller_E	3889492	0.100745	0.890168	0.00908715
Muller_E	3892070	0.100495	0.890442	0.00906292
Muller_E	3892768	0.100428	0.890516	0.00905635
Muller_E	3893846	0.100324	0.89063	0.00904619
Muller_E	3895236	0.10019	0.890777	0.00903309
Muller_E	3896701	0.100048	0.890933	0.00901927
Muller_E	3964144	0.0935161	0.898117	0.00836704
Muller_E	3964249	0.093506	0.898128	0.008366
Muller_E	3964701	0.0934621	0.898176	0.00836152
Muller_E	3965335	0.0934005	0.898244	0.00835524
Muller_E	3965537	0.0933809	0.898266	0.00835324
Muller_E	3971184	0.0928327	0.89887	0.00829716
Muller_E	4005791	0.0894686	0.902583	0.00794866
Muller_E	4007537	0.0892987	0.90277	0.00793086
Muller_E	4008073	0.0892465	0.902828	0.00792539
Muller_E	4008732	0.0891824	0.902899	0.00791867
Muller_E	4009275	0.0891295	0.902957	0.00791312
Muller_E	4009794	0.089079	0.903013	0.00790782
Muller_E	4010462	0.089014	0.903085	0.00790099
Muller_E	4011246	0.0889377	0.903169	0.00789298
Muller_E	4011350	0.0889275	0.903181	0.00789191
Muller_E	4011743	0.0888893	0.903223	0.00788789
Muller_E	4012926	0.0887741	0.90335	0.00787578
Muller_E	4015010	0.0885712	0.903574	0.00785443
Muller_E	4015956	0.0884791	0.903676	0.00784473
Muller_E	4016731	0.0884036	0.90376	0.00783677
Muller_E	4017133	0.0883644	0.903803	0.00783264
Muller_E	4017640	0.0883151	0.903857	0.00782744
Muller_E	4021078	0.0879802	0.904228	0.00779208
Muller_E	4021876	0.0879025	0.904314	0.00778386
Muller_E	4022513	0.0878404	0.904382	0.0077773
Muller_E	4022928	0.0878	0.904427	0.00777302
Muller_E	4024532	0.0876437	0.9046	0.00775648
Muller_E	4024639	0.0876333	0.904611	0.00775537
Muller_E	4025270	0.0875718	0.904679	0.00774886
Muller_E	4027169	0.0873867	0.904884	0.00772924
Muller_E	4027437	0.0873606	0.904913	0.00772647
Muller_E	4027764	0.0873288	0.904948	0.00772309
Muller_E	4029270	0.087182	0.905111	0.0077075
Muller_E	4032202	0.0868962	0.905427	0.00767712
Muller_E	4032327	0.086884	0.90544	0.00767582
Muller_E	4033521	0.0867676	0.905569	0.00766343
Muller_E	4033797	0.0867407	0.905599	0.00766056
Muller_E	4036360	0.0864908	0.905875	0.00763392
Muller_E	4037138	0.0864149	0.905959	0.00762583
Muller_E	4037610	0.0863689	0.90601	0.00762091
Muller_E	4040496	0.0860874	0.906322	0.00759084
Muller_E	4040949	0.0860433	0.906371	0.00758611
Muller_E	4045900	0.0855603	0.906905	0.00753436
Muller_E	4046078	0.0855429	0.906925	0.0075325
Muller_E	4046843	0.0854683	0.907007	0.00752449
Muller_E	4047581	0.0853962	0.907087	0.00751675
Muller_E	4048275	0.0853285	0.907162	0.00750948
Muller_E	4048700	0.085287	0.907208	0.00750502
Muller_E	4053592	0.0848096	0.907737	0.00745362
Muller_E	4056223	0.0845527	0.908021	0.00742591
Muller_E	4056545	0.0845213	0.908056	0.00742252
Muller_E	4056951	0.0844816	0.9081	0.00741824
Muller_E	4057601	0.0844182	0.90817	0.00741138
Muller_E	4057720	0.0844065	0.908183	0.00741012
Muller_E	4058043	0.084375	0.908218	0.00740672
Muller_E	4058149	0.0843646	0.90823	0.0074056
Muller_E	4058704	0.0843105	0.90829	0.00739974
Muller_E	4059417	0.0842408	0.908367	0.00739221
Muller_E	4059965	0.0841873	0.908426	0.00738642
Muller_E	4061381	0.084049	0.90858	0.00737145
Muller_E	4061745	0.0840135	0.908619	0.00736759
Muller_E	4062020	0.0839866	0.908649	0.00736469
Muller_E	4062507	0.083939	0.908701	0.00735953
Muller_E	4062941	0.0838966	0.908748	0.00735494
Muller_E	4064035	0.0837898	0.908867	0.00734335
Muller_E	4064680	0.0837268	0.908937	0.00733651
Muller_E	4064829	0.0837122	0.908953	0.00733493
Muller_E	4065474	0.0836492	0.909023	0.00732809
Muller_E	4065574	0.0836394	0.909034	0.00732703
Muller_E	4066028	0.0835951	0.909083	0.00732221
Muller_E	4067541	0.0834473	0.909247	0.00730615
Muller_E	4067967	0.0834056	0.909293	0.00730163
Muller_E	4068535	0.0833501	0.909354	0.00729559
Muller_E	4069245	0.0832807	0.909431	0.00728804
Muller_E	4070105	0.0831967	0.909524	0.0072789
Muller_E	4071088	0.0831006	0.909631	0.00726844
Muller_E	4071641	0.0830466	0.909691	0.00726255
Muller_E	4072126	0.0829992	0.909743	0.00725738
Muller_E	4072768	0.0829364	0.909813	0.00725054
Muller_E	4072973	0.0829164	0.909835	0.00724836
Muller_E	4073359	0.0828787	0.909877	0.00724424
Muller_E	4075135	0.0827051	0.91007	0.00722529
Muller_E	4075254	0.0826934	0.910083	0.00722402
Muller_E	4076053	0.0826153	0.910169	0.00721549
Muller_E	4077160	0.0825071	0.910289	0.00720366
Muller_E	4078165	0.0824088	0.910398	0.00719292
Muller_E	4078690	0.0823575	0.910455	0.0071873
Muller_E	4078900	0.082337	0.910478	0.00718505
Muller_E	4079010	0.0823262	0.91049	0.00718388
Muller_E	4079297	0.0822981	0.910521	0.0071808
Muller_E	4081728	0.0820604	0.910785	0.00715476
Muller_E	4082079	0.0820261	0.910823	0.007151
Muller_E	4083988	0.0818394	0.91103	0.00713052
Muller_E	4085715	0.0816704	0.911218	0.00711196
Muller_E	4089306	0.0813191	0.911608	0.00707332
Muller_E	4089803	0.0812705	0.911662	0.00706796
Muller_E	4092778	0.0809793	0.911985	0.00703587
Muller_E	4092894	0.080968	0.911997	0.00703461
Muller_E	4098915	0.0803786	0.912652	0.00696946
Muller_E	4109650	0.0793271	0.91382	0.00685266
Muller_E	4113217	0.0789776	0.914209	0.00681367
Muller_E	4113538	0.0789461	0.914244	0.00681015
Muller_E	4114422	0.0788595	0.91434	0.00680048
Muller_E	4114803	0.0788221	0.914382	0.0067963
Muller_E	4115118	0.0787913	0.914416	0.00679285
Muller_E	4116856	0.0786209	0.914605	0.0067738
Muller_E	4117074	0.0785995	0.914629	0.00677141
Muller_E	4117473	0.0785604	0.914673	0.00676703
Muller_E	4118970	0.0784137	0.914836	0.00675059
Muller_E	4121851	0.0781312	0.91515	0.00671892
Muller_E	4122071	0.0781096	0.915174	0.0067165
Muller_E	4122393	0.078078	0.915209	0.00671295
Muller_E	4122818	0.0780364	0.915255	0.00670827
Muller_E	4124318	0.0778892	0.915419	0.00669175
Muller_E	4124418	0.0778794	0.91543	0.00669064
Muller_E	4126492	0.077676	0.915656	0.00666777
Muller_E	4127527	0.0775745	0.915769	0.00665634
Muller_E	4127720	0.0775556	0.91579	0.00665421
Muller_E	4128101	0.0775182	0.915832	0.00665
Muller_E	4128234	0.0775051	0.915846	0.00664853
Muller_E	4130334	0.0772991	0.916076	0.00662531
Muller_E	4132221	0.077114	0.916282	0.00660441
Muller_E	4134741	0.0768666	0.916557	0.00657647
Muller_E	4134982	0.076843	0.916583	0.0065738
Muller_E	4136547	0.0766894	0.916754	0.00655642
Muller_E	4140224	0.0763284	0.917156	0.00651552
Muller_E	4140902	0.0762619	0.91723	0.00650797
Muller_E	4141485	0.0762046	0.917294	0.00650147
Muller_E	4143836	0.0759738	0.917551	0.00647525
Muller_E	4144350	0.0759233	0.917607	0.00646952
Muller_E	4144848	0.0758744	0.917662	0.00646396
Muller_E	4150850	0.0752848	0.918318	0.00639679
Muller_E	4151927	0.075179	0.918436	0.00638471
Muller_E	4154621	0.0749142	0.918731	0.00635446
Muller_E	4159745	0.0744106	0.919293	0.00629678
Muller_E	4159958	0.0743897	0.919316	0.00629438
Muller_E	4160923	0.0742948	0.919422	0.0062835
Muller_E	4161787	0.0742098	0.919516	0.00627374
Muller_E	4162162	0.074173	0.919558	0.00626951
Muller_E	4163984	0.0739938	0.919757	0.00624892
Muller_E	4164218	0.0739708	0.919783	0.00624628
Muller_E	4164859	0.0739078	0.919853	0.00623903
Muller_E	4165033	0.0738906	0.919872	0.00623706
Muller_E	4165157	0.0738785	0.919886	0.00623566
Muller_E	4165383	0.0738562	0.919911	0.0062331
Muller_E	4165808	0.0738144	0.919957	0.00622829
Muller_E	4165958	0.0737997	0.919974	0.00622659
Muller_E	4166062	0.0737894	0.919985	0.00622542
Muller_E	4166243	0.0737716	0.920005	0.00622337
Muller_E	4166628	0.0737338	0.920047	0.00621901
Muller_E	4168755	0.0735246	0.920281	0.0061949
Muller_E	4172546	0.0731516	0.920697	0.00615186
Muller_E	4172827	0.073124	0.920727	0.00614867
Muller_E	4173860	0.0730223	0.920841	0.00613692
Muller_E	4176100	0.0728019	0.921087	0.00611142
Muller_E	4176326	0.0727796	0.921112	0.00610885
Muller_E	4176826	0.0727304	0.921166	0.00610315
Muller_E	4177022	0.0727111	0.921188	0.00610091
Muller_E	4178339	0.0725815	0.921333	0.00608589
Muller_E	4178608	0.072555	0.921362	0.00608283
Muller_E	4179326	0.0724843	0.921441	0.00607463
Muller_E	4180712	0.0723479	0.921593	0.0060588
Muller_E	4180966	0.0723229	0.921621	0.0060559
Muller_E	4184926	0.071933	0.922056	0.00601059
Muller_E	4185178	0.0719082	0.922084	0.0060077
Muller_E	4185319	0.0718943	0.9221	0.00600609
Muller_E	4185532	0.0718733	0.922123	0.00600365
Muller_E	4187632	0.0716665	0.922354	0.00597957
Muller_E	4188227	0.0716079	0.922419	0.00597274
Muller_E	4188670	0.0715642	0.922468	0.00596765
Muller_E	4192621	0.071175	0.922903	0.00592223
Muller_E	4193546	0.0710839	0.923005	0.00591157
Muller_E	4194407	0.070999	0.923099	0.00590165
Muller_E	4195783	0.0708634	0.923251	0.00588579
Muller_E	4196010	0.0708411	0.923276	0.00588317
Muller_E	4197440	0.0707001	0.923433	0.00586667
Muller_E	4198223	0.070623	0.923519	0.00585763
Muller_E	4199021	0.0705443	0.923607	0.00584841
Muller_E	4199203	0.0705264	0.923627	0.0058463
Muller_E	4199424	0.0705046	0.923652	0.00584375
Muller_E	4199639	0.0704834	0.923675	0.00584126
Muller_E	4199983	0.0704495	0.923713	0.00583728
Muller_E	4203293	0.0701232	0.924078	0.00579897
Muller_E	4205814	0.0698746	0.924356	0.00576973
Muller_E	4206134	0.069843	0.924391	0.00576602
Muller_E	4207588	0.0696996	0.924551	0.00574913
Muller_E	4210680	0.0693946	0.924892	0.00571317
Muller_E	4210928	0.0693702	0.92492	0.00571028
Muller_E	4211312	0.0693323	0.924962	0.00570581
Muller_E	4211755	0.0692886	0.925011	0.00570065
Muller_E	4213444	0.0691219	0.925197	0.00568096
Muller_E	4216650	0.0688056	0.925551	0.00564354
Muller_E	4217058	0.0687653	0.925596	0.00563877
Muller_E	4217453	0.0687263	0.92564	0.00563415
Muller_E	4217565	0.0687153	0.925652	0.00563284
Muller_E	4217669	0.068705	0.925663	0.00563163
Muller_E	4217825	0.0686896	0.925681	0.0056298
Muller_E	4218923	0.0685812	0.925802	0.00561696
Muller_E	4225215	0.0679601	0.926497	0.00554319
Muller_E	4232774	0.0672135	0.927332	0.00545419
Muller_E	4235298	0.0669641	0.927612	0.00542438
Muller_E	4245993	0.0659069	0.928796	0.00529755
Muller_E	4252835	0.0652301	0.929554	0.00521597
Muller_E	4253725	0.0651421	0.929653	0.00520534
Muller_E	4256197	0.0648975	0.929927	0.00517577
Muller_E	4261234	0.0643989	0.930486	0.00511537
Muller_E	4262892	0.0642348	0.93067	0.00509545
Muller_E	4263238	0.0642006	0.930708	0.00509129
Muller_E	4263588	0.0641659	0.930747	0.00508708
Muller_E	4264621	0.0640636	0.930862	0.00507465
Muller_E	4266950	0.063833	0.93112	0.00504661
Muller_E	4267529	0.0637757	0.931185	0.00503963
Muller_E	4276223	0.0629144	0.932151	0.00493455
Muller_E	4311688	0.0593958	0.936104	0.00450014
Muller_E	4311965	0.0593682	0.936135	0.00449671
Muller_E	4312254	0.0593395	0.936167	0.00449313
Muller_E	4312510	0.0593141	0.936196	0.00448996
Muller_E	4334492	0.0571287	0.938655	0.00421592
Muller_E	4352032	0.0553824	0.940623	0.00399469
Muller_E	4353438	0.0552424	0.940781	0.00397686
Muller_E	4356857	0.0549017	0.941165	0.00393343
Muller_E	4360054	0.0545831	0.941524	0.00389275
Muller_E	4374783	0.0531142	0.943181	0.00370433
Muller_E	4374946	0.0530979	0.9432	0.00370223
Muller_E	4381350	0.0524588	0.943921	0.00361979
Muller_E	4558836	0.0346276	0.964161	0.00121162
Muller_E	4562012	0.0343064	0.964527	0.00116634
Muller_E	4564083	0.0340969	0.964766	0.00113676
Muller_E	4564194	0.0340857	0.964779	0.00113518
Muller_E	4568491	0.0336509	0.965275	0.0010737
Muller_E	4569115	0.0335878	0.965347	0.00106476
Muller_E	4569749	0.0335236	0.965421	0.00105568
Muller_E	4570340	0.0334638	0.965489	0.00104721
Muller_E	4571890	0.0333069	0.965668	0.00102498
Muller_E	4572624	0.0609587	0.93893	0.000111741
Muller_E	4573491	0.0330656	0.965919	0.00101508
Muller_E	4573809	0.0330043	0.96598	0.00101531
Muller_E	4577361	0.0323198	0.966662	0.00101785
Muller_E	4577462	0.0323003	0.966682	0.00101792
Muller_E	4578308	0.0321373	0.966844	0.00101851
Muller_E	4580664	0.0316832	0.967297	0.00102013
Muller_E	4580954	0.0316273	0.967352	0.00102033
Muller_E	4581769	0.0314702	0.967509	0.00102088
Muller_E	4581909	0.0314432	0.967536	0.00102097
Muller_E	4583019	0.0312292	0.967749	0.00102171
Muller_E	4583393	0.0311571	0.967821	0.00102195
Muller_E	4583516	0.0311334	0.967845	0.00102204
Muller_E	4584473	0.0309489	0.968028	0.00102266
Muller_E	4589180	0.0300415	0.968933	0.00102564
Muller_E	4590247	0.0298357	0.969138	0.00102629
Muller_E	4591539	0.0295866	0.969386	0.00102707
Muller_E	4593253	0.0292561	0.969716	0.00102808
Muller_E	4593508	0.0292069	0.969765	0.00102823
Muller_E	4593974	0.0523404	0.947499	0.000160767
Muller_E	4595111	0.0287127	0.970243	0.00104468
Muller_E	4595303	0.0286444	0.970308	0.00104741
Muller_E	4597548	0.0278461	0.971075	0.00107933
Muller_E	4597833	0.0277448	0.971172	0.00108338
Muller_E	4600306	0.0268653	0.972016	0.00111853
Muller_E	4607273	0.0243877	0.974395	0.00121746
Muller_E	4607398	0.0243432	0.974438	0.00121924
Muller_E	4610441	0.023261	0.975477	0.00126241
Muller_E	4611041	0.0230476	0.975681	0.00127092
Muller_E	4611562	0.0228624	0.975859	0.00127831
Muller_E	4611697	0.0228143	0.975905	0.00128022
Muller_E	4612447	0.0225476	0.976162	0.00129085
Muller_E	4612733	0.0224459	0.976259	0.00129491
Muller_E	4612927	0.0223769	0.976325	0.00129766
Muller_E	4613148	0.00432319	0.991777	0.00389965
Muller_E	4614502	0.0222081	0.976486	0.00130604
Muller_E	4615888	0.0221157	0.976573	0.00131139
Muller_E	4616173	0.0220967	0.976591	0.00131249
Muller_E	4616508	0.0220744	0.976612	0.00131378
Muller_E	4616663	0.022064	0.976622	0.00131438
Muller_E	4618190	0.0219622	0.976718	0.00132025
Muller_E	4619781	0.0218562	0.976817	0.00132635
Muller_E	4622166	0.0216971	0.976967	0.00133546
Muller_E	4626314	0.0214204	0.977228	0.0013512
Muller_E	4626864	0.0213837	0.977263	0.00135328
Muller_E	4627368	0.02135	0.977295	0.00135518
Muller_E	4627488	0.021342	0.977302	0.00135563
Muller_E	4633961	0.0209099	0.97771	0.00137988
Muller_E	4635834	0.0207848	0.977828	0.00138683
Muller_E	4636452	0.0207435	0.977867	0.00138912
Muller_E	4637295	0.0206872	0.977921	0.00139224
Muller_E	4640891	0.0204469	0.978148	0.00140548
Muller_E	4645727	0.0201235	0.978453	0.00142313
Muller_E	4646376	0.0200801	0.978494	0.00142549
Muller_E	4646798	0.0200519	0.978521	0.00142702
Muller_E	4653320	0.0196155	0.978934	0.00145049
Muller_E	4656520	0.0194013	0.979137	0.00146189
Muller_E	4672665	0.0183194	0.980162	0.00151822
Muller_E	4674140	0.0182204	0.980256	0.00152327
Muller_E	4675745	0.0181128	0.980359	0.00152874
Muller_E	4676485	0.0180631	0.980406	0.00153126
Muller_E	4677110	0.0180212	0.980445	0.00153338
Muller_E	4677655	0.0179846	0.98048	0.00153523
Muller_E	4678986	0.0178952	0.980565	0.00153973
Muller_E	4680223	0.0178122	0.980644	0.00154391
Muller_E	4682403	0.0176658	0.980783	0.00155124
Muller_E	4682621	0.0176512	0.980797	0.00155197
Muller_E	4684270	0.0175405	0.980902	0.00155748
Muller_E	4685491	0.0174585	0.98098	0.00156156
Muller_E	4686019	0.017423	0.981014	0.00156331
Muller_E	4687101	0.0173503	0.981083	0.00156691
Muller_E	4689628	0.0171805	0.981244	0.00157527
Muller_E	4690052	0.017152	0.981271	0.00157666
Muller_E	4690344	0.0171324	0.98129	0.00157763
Muller_E	4690905	0.0170947	0.981326	0.00157947
Muller_E	4691125	0.0170799	0.98134	0.0015802
Muller_E	4691712	0.0170404	0.981377	0.00158212
Muller_E	4691999	0.0170212	0.981396	0.00158307
Muller_E	4692111	0.0170136	0.981403	0.00158343
Muller_E	4693234	0.0169381	0.981475	0.00158711
Muller_E	4693620	0.0169122	0.981499	0.00158837
Muller_E	4693753	0.0169032	0.981508	0.00158881
Muller_E	4694021	0.0168852	0.981525	0.00158968
Muller_E	4694592	0.0168468	0.981562	0.00159155
Muller_E	4696429	0.0167233	0.981679	0.00159752
Muller_E	4696792	0.0166989	0.981702	0.0015987
Muller_E	4699402	0.0165233	0.98187	0.00160714
Muller_E	4700957	0.0164187	0.981969	0.00161215
Muller_E	4702606	0.0163077	0.982075	0.00161743
Muller_E	4708142	0.0159351	0.98243	0.00163503
Muller_E	4712097	0.0156687	0.982684	0.00164746
Muller_E	4713898	0.0155473	0.9828	0.00165308
Muller_E	4714194	0.0155274	0.982819	0.001654
Muller_E	4717094	0.0153319	0.983005	0.00166299
Muller_E	4717794	0.0152847	0.98305	0.00166515
Muller_E	4720564	0.015098	0.983228	0.00167367
Muller_E	4722390	0.0149748	0.983346	0.00167925
Muller_E	4727534	0.0146278	0.983677	0.00169483
Muller_E	4730688	0.00255822	0.9943	0.0031422
Muller_E	4731377	0.0144099	0.983886	0.00170408
Muller_E	4732944	0.0143986	0.983898	0.00170361
Muller_E	4738342	0.0143594	0.983939	0.00170182
Muller_E	4739398	0.0143517	0.983947	0.00170145
Muller_E	4742492	0.0143291	0.983971	0.0017003
Muller_E	4745718	0.0143055	0.983995	0.00169901
Muller_E	4746457	0.0143001	0.984001	0.00169871
Muller_E	4748015	0.0142886	0.984013	0.00169805
Muller_E	4748352	0.0142862	0.984016	0.00169791
Muller_E	4748630	0.0142841	0.984018	0.00169779
Muller_E	4751071	0.0142661	0.984037	0.00169671
Muller_E	4751685	0.0142616	0.984042	0.00169643
Muller_E	4751817	0.0142606	0.984043	0.00169637
Muller_E	4752607	0.0142548	0.984049	0.001696
Muller_E	4752773	0.0142536	0.984051	0.00169592
Muller_E	4753826	0.0142458	0.984059	0.00169543
Muller_E	4754671	0.0142395	0.984065	0.00169503
Muller_E	4756619	0.0142251	0.984081	0.00169407
Muller_E	4759191	0.014206	0.984101	0.00169277
Muller_E	4761262	0.0141905	0.984118	0.00169168
Muller_E	4761866	0.014186	0.984123	0.00169136
Muller_E	4761985	0.0141852	0.984124	0.0016913
Muller_E	4763545	0.0141735	0.984136	0.00169045
Muller_E	4764509	0.0141663	0.984144	0.00168991
Muller_E	4765595	0.0141582	0.984153	0.0016893
Muller_E	4766291	0.0141529	0.984158	0.0016889
Muller_E	4766501	0.0141514	0.98416	0.00168878
Muller_E	4767354	0.014145	0.984167	0.00168829
Muller_E	4769627	0.0141279	0.984185	0.00168695
Muller_E	4769950	0.0141255	0.984188	0.00168675
Muller_E	4772288	0.0141079	0.984207	0.00168533
Muller_E	4773763	0.0140967	0.984219	0.0016844
Muller_E	4773963	0.0140952	0.984221	0.00168428
Muller_E	4774375	0.0140921	0.984224	0.00168401
Muller_E	4774957	0.0140877	0.984229	0.00168364
Muller_E	4775479	0.0140837	0.984233	0.00168331
Muller_E	4776619	0.0140751	0.984242	0.00168256
Muller_E	4779373	0.0140542	0.984265	0.00168073
Muller_E	4781913	0.0140349	0.984286	0.00167899
Muller_E	4782620	0.0140295	0.984292	0.00167849
Muller_E	4783326	0.0140241	0.984298	0.001678
Muller_E	4786044	0.0140033	0.984321	0.00167604
Muller_E	4786690	0.0139984	0.984326	0.00167557
Muller_E	4789453	0.0139772	0.984349	0.00167351
Muller_E	4790377	0.0139701	0.984357	0.00167281
Muller_E	4792360	0.0139549	0.984374	0.00167128
Muller_E	4792549	0.0139534	0.984375	0.00167113
Muller_E	4792702	0.0139522	0.984377	0.00167101
Muller_E	4822723	0.0137175	0.984639	0.00164397
Muller_E	4832155	0.0136422	0.984724	0.001634
Muller_E	4834924	0.01362	0.984749	0.00163094
Muller_E	4838041	0.013595	0.984778	0.00162742
Muller_E	4839031	0.013587	0.984787	0.00162629
Muller_E	4840034	0.0135789	0.984796	0.00162513
Muller_E	4843722	0.0135491	0.98483	0.00162081
Muller_E	4844215	0.0135451	0.984835	0.00162023
Muller_E	4846930	0.013523	0.98486	0.00161697
Muller_E	4847984	0.0135145	0.98487	0.00161569
Muller_E	4849699	0.0135005	0.984886	0.00161358
Muller_E	4849916	0.0134987	0.984888	0.00161332
Muller_E	4850646	0.0134928	0.984895	0.00161241
Muller_E	4851102	0.013489	0.984899	0.00161184
Muller_E	4851280	0.0134876	0.984901	0.00161162
Muller_E	4852753	0.0134756	0.984915	0.00160978
Muller_E	4853630	0.0134684	0.984923	0.00160867
Muller_E	4855355	0.0134543	0.984939	0.00160648
Muller_E	4859608	0.0134194	0.98498	0.00160097
Muller_E	4860728	0.0134101	0.98499	0.0015995
Muller_E	4862947	0.0133918	0.985012	0.00159655
Muller_E	4865598	0.0133699	0.985037	0.00159297
Muller_E	4865718	0.0133689	0.985038	0.00159281
