chrom	position	2,0	1,1	0,2
Muller_E	62882	0.744694	0.211587	0.0437187
Muller_E	267432	0.747811	0.211925	0.0402643
Muller_E	441230	0.750706	0.211905	0.0373885
Muller_E	511157	0.751936	0.211818	0.0362467
Muller_E	557879	0.752778	0.211734	0.0354885
Muller_E	581000	0.753201	0.211685	0.0351148
Muller_E	709108	0.755617	0.211322	0.033061
Muller_E	768129	0.756772	0.211104	0.0321245
Muller_E	785241	0.757112	0.211034	0.0318541
Muller_E	787322	0.757153	0.211026	0.0318212
Muller_E	787424	0.757155	0.211025	0.0318196
Muller_E	788173	0.75717	0.211022	0.0318078
Muller_E	788750	0.757182	0.21102	0.0317987
Muller_E	788860	0.757184	0.211019	0.0317969
Muller_E	791823	0.757243	0.211007	0.0317502
Muller_E	802257	0.757452	0.210963	0.0315857
Muller_E	893794	0.75932	0.21053	0.0301507
Muller_E	894300	0.75933	0.210527	0.0301428
Muller_E	896281	0.759371	0.210517	0.0301119
Muller_E	897287	0.759392	0.210512	0.0300962
Muller_E	897987	0.759407	0.210508	0.0300853
Muller_E	901015	0.75947	0.210492	0.0300381
Muller_E	901718	0.759484	0.210489	0.0300271
Muller_E	923408	0.759937	0.210373	0.0296895
Muller_E	923675	0.759943	0.210372	0.0296854
Muller_E	924320	0.759957	0.210368	0.0296753
Muller_E	927795	0.76003	0.210349	0.0296213
Muller_E	948021	0.760456	0.210236	0.0293074
Muller_E	948230	0.760461	0.210235	0.0293042
Muller_E	958531	0.760679	0.210176	0.0291446
Muller_E	967701	0.760874	0.210123	0.0290026
Muller_E	969142	0.760905	0.210115	0.0289804
Muller_E	1033237	0.762288	0.20972	0.0279926
Muller_E	1120573	0.764223	0.209119	0.026658
Muller_E	1123171	0.764281	0.2091	0.0266185
Muller_E	1146845	0.764817	0.208924	0.0262591
Muller_E	1148492	0.764854	0.208912	0.0262342
Muller_E	1168315	0.765306	0.20876	0.025934
Muller_E	1213395	0.766344	0.208402	0.0252541
Muller_E	1262309	0.767489	0.207991	0.0245202
Muller_E	1275111	0.767791	0.20788	0.0243288
Muller_E	1275707	0.767805	0.207875	0.0243199
Muller_E	1314313	0.768726	0.20753	0.0237445
Muller_E	1318297	0.768821	0.207494	0.0236853
Muller_E	1358440	0.769792	0.207118	0.0230899
Muller_E	1358616	0.769796	0.207117	0.0230873
Muller_E	1378824	0.770289	0.206922	0.0227887
Muller_E	1480336	0.772816	0.205885	0.0212992
Muller_E	1489232	0.773041	0.20579	0.0211695
Muller_E	1645912	0.777109	0.203983	0.0189077
Muller_E	1673398	0.777842	0.203642	0.0185153
Muller_E	1718642	0.779063	0.203065	0.0178722
Muller_E	1746815	0.779831	0.202696	0.0174735
Muller_E	1763447	0.780287	0.202474	0.0172388
Muller_E	1765039	0.780331	0.202453	0.0172164
Muller_E	1765159	0.780334	0.202451	0.0172147
Muller_E	1765369	0.78034	0.202448	0.0172117
Muller_E	1771226	0.780501	0.202369	0.0171292
Muller_E	1799036	0.781271	0.201991	0.0167382
Muller_E	1802542	0.781369	0.201942	0.016689
Muller_E	1802678	0.781372	0.201941	0.0166871
Muller_E	1803039	0.781382	0.201936	0.016682
Muller_E	1803347	0.781391	0.201931	0.0166777
Muller_E	1805518	0.781451	0.201901	0.0166472
Muller_E	1812938	0.781658	0.201799	0.0165432
Muller_E	1813040	0.781661	0.201797	0.0165418
Muller_E	1815234	0.781722	0.201767	0.016511
Muller_E	1815907	0.781741	0.201757	0.0165016
Muller_E	1816383	0.781754	0.201751	0.0164949
Muller_E	1831501	0.782177	0.201539	0.0162834
Muller_E	1850978	0.782725	0.201263	0.0160114
Muller_E	1851905	0.782751	0.20125	0.0159985
Muller_E	1852166	0.782759	0.201247	0.0159949
Muller_E	1857635	0.782913	0.201168	0.0159186
Muller_E	1861157	0.783013	0.201118	0.0158696
Muller_E	1861336	0.783018	0.201115	0.0158671
Muller_E	1861880	0.783033	0.201107	0.0158595
Muller_E	1866595	0.783166	0.20104	0.0157938
Muller_E	1870209	0.783269	0.200988	0.0157436
Muller_E	1871973	0.783319	0.200962	0.015719
Muller_E	1880064	0.783549	0.200845	0.0156065
Muller_E	1889333	0.783813	0.20071	0.0154778
Muller_E	1891195	0.783866	0.200682	0.015452
Muller_E	1894320	0.783955	0.200637	0.0154086
Muller_E	1900363	0.784127	0.200548	0.0153248
Muller_E	1904375	0.784242	0.200489	0.0152692
Muller_E	1915469	0.78456	0.200324	0.0151156
Muller_E	1927060	0.784894	0.200151	0.0149554
Muller_E	1932459	0.785049	0.20007	0.0148808
Muller_E	1944351	0.785393	0.19989	0.0147168
Muller_E	1946702	0.785461	0.199855	0.0146844
Muller_E	1961660	0.785895	0.199626	0.0144785
Muller_E	1975567	0.7863	0.199412	0.0142874
Muller_E	2011856	0.787365	0.198845	0.0137903
Muller_E	2013122	0.787402	0.198825	0.013773
Muller_E	2044597	0.788334	0.198322	0.0133438
Muller_E	2048236	0.788443	0.198263	0.0132943
Muller_E	2048434	0.788449	0.19826	0.0132916
Muller_E	2086567	0.78959	0.197636	0.0127741
Muller_E	2103366	0.790096	0.197357	0.012547
Muller_E	2117584	0.790527	0.197118	0.0123551
Muller_E	2126123	0.790786	0.196974	0.0122401
Muller_E	2135792	0.791081	0.19681	0.01211
Muller_E	2140907	0.791237	0.196722	0.0120412
Muller_E	2141169	0.791245	0.196718	0.0120377
Muller_E	2142715	0.791292	0.196691	0.0120169
Muller_E	2145389	0.791373	0.196646	0.011981
Muller_E	2146953	0.791421	0.196619	0.01196
Muller_E	2147057	0.791424	0.196617	0.0119586
Muller_E	2201852	0.793112	0.195663	0.0112253
Muller_E	2204792	0.793203	0.195611	0.0111861
Muller_E	2219543	0.793662	0.195349	0.0109897
Muller_E	2220290	0.793685	0.195335	0.0109798
Muller_E	2241628	0.794352	0.194952	0.0106964
Muller_E	2243471	0.794409	0.194919	0.0106719
Muller_E	2531559	0.80378	0.189295	0.00692586
Muller_E	2693610	0.809351	0.185765	0.00488433
Muller_E	2696554	0.809454	0.185698	0.00484768
Muller_E	2706179	0.809792	0.18548	0.00472798
Muller_E	2713009	0.810033	0.185324	0.00464315
Muller_E	2716202	0.810145	0.185251	0.00460351
Muller_E	2721440	0.81033	0.185132	0.00453854
Muller_E	2735475	0.810826	0.18481	0.0043647
Muller_E	2763120	0.811808	0.184169	0.00402334
Muller_E	2777976	0.812338	0.183821	0.00384048
Muller_E	2779619	0.812397	0.183783	0.00382028
Muller_E	2787347	0.812674	0.183601	0.00372534
Muller_E	2788916	0.81273	0.183564	0.00370608
Muller_E	2795398	0.812962	0.183411	0.00362655
Muller_E	2798296	0.813066	0.183343	0.00359102
Muller_E	2799305	0.813103	0.183319	0.00357865
Muller_E	2800245	0.813136	0.183296	0.00356713
Muller_E	2800507	0.813146	0.18329	0.00356392
Muller_E	2800780	0.813156	0.183284	0.00356058
Muller_E	2800932	0.813161	0.18328	0.00355871
Muller_E	2801158	0.813169	0.183275	0.00355595
Muller_E	2805736	0.813334	0.183166	0.00349987
Muller_E	2807233	0.813388	0.183131	0.00348155
Muller_E	2807795	0.813408	0.183117	0.00347467
Muller_E	2808363	0.813429	0.183104	0.00346772
Muller_E	2809031	0.813453	0.183088	0.00345954
Muller_E	2809272	0.813461	0.183082	0.00345659
Muller_E	2809909	0.813484	0.183067	0.0034488
Muller_E	2811470	0.813541	0.18303	0.0034297
Muller_E	2811776	0.813552	0.183022	0.00342596
Muller_E	2812117	0.813564	0.183014	0.00342178
Muller_E	2815676	0.813692	0.18293	0.00337826
Muller_E	2816259	0.813713	0.182916	0.00337114
Muller_E	2817070	0.892789	0.106968	0.000243919
Muller_E	2817616	0.813744	0.182895	0.00336126
Muller_E	2819402	0.813748	0.18289	0.00336139
Muller_E	2820166	0.81375	0.182888	0.00336144
Muller_E	2820386	0.813751	0.182888	0.00336146
Muller_E	2820775	0.813752	0.182887	0.00336149
Muller_E	2821135	0.813753	0.182886	0.00336151
Muller_E	2821440	0.813754	0.182885	0.00336153
Muller_E	2826939	0.813768	0.18287	0.0033619
Muller_E	2831172	0.813779	0.182859	0.00336216
Muller_E	2831515	0.81378	0.182858	0.00336218
Muller_E	2832336	0.813782	0.182856	0.00336222
Muller_E	2833070	0.813784	0.182854	0.00336227
Muller_E	2850717	0.813832	0.182805	0.00336311
Muller_E	2853215	0.813838	0.182798	0.0033632
Muller_E	2856496	0.813848	0.182789	0.00336332
Muller_E	2856945	0.813849	0.182788	0.00336333
Muller_E	2857481	0.81385	0.182786	0.00336335
Muller_E	2858163	0.813852	0.182784	0.00336337
Muller_E	2859754	0.813857	0.18278	0.00336342
Muller_E	2859987	0.813857	0.182779	0.00336343
Muller_E	2862604	0.813865	0.182772	0.0033635
Muller_E	2866488	0.813876	0.182761	0.0033636
Muller_E	2867267	0.813878	0.182759	0.00336361
Muller_E	2868557	0.813881	0.182755	0.00336364
Muller_E	2870085	0.813886	0.182751	0.00336367
Muller_E	2870623	0.813887	0.182749	0.00336368
Muller_E	2876155	0.813903	0.182733	0.00336377
Muller_E	2877151	0.813906	0.18273	0.00336378
Muller_E	2886067	0.813932	0.182704	0.00336384
Muller_E	2886534	0.813933	0.182703	0.00336384
Muller_E	2887599	0.813936	0.1827	0.00336384
Muller_E	2887882	0.813937	0.182699	0.00336384
Muller_E	2888492	0.813939	0.182697	0.00336384
Muller_E	2888607	0.813939	0.182697	0.00336384
Muller_E	2890000	0.813944	0.182693	0.00336384
Muller_E	2890387	0.813945	0.182691	0.00336384
Muller_E	2890907	0.813946	0.18269	0.00336384
Muller_E	2894764	0.813958	0.182678	0.00336382
Muller_E	2899098	0.813971	0.182665	0.00336379
Muller_E	2901481	0.813978	0.182658	0.00336376
Muller_E	2901643	0.813978	0.182658	0.00336375
Muller_E	2902627	0.813981	0.182655	0.00336374
Muller_E	2903432	0.813984	0.182652	0.00336373
Muller_E	2904998	0.813989	0.182648	0.0033637
Muller_E	2905994	0.813992	0.182645	0.00336369
Muller_E	2907134	0.813995	0.182641	0.00336367
Muller_E	2908511	0.813999	0.182637	0.00336364
Muller_E	2909452	0.814002	0.182634	0.00336362
Muller_E	2910160	0.814004	0.182632	0.0033636
Muller_E	2911022	0.814007	0.182629	0.00336358
Muller_E	2911252	0.814008	0.182629	0.00336358
Muller_E	2911992	0.81401	0.182626	0.00336356
Muller_E	2914672	0.814018	0.182618	0.00336349
Muller_E	2915489	0.814021	0.182616	0.00336347
Muller_E	2918585	0.81403	0.182606	0.00336338
Muller_E	2919015	0.814032	0.182605	0.00336336
Muller_E	2919728	0.814034	0.182603	0.00336334
Muller_E	2919971	0.814035	0.182602	0.00336333
Muller_E	2921506	0.81404	0.182597	0.00336328
Muller_E	2922564	0.814043	0.182594	0.00336325
Muller_E	2922707	0.814043	0.182593	0.00336324
Muller_E	2924226	0.814048	0.182589	0.00336319
Muller_E	2925108	0.814051	0.182586	0.00336315
Muller_E	2925552	0.814052	0.182585	0.00336314
Muller_E	2928855	0.814063	0.182574	0.00336301
Muller_E	2930674	0.814069	0.182569	0.00336293
Muller_E	2931258	0.81407	0.182567	0.0033629
Muller_E	2931592	0.814071	0.182566	0.00336289
Muller_E	2931798	0.814072	0.182565	0.00336288
Muller_E	2932326	0.814074	0.182563	0.00336286
Muller_E	2945623	0.814117	0.182521	0.00336217
Muller_E	2945753	0.814117	0.182521	0.00336216
Muller_E	2945878	0.814118	0.18252	0.00336215
Muller_E	2946001	0.814118	0.18252	0.00336214
Muller_E	2955783	0.81415	0.182488	0.00336152
Muller_E	2957997	0.814158	0.182481	0.00336136
Muller_E	2959282	0.814162	0.182477	0.00336127
Muller_E	2959697	0.814163	0.182475	0.00336124
Muller_E	2959819	0.814164	0.182475	0.00336123
Muller_E	2960759	0.814167	0.182472	0.00336116
Muller_E	2961667	0.81417	0.182469	0.00336109
Muller_E	2961801	0.81417	0.182469	0.00336108
Muller_E	2963254	0.814175	0.182464	0.00336097
Muller_E	2963568	0.814176	0.182463	0.00336095
Muller_E	2975263	0.814216	0.182424	0.00335998
Muller_E	2976725	0.814221	0.182419	0.00335985
Muller_E	2977784	0.814225	0.182416	0.00335975
Muller_E	2982473	0.814241	0.1824	0.00335931
Muller_E	2984283	0.814247	0.182394	0.00335913
Muller_E	2985483	0.814251	0.18239	0.00335901
Muller_E	2985658	0.814252	0.182389	0.003359
Muller_E	2985908	0.814253	0.182388	0.00335897
Muller_E	2987685	0.814259	0.182382	0.00335879
Muller_E	2992894	0.814277	0.182364	0.00335825
Muller_E	2993313	0.814279	0.182363	0.0033582
Muller_E	2993798	0.814281	0.182361	0.00335815
Muller_E	2994137	0.814282	0.18236	0.00335811
Muller_E	2994487	0.814283	0.182359	0.00335808
Muller_E	2994615	0.814283	0.182358	0.00335806
Muller_E	2995123	0.814285	0.182357	0.00335801
Muller_E	2995701	0.814287	0.182355	0.00335794
Muller_E	2996048	0.814289	0.182354	0.0033579
Muller_E	2996738	0.814291	0.182351	0.00335783
Muller_E	2996880	0.814291	0.182351	0.00335781
Muller_E	2997113	0.814292	0.18235	0.00335779
Muller_E	2999116	0.814299	0.182343	0.00335756
Muller_E	2999459	0.814301	0.182342	0.00335752
Muller_E	3001420	0.814308	0.182335	0.0033573
Muller_E	3001578	0.814308	0.182334	0.00335728
Muller_E	3001696	0.814309	0.182334	0.00335726
Muller_E	3002579	0.814312	0.182331	0.00335716
Muller_E	3003095	0.814314	0.182329	0.0033571
Muller_E	3003540	0.814315	0.182328	0.00335705
Muller_E	3004120	0.814317	0.182326	0.00335698
Muller_E	3005221	0.814321	0.182322	0.00335685
Muller_E	3007967	0.814331	0.182312	0.00335652
Muller_E	3012773	0.814349	0.182295	0.00335592
Muller_E	3013331	0.814351	0.182294	0.00335584
Muller_E	3013618	0.814352	0.182292	0.00335581
Muller_E	3014080	0.814353	0.182291	0.00335575
Muller_E	3014783	0.814356	0.182288	0.00335566
Muller_E	3016296	0.814361	0.182283	0.00335546
Muller_E	3017214	0.814365	0.18228	0.00335534
Muller_E	3018320	0.814369	0.182276	0.00335519
Muller_E	3018982	0.814371	0.182274	0.0033551
Muller_E	3019303	0.814373	0.182272	0.00335506
Muller_E	3019831	0.814374	0.182271	0.00335499
Muller_E	3021834	0.814382	0.182263	0.00335472
Muller_E	3021944	0.814382	0.182263	0.0033547
Muller_E	3023127	0.814387	0.182259	0.00335454
Muller_E	3024474	0.814392	0.182254	0.00335435
Muller_E	3024813	0.814393	0.182253	0.00335431
Muller_E	3029421	0.81441	0.182236	0.00335365
Muller_E	3029834	0.814412	0.182235	0.00335359
Muller_E	3030101	0.814413	0.182234	0.00335355
Muller_E	3033200	0.814424	0.182223	0.0033531
Muller_E	3033901	0.814427	0.18222	0.00335299
Muller_E	3034073	0.814427	0.18222	0.00335297
Muller_E	3036032	0.814435	0.182213	0.00335267
Muller_E	3038305	0.814443	0.182204	0.00335233
Muller_E	3041816	0.814457	0.182192	0.00335178
Muller_E	3044683	0.814468	0.182181	0.00335133
Muller_E	3046757	0.814476	0.182173	0.00335099
Muller_E	3046887	0.814476	0.182173	0.00335097
Muller_E	3047900	0.81448	0.182169	0.00335081
Muller_E	3048135	0.814481	0.182168	0.00335077
Muller_E	3050664	0.814491	0.182159	0.00335035
Muller_E	3051698	0.814494	0.182155	0.00335018
Muller_E	3051968	0.814496	0.182154	0.00335013
Muller_E	3052635	0.814498	0.182152	0.00335002
Muller_E	3053197	0.8145	0.18215	0.00334993
Muller_E	3056428	0.814513	0.182138	0.00334938
Muller_E	3056712	0.814514	0.182137	0.00334933
Muller_E	3058398	0.81452	0.182131	0.00334904
Muller_E	3059687	0.814525	0.182126	0.00334881
Muller_E	3061511	0.814533	0.182119	0.00334849
Muller_E	3062406	0.814536	0.182116	0.00334833
Muller_E	3062537	0.814537	0.182115	0.00334831
Muller_E	3100018	0.814687	0.181972	0.00334091
Muller_E	3100718	0.81469	0.181969	0.00334075
Muller_E	3112367	0.814739	0.181923	0.00333815
Muller_E	3112987	0.814741	0.181921	0.00333801
Muller_E	3113420	0.814743	0.181919	0.00333791
Muller_E	3116107	0.814754	0.181908	0.00333729
Muller_E	3119432	0.814768	0.181895	0.00333651
Muller_E	3119714	0.81477	0.181894	0.00333644
Muller_E	3120862	0.814774	0.181889	0.00333617
Muller_E	3122265	0.81478	0.181884	0.00333584
Muller_E	3123364	0.814785	0.181879	0.00333557
Muller_E	3124138	0.814788	0.181876	0.00333539
Muller_E	3127464	0.814803	0.181863	0.00333458
Muller_E	3128767	0.814808	0.181858	0.00333426
Muller_E	3128895	0.814809	0.181857	0.00333423
Muller_E	3129611	0.814812	0.181854	0.00333405
Muller_E	3129743	0.814812	0.181854	0.00333402
Muller_E	3130171	0.814814	0.181852	0.00333391
Muller_E	3131529	0.81482	0.181846	0.00333358
Muller_E	3137674	0.814846	0.181822	0.00333203
Muller_E	3139976	0.814856	0.181812	0.00333144
Muller_E	3143168	0.81487	0.181799	0.00333061
Muller_E	3169152	0.814986	0.181691	0.0033235
Muller_E	3170575	0.814992	0.181685	0.00332309
Muller_E	3173857	0.815007	0.181671	0.00332214
Muller_E	3192801	0.815094	0.18159	0.00331643
Muller_E	3194086	0.8151	0.181584	0.00331603
Muller_E	3194230	0.8151	0.181584	0.00331599
Muller_E	3207603	0.815163	0.181525	0.00331172
Muller_E	3207708	0.815164	0.181525	0.00331168
Muller_E	3208070	0.815165	0.181523	0.00331157
Muller_E	3208369	0.815167	0.181522	0.00331147
Muller_E	3208507	0.815167	0.181521	0.00331142
Muller_E	3208706	0.815168	0.18152	0.00331136
Muller_E	3210124	0.815175	0.181514	0.00331089
Muller_E	3211254	0.81518	0.181509	0.00331052
Muller_E	3212088	0.815184	0.181505	0.00331025
Muller_E	3216063	0.815203	0.181488	0.00330892
Muller_E	3216461	0.815205	0.181486	0.00330879
Muller_E	3217109	0.815208	0.181483	0.00330857
Muller_E	3217441	0.81521	0.181482	0.00330846
Muller_E	3217706	0.815211	0.181481	0.00330837
Muller_E	3217825	0.815212	0.18148	0.00330833
Muller_E	3218354	0.815214	0.181478	0.00330816
Muller_E	3219292	0.815219	0.181474	0.00330784
Muller_E	3219763	0.815221	0.181471	0.00330768
Muller_E	3221459	0.815229	0.181464	0.0033071
Muller_E	3222112	0.815232	0.181461	0.00330688
Muller_E	3223012	0.815236	0.181457	0.00330658
Muller_E	3223549	0.815239	0.181455	0.00330639
Muller_E	3224815	0.815245	0.181449	0.00330596
Muller_E	3226800	0.815255	0.18144	0.00330527
Muller_E	3229718	0.815269	0.181427	0.00330426
Muller_E	3240322	0.81532	0.181379	0.00330051
Muller_E	3240918	0.815323	0.181376	0.0033003
Muller_E	3241273	0.815325	0.181375	0.00330017
Muller_E	3247835	0.815357	0.181345	0.00329778
Muller_E	3251442	0.815375	0.181328	0.00329646
Muller_E	3252203	0.815379	0.181325	0.00329617
Muller_E	3254014	0.815388	0.181316	0.0032955
Muller_E	3254518	0.815391	0.181314	0.00329531
Muller_E	3255141	0.815394	0.181311	0.00329508
Muller_E	3255365	0.815395	0.18131	0.003295
Muller_E	3259142	0.815414	0.181293	0.00329357
Muller_E	3259935	0.815418	0.181289	0.00329327
Muller_E	3262497	0.815431	0.181277	0.0032923
Muller_E	3263708	0.815437	0.181271	0.00329184
Muller_E	3264644	0.815441	0.181267	0.00329148
Muller_E	3266132	0.815449	0.18126	0.00329091
Muller_E	3266579	0.815451	0.181258	0.00329073
Muller_E	3266806	0.815452	0.181257	0.00329065
Muller_E	3269029	0.815464	0.181247	0.00328979
Muller_E	3271700	0.815477	0.181234	0.00328875
Muller_E	3271881	0.815478	0.181233	0.00328867
Muller_E	3273894	0.815488	0.181224	0.00328789
Muller_E	3275081	0.815494	0.181218	0.00328742
Muller_E	3275989	0.815499	0.181214	0.00328706
Muller_E	3278049	0.815509	0.181204	0.00328624
Muller_E	3280894	0.815524	0.181191	0.00328511
Muller_E	3282107	0.81553	0.181185	0.00328462
Muller_E	3282973	0.815535	0.181181	0.00328428
Muller_E	3284532	0.815543	0.181174	0.00328365
Muller_E	3291321	0.815578	0.181141	0.00328088
Muller_E	3291878	0.815581	0.181139	0.00328065
Muller_E	3293351	0.815588	0.181132	0.00328005
Muller_E	3293759	0.81559	0.18113	0.00327988
Muller_E	3304917	0.815649	0.181076	0.00327521
Muller_E	3306663	0.815658	0.181068	0.00327446
Muller_E	3306880	0.815659	0.181066	0.00327437
Muller_E	3310127	0.815676	0.181051	0.00327298
Muller_E	3312301	0.815688	0.18104	0.00327205
Muller_E	3312718	0.81569	0.181038	0.00327187
Muller_E	3318766	0.815722	0.181009	0.00326923
Muller_E	3323588	0.815748	0.180985	0.00326711
Muller_E	3324201	0.815751	0.180982	0.00326684
Muller_E	3324656	0.815754	0.18098	0.00326663
Muller_E	3325091	0.815756	0.180977	0.00326644
Muller_E	3326084	0.815761	0.180973	0.003266
Muller_E	3326190	0.815762	0.180972	0.00326595
Muller_E	3330218	0.815784	0.180952	0.00326415
Muller_E	3334866	0.815809	0.180929	0.00326204
Muller_E	3337545	0.815823	0.180916	0.00326082
Muller_E	3340268	0.815838	0.180902	0.00325957
Muller_E	3340480	0.815839	0.180901	0.00325948
Muller_E	3410593	0.816236	0.180539	0.00322474
Muller_E	3431230	0.816358	0.180428	0.00321357
Muller_E	3437416	0.816395	0.180395	0.00321014
Muller_E	3456916	0.816513	0.180288	0.00319908
Muller_E	3457694	0.816518	0.180283	0.00319863
Muller_E	3459001	0.816526	0.180276	0.00319788
Muller_E	3462300	0.816546	0.180258	0.00319596
Muller_E	3464519	0.81656	0.180246	0.00319467
Muller_E	3464673	0.816561	0.180245	0.00319458
Muller_E	3477602	0.816641	0.180172	0.00318693
Muller_E	3525631	0.816946	0.179897	0.00315707
Muller_E	3546828	0.817085	0.179772	0.00314316
Muller_E	3557059	0.817153	0.179711	0.00313629
Muller_E	3566467	0.817216	0.179654	0.00312988
Muller_E	3572057	0.817254	0.17962	0.00312603
Muller_E	3572168	0.817255	0.179619	0.00312595
Muller_E	3579272	0.817303	0.179576	0.00312101
Muller_E	3579502	0.817304	0.179575	0.00312085
Muller_E	3582419	0.817324	0.179557	0.00311881
Muller_E	3590131	0.817377	0.17951	0.00311336
Muller_E	3605233	0.817481	0.179416	0.00310253
Muller_E	3610748	0.817519	0.179382	0.00309852
Muller_E	3611776	0.817527	0.179376	0.00309777
Muller_E	3615071	0.81755	0.179355	0.00309536
Muller_E	3617701	0.817568	0.179339	0.00309342
Muller_E	3617818	0.817569	0.179338	0.00309333
Muller_E	3617948	0.81757	0.179337	0.00309324
Muller_E	3623404	0.817608	0.179303	0.0030892
Muller_E	3630035	0.817655	0.179261	0.00308426
Muller_E	3631532	0.817665	0.179251	0.00308313
Muller_E	3634067	0.817683	0.179235	0.00308123
Muller_E	3642157	0.817741	0.179184	0.0030751
Muller_E	3643438	0.81775	0.179176	0.00307413
Muller_E	3645674	0.817766	0.179161	0.00307242
Muller_E	3652519	0.817815	0.179117	0.00306716
Muller_E	3655257	0.817835	0.1791	0.00306505
Muller_E	3657953	0.817855	0.179082	0.00306295
Muller_E	3660200	0.817871	0.179068	0.00306121
Muller_E	3665461	0.817909	0.179034	0.0030571
Muller_E	3670065	0.817943	0.179004	0.00305347
Muller_E	3757777	0.818605	0.178414	0.00298052
Muller_E	3766114	0.81867	0.178357	0.00297319
Muller_E	3770199	0.818702	0.178328	0.00296957
Muller_E	3771242	0.818711	0.178321	0.00296865
Muller_E	3775369	0.818743	0.178292	0.00296497
Muller_E	3781958	0.818795	0.178246	0.00295907
Muller_E	3788305	0.818846	0.178201	0.00295335
Muller_E	3788531	0.818848	0.178199	0.00295315
Muller_E	3788717	0.818849	0.178198	0.00295298
Muller_E	3791492	0.818871	0.178178	0.00295046
Muller_E	3791929	0.818875	0.178175	0.00295007
Muller_E	3794089	0.818892	0.17816	0.0029481
Muller_E	3798034	0.818924	0.178132	0.0029445
Muller_E	3805877	0.818987	0.178076	0.0029373
Muller_E	3808116	0.819005	0.17806	0.00293524
Muller_E	3837593	0.819245	0.177847	0.00290758
Muller_E	3889492	0.819681	0.177462	0.00285682
Muller_E	3892070	0.819703	0.177443	0.00285424
Muller_E	3892768	0.819709	0.177437	0.00285353
Muller_E	3893846	0.819718	0.177429	0.00285245
Muller_E	3895236	0.81973	0.177419	0.00285105
Muller_E	3896701	0.819743	0.177408	0.00284957
Muller_E	3964144	0.820334	0.176887	0.00277925
Muller_E	3964249	0.820335	0.176886	0.00277914
Muller_E	3964701	0.820339	0.176882	0.00277865
Muller_E	3965335	0.820345	0.176877	0.00277797
Muller_E	3965537	0.820347	0.176876	0.00277775
Muller_E	3971184	0.820397	0.176831	0.00277166
Muller_E	4005791	0.820712	0.176554	0.00273364
Muller_E	4007537	0.820728	0.17654	0.00273169
Muller_E	4008073	0.820733	0.176536	0.00273109
Muller_E	4008732	0.820739	0.17653	0.00273036
Muller_E	4009275	0.820744	0.176526	0.00272975
Muller_E	4009794	0.820749	0.176522	0.00272917
Muller_E	4010462	0.820755	0.176516	0.00272842
Muller_E	4011246	0.820763	0.17651	0.00272754
Muller_E	4011350	0.820764	0.176509	0.00272743
Muller_E	4011743	0.820767	0.176506	0.00272699
Muller_E	4012926	0.820778	0.176496	0.00272566
Muller_E	4015010	0.820797	0.176479	0.00272332
Muller_E	4015956	0.820806	0.176472	0.00272226
Muller_E	4016731	0.820813	0.176465	0.00272138
Muller_E	4017133	0.820817	0.176462	0.00272093
Muller_E	4017640	0.415907	0.557597	0.0264956
Muller_E	4021078	0.821439	0.175862	0.00269954
Muller_E	4021876	0.821582	0.175723	0.00269471
Muller_E	4022513	0.821696	0.175613	0.00269086
Muller_E	4022928	0.821771	0.175541	0.00268836
Muller_E	4024532	0.822059	0.175263	0.00267868
Muller_E	4024639	0.822078	0.175244	0.00267803
Muller_E	4025270	0.822191	0.175134	0.00267423
Muller_E	4027169	0.822532	0.174805	0.0026628
Muller_E	4027437	0.82258	0.174758	0.00266118
Muller_E	4027764	0.822639	0.174702	0.00265922
Muller_E	4029270	0.82291	0.17444	0.00265017
Muller_E	4032202	0.823436	0.173931	0.00263258
Muller_E	4032327	0.823459	0.17391	0.00263183
Muller_E	4033521	0.823673	0.173702	0.00262469
Muller_E	4033797	0.823723	0.173654	0.00262304
Muller_E	4036360	0.824183	0.173209	0.00260772
Muller_E	4037138	0.824323	0.173074	0.00260308
Muller_E	4037610	0.824408	0.172992	0.00260027
Muller_E	4040496	0.824926	0.172491	0.00258308
Muller_E	4040949	0.825008	0.172412	0.00258039
Muller_E	4045900	0.825898	0.171551	0.00255103
Muller_E	4046078	0.82593	0.17152	0.00254997
Muller_E	4046843	0.826067	0.171387	0.00254545
Muller_E	4047581	0.8262	0.171259	0.00254108
Muller_E	4048275	0.826325	0.171138	0.00253698
Muller_E	4048700	0.826401	0.171064	0.00253448
Muller_E	4053592	0.827281	0.170213	0.00250566
Muller_E	4056223	0.827754	0.169755	0.00249021
Muller_E	4056545	0.827812	0.169699	0.00248833
Muller_E	4056951	0.827885	0.169629	0.00248595
Muller_E	4057601	0.828002	0.169516	0.00248214
Muller_E	4057720	0.828024	0.169495	0.00248144
Muller_E	4058043	0.828082	0.169439	0.00247955
Muller_E	4058149	0.828101	0.16942	0.00247893
Muller_E	4058704	0.828201	0.169324	0.00247568
Muller_E	4059417	0.828329	0.169199	0.00247151
Muller_E	4059965	0.828428	0.169104	0.00246831
Muller_E	4061381	0.828682	0.168858	0.00246004
Muller_E	4061745	0.828748	0.168794	0.00245791
Muller_E	4062020	0.828797	0.168746	0.00245631
Muller_E	4062507	0.828885	0.168661	0.00245347
Muller_E	4062941	0.828963	0.168586	0.00245094
Muller_E	4064035	0.82916	0.168395	0.00244457
Muller_E	4064680	0.829276	0.168283	0.00244081
Muller_E	4064829	0.829303	0.168257	0.00243995
Muller_E	4065474	0.829419	0.168145	0.00243619
Muller_E	4065574	0.829437	0.168127	0.00243561
Muller_E	4066028	0.829519	0.168048	0.00243297
Muller_E	4067541	0.829791	0.167785	0.00242419
Muller_E	4067967	0.829868	0.16771	0.00242171
Muller_E	4068535	0.82997	0.167611	0.00241842
Muller_E	4069245	0.830098	0.167488	0.0024143
Muller_E	4070105	0.830253	0.167338	0.00240932
Muller_E	4071088	0.83043	0.167166	0.00240363
Muller_E	4071641	0.83053	0.16707	0.00240043
Muller_E	4072126	0.830617	0.166985	0.00239763
Muller_E	4072768	0.830733	0.166874	0.00239392
Muller_E	4072973	0.830769	0.166838	0.00239274
Muller_E	4073359	0.830839	0.166771	0.00239051
Muller_E	4075135	0.831159	0.166461	0.00238026
Muller_E	4075254	0.83118	0.16644	0.00237958
Muller_E	4076053	0.831324	0.166301	0.00237497
Muller_E	4077160	0.831524	0.166108	0.0023686
Muller_E	4078165	0.831705	0.165932	0.00236282
Muller_E	4078690	0.831799	0.165841	0.00235981
Muller_E	4078900	0.831837	0.165804	0.0023586
Muller_E	4079010	0.831857	0.165785	0.00235797
Muller_E	4079297	0.831909	0.165735	0.00235632
Muller_E	4081728	0.832347	0.165311	0.00234238
Muller_E	4082079	0.83241	0.16525	0.00234037
Muller_E	4083988	0.832754	0.164916	0.00232945
Muller_E	4085715	0.833065	0.164615	0.00231958
Muller_E	4089306	0.833713	0.163988	0.00229912
Muller_E	4089803	0.833802	0.163901	0.00229629
Muller_E	4092778	0.834339	0.163382	0.0022794
Muller_E	4092894	0.83436	0.163361	0.00227875
Muller_E	4098915	0.835446	0.162309	0.00224471
Muller_E	4109650	0.837383	0.160432	0.00218451
Muller_E	4113217	0.838028	0.159808	0.00216464
Muller_E	4113538	0.838085	0.159752	0.00216286
Muller_E	4114422	0.838245	0.159597	0.00215795
Muller_E	4114803	0.838314	0.15953	0.00215583
Muller_E	4115118	0.838371	0.159475	0.00215408
Muller_E	4116856	0.838685	0.159171	0.00214445
Muller_E	4117074	0.838724	0.159133	0.00214324
Muller_E	4117473	0.838796	0.159063	0.00214103
Muller_E	4118970	0.839067	0.158801	0.00213275
Muller_E	4121851	0.839587	0.158296	0.00211684
Muller_E	4122071	0.839627	0.158257	0.00211563
Muller_E	4122393	0.839685	0.158201	0.00211385
Muller_E	4122818	0.839762	0.158127	0.00211151
Muller_E	4124318	0.840033	0.157864	0.00210325
Muller_E	4124418	0.840051	0.157846	0.0021027
Muller_E	4126492	0.840426	0.157483	0.00209131
Muller_E	4127527	0.840613	0.157301	0.00208563
Muller_E	4127720	0.840648	0.157267	0.00208458
Muller_E	4128101	0.840717	0.157201	0.00208249
Muller_E	4128234	0.840741	0.157177	0.00208176
Muller_E	4130334	0.841121	0.156809	0.00207027
Muller_E	4132221	0.841462	0.156478	0.00205996
Muller_E	4134741	0.841917	0.156036	0.00204622
Muller_E	4134982	0.841961	0.155994	0.00204491
Muller_E	4136547	0.842244	0.155719	0.0020364
Muller_E	4140224	0.842909	0.155074	0.00201646
Muller_E	4140902	0.843032	0.154955	0.00201279
Muller_E	4141485	0.843137	0.154853	0.00200964
Muller_E	4143836	0.843563	0.15444	0.00199694
Muller_E	4144350	0.843656	0.15435	0.00199417
Muller_E	4144848	0.843746	0.154262	0.00199149
Muller_E	4150850	0.844833	0.153208	0.00195924
Muller_E	4151927	0.845028	0.153019	0.00195348
Muller_E	4154621	0.845515	0.152546	0.00193909
Muller_E	4159745	0.846443	0.151645	0.00191182
Muller_E	4159958	0.846482	0.151607	0.00191069
Muller_E	4160923	0.846657	0.151438	0.00190558
Muller_E	4161787	0.846813	0.151286	0.001901
Muller_E	4162162	0.846881	0.15122	0.00189901
Muller_E	4163984	0.847212	0.150899	0.00188938
Muller_E	4164218	0.847254	0.150858	0.00188814
Muller_E	4164859	0.84737	0.150745	0.00188476
Muller_E	4165033	0.847402	0.150715	0.00188384
Muller_E	4165157	0.847424	0.150693	0.00188318
Muller_E	4165383	0.847465	0.150653	0.00188199
Muller_E	4165808	0.847542	0.150578	0.00187975
Muller_E	4165958	0.847569	0.150552	0.00187896
Muller_E	4166062	0.847588	0.150533	0.00187841
Muller_E	4166243	0.847621	0.150502	0.00187746
Muller_E	4166628	0.847691	0.150434	0.00187543
Muller_E	4168755	0.848076	0.150059	0.00186423
Muller_E	4172546	0.848764	0.149392	0.00184434
Muller_E	4172827	0.848815	0.149343	0.00184287
Muller_E	4173860	0.849002	0.149161	0.00183747
Muller_E	4176100	0.849408	0.148766	0.00182577
Muller_E	4176326	0.849449	0.148726	0.00182459
Muller_E	4176826	0.84954	0.148638	0.00182198
Muller_E	4177022	0.849575	0.148604	0.00182096
Muller_E	4178339	0.849814	0.148372	0.0018141
Muller_E	4178608	0.849863	0.148324	0.0018127
Muller_E	4179326	0.849993	0.148198	0.00180897
Muller_E	4180712	0.850245	0.147954	0.00180176
Muller_E	4180966	0.850291	0.147909	0.00180045
Muller_E	4184926	0.851009	0.147211	0.00177994
Muller_E	4185178	0.851055	0.147166	0.00177864
Muller_E	4185319	0.851081	0.147141	0.00177791
Muller_E	4185532	0.851119	0.147104	0.00177681
Muller_E	4187632	0.8515	0.146734	0.00176597
Muller_E	4188227	0.851608	0.146629	0.00176291
Muller_E	4188670	0.851689	0.146551	0.00176063
Muller_E	4192621	0.852406	0.145854	0.00174033
Muller_E	4193546	0.852574	0.14569	0.0017356
Muller_E	4194407	0.85273	0.145538	0.00173119
Muller_E	4195783	0.85298	0.145296	0.00172416
Muller_E	4196010	0.853022	0.145255	0.001723
Muller_E	4197440	0.853281	0.145003	0.0017157
Muller_E	4198223	0.853424	0.144865	0.00171171
Muller_E	4199021	0.853568	0.144724	0.00170765
Muller_E	4199203	0.853602	0.144692	0.00170672
Muller_E	4199424	0.853642	0.144653	0.0017056
Muller_E	4199639	0.853681	0.144615	0.0017045
Muller_E	4199983	0.853743	0.144554	0.00170275
Muller_E	4203293	0.854345	0.143969	0.00168596
Muller_E	4205814	0.854803	0.143524	0.0016732
Muller_E	4206134	0.854861	0.143468	0.00167159
Muller_E	4207588	0.855125	0.143211	0.00166425
Muller_E	4210680	0.855687	0.142664	0.00164869
Muller_E	4210928	0.855732	0.14262	0.00164744
Muller_E	4211312	0.855802	0.142552	0.00164551
Muller_E	4211755	0.855883	0.142474	0.00164329
Muller_E	4213444	0.85619	0.142175	0.00163482
Muller_E	4216650	0.856773	0.141608	0.00161879
Muller_E	4217058	0.856847	0.141536	0.00161675
Muller_E	4217453	0.856919	0.141466	0.00161478
Muller_E	4217565	0.856939	0.141447	0.00161423
Muller_E	4217669	0.856958	0.141428	0.00161371
Muller_E	4217825	0.856986	0.141401	0.00161293
Muller_E	4218923	0.857186	0.141206	0.00160746
Muller_E	4225215	0.858331	0.140093	0.00157625
Muller_E	4232774	0.859707	0.138754	0.00153904
Muller_E	4235298	0.860166	0.138307	0.00152669
Muller_E	4245993	0.862115	0.13641	0.00147476
Muller_E	4252835	0.863362	0.135196	0.00144188
Muller_E	4253725	0.863524	0.135038	0.00143762
Muller_E	4256197	0.863975	0.134599	0.00142581
Muller_E	4261234	0.864894	0.133704	0.00140187
Muller_E	4262892	0.865196	0.13341	0.00139402
Muller_E	4263238	0.865259	0.133348	0.00139239
Muller_E	4263588	0.865323	0.133286	0.00139073
Muller_E	4264621	0.865512	0.133102	0.00138585
Muller_E	4266950	0.865937	0.132688	0.00137488
Muller_E	4267529	0.866043	0.132585	0.00137215
Muller_E	4276223	0.86763	0.131039	0.00133148
Muller_E	4311688	0.874115	0.124715	0.00117007
Muller_E	4311965	0.874165	0.124666	0.00116884
Muller_E	4312254	0.874218	0.124614	0.00116756
Muller_E	4312510	0.874265	0.124568	0.00116642
Muller_E	4334492	0.878293	0.120637	0.00107014
Muller_E	4352032	0.881511	0.117493	0.000995351
Muller_E	4353438	0.88177	0.117241	0.000989434
Muller_E	4356857	0.882397	0.116628	0.000975094
Muller_E	4360054	0.882985	0.116054	0.000961748
Muller_E	4374783	0.885692	0.113407	0.000901043
Muller_E	4374946	0.885722	0.113378	0.000900378
Muller_E	4381350	0.8869	0.112226	0.000874392
Muller_E	4558836	0.919765	0.0799815	0.000253446
Muller_E	4562012	0.920357	0.0793988	0.000244118
Muller_E	4564083	0.920743	0.0790187	0.00023807
Muller_E	4564194	0.920764	0.0789984	0.000237747
Muller_E	4568491	0.921565	0.0782095	0.000225289
Muller_E	4569115	0.921682	0.0780949	0.000223489
Muller_E	4569749	0.9218	0.0779785	0.000221664
Muller_E	4570340	0.92191	0.07787	0.000219964
Muller_E	4571890	0.922199	0.0775853	0.000215517
Muller_E	4572624	0.922336	0.0774504	0.000213417
Muller_E	4573491	0.922498	0.0772912	0.00021094
Muller_E	4573809	0.922557	0.0772327	0.000210033
Muller_E	4577361	0.92322	0.07658	0.000199944
Muller_E	4577462	0.923239	0.0765614	0.000199658
Muller_E	4578308	0.923397	0.0764059	0.000197268
Muller_E	4580664	0.923837	0.0759728	0.000190635
Muller_E	4580954	0.923891	0.0759195	0.00018982
Muller_E	4581769	0.924043	0.0757696	0.000187536
Muller_E	4581909	0.924069	0.0757439	0.000187144
Muller_E	4583019	0.924276	0.0755397	0.00018404
Muller_E	4583393	0.924346	0.0754709	0.000182995
Muller_E	4583516	0.924369	0.0754483	0.000182652
Muller_E	4584473	0.924548	0.0752723	0.000179985
Muller_E	4589180	0.925427	0.0744062	0.000166954
Muller_E	4590247	0.925626	0.0742098	0.00016402
Muller_E	4591539	0.925868	0.073972	0.000160477
Muller_E	4593253	0.926188	0.0736564	0.000155793
Muller_E	4593508	0.926235	0.0736095	0.000155097
Muller_E	4593974	0.926322	0.0735237	0.000153828
Muller_E	4595111	0.926535	0.0733143	0.000150736
Muller_E	4595303	0.926571	0.0732789	0.000150215
Muller_E	4597548	0.92699	0.0728654	0.000144138
Muller_E	4597833	0.927044	0.0728129	0.000143369
Muller_E	4600306	0.927506	0.0723573	0.000136717
Muller_E	4607273	0.928809	0.071073	0.000118188
Muller_E	4607398	0.928832	0.07105	0.000117859
Muller_E	4610441	0.929401	0.0704887	0.000109866
Muller_E	4611041	0.929514	0.070378	0.000108298
Muller_E	4611562	0.929611	0.0702819	0.000106937
Muller_E	4611697	0.929636	0.070257	0.000106585
Muller_E	4612447	0.929777	0.0701186	0.000104631
Muller_E	4612733	0.92983	0.0700658	0.000103886
Muller_E	4612927	0.929867	0.07003	0.000103382
Muller_E	4613148	0.929908	0.0699892	0.000102807
Muller_E	4614502	0.930161	0.0697394	9.92938e-05
Muller_E	4615888	0.930421	0.0694836	9.57098e-05
Muller_E	4616173	0.930474	0.0694309	9.49744e-05
Muller_E	4616508	0.930537	0.0693691	9.41106e-05
Muller_E	4616663	0.930566	0.0693405	9.37112e-05
Muller_E	4618190	0.930852	0.0690586	8.97846e-05
Muller_E	4619781	0.931149	0.0687648	8.57096e-05
Muller_E	4622166	0.931596	0.0683243	7.96316e-05
Muller_E	4626314	0.932373	0.0675579	6.91485e-05
Muller_E	4626864	0.962968	0.0370276	4.41341e-06
Muller_E	4627368	0.932525	0.0674071	6.76476e-05
Muller_E	4627488	0.932537	0.0673954	6.76192e-05
Muller_E	4633961	0.93317	0.0667641	6.60845e-05
Muller_E	4635834	0.933353	0.0665813	6.56397e-05
Muller_E	4636452	0.933413	0.066521	6.54928e-05
Muller_E	4637295	0.933496	0.0664388	6.52925e-05
Muller_E	4640891	0.933848	0.0660878	6.44372e-05
Muller_E	4645727	0.934321	0.0656157	6.32852e-05
Muller_E	4646376	0.934385	0.0655523	6.31305e-05
Muller_E	4646798	0.934426	0.0655111	6.30299e-05
Muller_E	4653320	0.935065	0.064874	6.1473e-05
Muller_E	4656520	0.935378	0.0645613	6.07081e-05
Muller_E	4672665	0.936961	0.0629825	5.68394e-05
Muller_E	4674140	0.937105	0.0628382	5.64853e-05
Muller_E	4675745	0.937263	0.0626811	5.60999e-05
Muller_E	4676485	0.937335	0.0626087	5.59222e-05
Muller_E	4677110	0.937397	0.0625475	5.5772e-05
Muller_E	4677655	0.93745	0.0624942	5.56411e-05
Muller_E	4678986	0.937581	0.0623639	5.53213e-05
Muller_E	4680223	0.937702	0.0622428	5.5024e-05
Muller_E	4682403	0.937916	0.0620293	5.45e-05
Muller_E	4682621	0.937938	0.062008	5.44476e-05
Muller_E	4684270	0.938099	0.0618465	5.40511e-05
Muller_E	4685491	0.938219	0.0617269	5.37574e-05
Muller_E	4686019	0.938271	0.0616752	5.36304e-05
Muller_E	4687101	0.938377	0.0615692	5.33702e-05
Muller_E	4689628	0.938626	0.0613216	5.27622e-05
Muller_E	4690052	0.938667	0.0612801	5.26601e-05
Muller_E	4690344	0.938696	0.0612515	5.25899e-05
Muller_E	4690905	0.938751	0.0611965	5.24549e-05
Muller_E	4691125	0.938773	0.061175	5.24019e-05
Muller_E	4691712	0.93883	0.0611174	5.22606e-05
Muller_E	4691999	0.938858	0.0610893	5.21916e-05
Muller_E	4692111	0.938869	0.0610783	5.21646e-05
Muller_E	4693234	0.93898	0.0609683	5.18943e-05
Muller_E	4693620	0.939018	0.0609305	5.18014e-05
Muller_E	4693753	0.939031	0.0609174	5.17694e-05
Muller_E	4694021	0.939057	0.0608912	5.17049e-05
Muller_E	4694592	0.939113	0.0608352	5.15674e-05
Muller_E	4696429	0.939294	0.0606551	5.11251e-05
Muller_E	4696792	0.939329	0.0606195	5.10377e-05
Muller_E	4699402	0.939586	0.0603637	5.04092e-05
Muller_E	4700957	0.939739	0.0602112	5.00348e-05
Muller_E	4702606	0.939901	0.0600495	4.96376e-05
Muller_E	4708142	0.940445	0.0595064	4.83041e-05
Muller_E	4712097	0.940834	0.0591183	4.73514e-05
Muller_E	4713898	0.941012	0.0589415	4.69176e-05
Muller_E	4714194	0.941041	0.0589125	4.68463e-05
Muller_E	4717094	0.941326	0.0586278	4.61477e-05
Muller_E	4717794	0.941395	0.058559	4.59791e-05
Muller_E	4720564	0.941668	0.058287	4.5312e-05
Muller_E	4722390	0.941847	0.0581077	4.48722e-05
Muller_E	4727534	0.942354	0.0576023	4.36337e-05
Muller_E	4730688	0.942665	0.0572923	4.28746e-05
Muller_E	4731377	0.942733	0.0572246	4.27088e-05
Muller_E	4732944	0.942887	0.0570706	4.23317e-05
Muller_E	4738342	0.943419	0.0565398	4.10334e-05
Muller_E	4739398	0.943523	0.0564359	4.07796e-05
Muller_E	4742492	0.943828	0.0561316	4.00359e-05
Muller_E	4745718	0.944147	0.0558142	3.9261e-05
Muller_E	4746457	0.944219	0.0557414	3.90835e-05
Muller_E	4748015	0.944373	0.0555881	3.87094e-05
Muller_E	4748352	0.944406	0.0555549	3.86286e-05
Muller_E	4748630	0.944434	0.0555276	3.85618e-05
Muller_E	4751071	0.944675	0.0552873	3.7976e-05
Muller_E	4751685	0.944735	0.0552268	3.78287e-05
Muller_E	4751817	0.944748	0.0552138	3.77971e-05
Muller_E	4752607	0.944826	0.0551361	3.76076e-05
Muller_E	4752773	0.944843	0.0551197	3.75678e-05
Muller_E	4753826	0.944947	0.055016	3.73153e-05
Muller_E	4754671	0.94503	0.0549328	3.71127e-05
Muller_E	4756619	0.945222	0.054741	3.66458e-05
Muller_E	4759191	0.945476	0.0544876	3.60296e-05
Muller_E	4761262	0.945681	0.0542836	3.55338e-05
Muller_E	4761866	0.945741	0.0542241	3.53892e-05
Muller_E	4761985	0.945752	0.0542124	3.53607e-05
Muller_E	4763545	0.945906	0.0540587	3.49875e-05
Muller_E	4764509	0.946002	0.0539637	3.47569e-05
Muller_E	4765595	0.946109	0.0538566	3.44972e-05
Muller_E	4766291	0.946178	0.053788	3.43308e-05
Muller_E	4766501	0.946198	0.0537673	3.42806e-05
Muller_E	4767354	0.946283	0.0536833	3.40767e-05
Muller_E	4769627	0.946507	0.0534592	3.35337e-05
Muller_E	4769950	0.946539	0.0534273	3.34566e-05
Muller_E	4772288	0.94677	0.0531968	3.28985e-05
Muller_E	4773763	0.946916	0.0530513	3.25466e-05
Muller_E	4773963	0.946936	0.0530316	3.24989e-05
Muller_E	4774375	0.946977	0.052991	3.24006e-05
Muller_E	4774957	0.947034	0.0529336	3.22619e-05
Muller_E	4775479	0.947086	0.0528821	3.21374e-05
Muller_E	4776619	0.947198	0.0527696	3.18657e-05
Muller_E	4779373	0.947471	0.0524979	3.12098e-05
Muller_E	4781913	0.947722	0.0522473	3.06053e-05
Muller_E	4782620	0.947792	0.0521775	3.04372e-05
Muller_E	4783326	0.947862	0.0521079	3.02693e-05
Muller_E	4786044	0.948131	0.0518396	2.96235e-05
Muller_E	4786690	0.948195	0.0517758	2.947e-05
Muller_E	4789453	0.948468	0.051503	2.88143e-05
Muller_E	4790377	0.94856	0.0514117	2.85952e-05
Muller_E	4792360	0.948756	0.0512159	2.81253e-05
Muller_E	4792549	0.948775	0.0511972	2.80805e-05
Muller_E	4792702	0.94879	0.0511821	2.80442e-05
Muller_E	4822723	0.951766	0.0482133	2.09826e-05
Muller_E	4832155	0.952702	0.0472791	1.87874e-05
Muller_E	4834924	0.952977	0.0470047	1.81454e-05
Muller_E	4838041	0.953287	0.0466958	1.7424e-05
Muller_E	4839031	0.953385	0.0465976	1.71952e-05
Muller_E	4840034	0.953485	0.0464982	1.69635e-05
Muller_E	4843722	0.953851	0.0461325	1.61131e-05
Muller_E	4844215	0.9539	0.0460836	1.59996e-05
Muller_E	4846930	0.95417	0.0458142	1.53751e-05
Muller_E	4847984	0.954275	0.0457097	1.5133e-05
Muller_E	4849699	0.954446	0.0455395	1.47394e-05
Muller_E	4849916	0.954467	0.045518	1.46896e-05
Muller_E	4850646	0.95454	0.0454456	1.45223e-05
Muller_E	4851102	0.954585	0.0454003	1.44178e-05
Muller_E	4851280	0.954603	0.0453826	1.4377e-05
Muller_E	4852753	0.95475	0.0452364	1.40398e-05
