chrom	position	2,0	1,1	0,2
Muller_E	62882	0.268964	0.423074	0.307962
Muller_E	267432	0.263673	0.43329	0.303037
Muller_E	441230	0.259208	0.441899	0.298893
Muller_E	511157	0.257418	0.445346	0.297236
Muller_E	557879	0.256225	0.447644	0.296131
Muller_E	581000	0.255635	0.44878	0.295585
Muller_E	709108	0.252371	0.455059	0.29257
Muller_E	768129	0.25087	0.457943	0.291186
Muller_E	785241	0.250436	0.458779	0.290785
Muller_E	787322	0.250383	0.45888	0.290737
Muller_E	787424	0.25038	0.458885	0.290734
Muller_E	788173	0.250361	0.458922	0.290717
Muller_E	788750	0.250347	0.45895	0.290703
Muller_E	788860	0.250344	0.458955	0.290701
Muller_E	791823	0.250269	0.4591	0.290631
Muller_E	802257	0.250004	0.459609	0.290387
Muller_E	893794	0.247682	0.464069	0.288249
Muller_E	894300	0.247669	0.464094	0.288237
Muller_E	896281	0.247619	0.46419	0.288191
Muller_E	897287	0.247593	0.464239	0.288167
Muller_E	897987	0.247575	0.464273	0.288151
Muller_E	901015	0.247499	0.464421	0.288081
Muller_E	901718	0.247481	0.464455	0.288064
Muller_E	923408	0.246931	0.46551	0.287559
Muller_E	923675	0.246924	0.465523	0.287552
Muller_E	924320	0.246908	0.465555	0.287537
Muller_E	927795	0.24682	0.465724	0.287456
Muller_E	948021	0.246308	0.466707	0.286985
Muller_E	948230	0.246302	0.466717	0.28698
Muller_E	958531	0.246042	0.467218	0.286741
Muller_E	967701	0.245809	0.467663	0.286527
Muller_E	969142	0.245773	0.467733	0.286494
Muller_E	1033237	0.244151	0.470846	0.285003
Muller_E	1120573	0.241943	0.47508	0.282977
Muller_E	1123171	0.241877	0.475206	0.282917
Muller_E	1146845	0.241279	0.476353	0.282368
Muller_E	1148492	0.241237	0.476433	0.28233
Muller_E	1168315	0.240736	0.477392	0.281871
Muller_E	1213395	0.239598	0.479574	0.280828
Muller_E	1262309	0.238363	0.48194	0.279698
Muller_E	1275111	0.238039	0.482559	0.279402
Muller_E	1275707	0.238024	0.482587	0.279388
Muller_E	1314313	0.23705	0.484453	0.278497
Muller_E	1318297	0.236949	0.484646	0.278405
Muller_E	1358440	0.235936	0.486585	0.277479
Muller_E	1358616	0.235932	0.486594	0.277475
Muller_E	1378824	0.235422	0.48757	0.277009
Muller_E	1480336	0.23286	0.49247	0.27467
Muller_E	1489232	0.232635	0.492899	0.274465
Muller_E	1645912	0.22868	0.500458	0.270862
Muller_E	1673398	0.227985	0.501784	0.27023
Muller_E	1718642	0.226842	0.503967	0.269191
Muller_E	1746815	0.22613	0.505326	0.268544
Muller_E	1763447	0.225709	0.506129	0.268162
Muller_E	1765039	0.225669	0.506206	0.268125
Muller_E	1765159	0.225666	0.506212	0.268122
Muller_E	1765369	0.225661	0.506222	0.268117
Muller_E	1771226	0.225513	0.506504	0.267983
Muller_E	1799036	0.224809	0.507846	0.267344
Muller_E	1802542	0.224721	0.508016	0.267264
Muller_E	1802678	0.224717	0.508022	0.267261
Muller_E	1803039	0.224708	0.50804	0.267252
Muller_E	1803347	0.2247	0.508054	0.267245
Muller_E	1805518	0.224645	0.508159	0.267195
Muller_E	1812938	0.224458	0.508517	0.267025
Muller_E	1813040	0.224455	0.508522	0.267023
Muller_E	1815234	0.2244	0.508628	0.266972
Muller_E	1815907	0.224383	0.508661	0.266957
Muller_E	1816383	0.224371	0.508684	0.266946
Muller_E	1831501	0.223988	0.509413	0.266599
Muller_E	1850978	0.223495	0.510353	0.266151
Muller_E	1851905	0.223472	0.510398	0.26613
Muller_E	1852166	0.223465	0.510411	0.266124
Muller_E	1857635	0.223327	0.510675	0.265998
Muller_E	1861157	0.223238	0.510845	0.265918
Muller_E	1861336	0.223233	0.510854	0.265913
Muller_E	1861880	0.223219	0.51088	0.265901
Muller_E	1866595	0.2231	0.511107	0.265793
Muller_E	1870209	0.223008	0.511282	0.26571
Muller_E	1871973	0.0444047	0.494594	0.461001
Muller_E	1880064	0.223384	0.511427	0.26519
Muller_E	1889333	0.223865	0.511494	0.264641
Muller_E	1891195	0.223962	0.511507	0.26453
Muller_E	1894320	0.224125	0.51153	0.264346
Muller_E	1900363	0.224439	0.511573	0.263988
Muller_E	1904375	0.224648	0.511601	0.263751
Muller_E	1915469	0.225226	0.511678	0.263096
Muller_E	1927060	0.225831	0.511757	0.262412
Muller_E	1932459	0.226113	0.511794	0.262093
Muller_E	1944351	0.226735	0.511872	0.261393
Muller_E	1946702	0.226858	0.511888	0.261255
Muller_E	1961660	0.227641	0.511984	0.260375
Muller_E	1975567	0.22837	0.512071	0.259558
Muller_E	2011856	0.230278	0.512289	0.257433
Muller_E	2013122	0.230345	0.512296	0.257359
Muller_E	2044597	0.232007	0.512472	0.255522
Muller_E	2048236	0.232199	0.512491	0.25531
Muller_E	2048434	0.23221	0.512492	0.255298
Muller_E	2086567	0.234231	0.512688	0.253081
Muller_E	2103366	0.235124	0.512768	0.252107
Muller_E	2117584	0.235881	0.512834	0.251284
Muller_E	2126123	0.236337	0.512873	0.250791
Muller_E	2135792	0.236853	0.512915	0.250232
Muller_E	2140907	0.237126	0.512937	0.249937
Muller_E	2141169	0.23714	0.512938	0.249922
Muller_E	2142715	0.237222	0.512945	0.249833
Muller_E	2145389	0.237365	0.512956	0.249678
Muller_E	2146953	0.237449	0.512963	0.249588
Muller_E	2147057	0.237454	0.512963	0.249582
Muller_E	2201852	0.240393	0.513176	0.246431
Muller_E	2204792	0.240551	0.513187	0.246263
Muller_E	2219543	0.241345	0.513238	0.245417
Muller_E	2220290	0.241385	0.51324	0.245375
Muller_E	2241628	0.242536	0.513309	0.244155
Muller_E	2243471	0.242636	0.513315	0.244049
Muller_E	2531559	0.25844	0.513723	0.227836
Muller_E	2693610	0.267546	0.51353	0.218924
Muller_E	2696554	0.267713	0.513524	0.218763
Muller_E	2706179	0.268258	0.513503	0.218239
Muller_E	2713009	0.268646	0.513487	0.217867
Muller_E	2716202	0.268827	0.513479	0.217693
Muller_E	2721440	0.269125	0.513467	0.217408
Muller_E	2735475	0.269923	0.513431	0.216645
Muller_E	2763120	0.271499	0.513355	0.215146
Muller_E	2777976	0.272348	0.51331	0.214342
Muller_E	2779619	0.272442	0.513305	0.214253
Muller_E	2787347	0.272884	0.51328	0.213836
Muller_E	2788916	0.272974	0.513275	0.213751
Muller_E	2795398	0.273345	0.513254	0.213401
Muller_E	2798296	0.273511	0.513244	0.213245
Muller_E	2799305	0.273569	0.513241	0.21319
Muller_E	2800245	0.273623	0.513238	0.213139
Muller_E	2800507	0.273638	0.513237	0.213125
Muller_E	2800780	0.273653	0.513236	0.213111
Muller_E	2800932	0.273662	0.513235	0.213102
Muller_E	2801158	0.273675	0.513235	0.21309
Muller_E	2805736	0.273938	0.513219	0.212843
Muller_E	2807233	0.274023	0.513214	0.212763
Muller_E	2807795	0.274056	0.513212	0.212732
Muller_E	2808363	0.274088	0.51321	0.212702
Muller_E	2809031	0.274127	0.513208	0.212666
Muller_E	2809272	0.27414	0.513207	0.212653
Muller_E	2809909	0.274177	0.513205	0.212618
Muller_E	2811470	0.274267	0.513199	0.212534
Muller_E	2811776	0.274284	0.513198	0.212518
Muller_E	2812117	0.274304	0.513197	0.212499
Muller_E	2815676	0.274508	0.513184	0.212308
Muller_E	2816259	0.274541	0.513182	0.212276
Muller_E	2817070	0.274588	0.51318	0.212233
Muller_E	2817616	0.274619	0.513178	0.212203
Muller_E	2819402	0.274722	0.513171	0.212107
Muller_E	2820166	0.274766	0.513168	0.212066
Muller_E	2820386	0.274778	0.513168	0.212054
Muller_E	2820775	0.274801	0.513166	0.212033
Muller_E	2821135	0.274821	0.513165	0.212014
Muller_E	2821440	0.274839	0.513164	0.211997
Muller_E	2826939	0.275155	0.513144	0.211701
Muller_E	2831172	0.275398	0.513128	0.211474
Muller_E	2831515	0.275418	0.513127	0.211455
Muller_E	2832336	0.275465	0.513124	0.211411
Muller_E	2833070	0.275507	0.513121	0.211372
Muller_E	2850717	0.276523	0.513053	0.210424
Muller_E	2853215	0.276667	0.513043	0.21029
Muller_E	2856496	0.276856	0.51303	0.210114
Muller_E	2856945	0.276882	0.513028	0.210089
Muller_E	2857481	0.276913	0.513026	0.210061
Muller_E	2858163	0.276952	0.513024	0.210024
Muller_E	2859754	0.277044	0.513017	0.209939
Muller_E	2859987	0.277058	0.513016	0.209926
Muller_E	2862604	0.277208	0.513005	0.209786
Muller_E	2866488	0.277433	0.51299	0.209578
Muller_E	2867267	0.277478	0.512986	0.209536
Muller_E	2868557	0.277552	0.512981	0.209467
Muller_E	2870085	0.27764	0.512975	0.209385
Muller_E	2870623	0.277671	0.512972	0.209356
Muller_E	2876155	0.277991	0.512949	0.20906
Muller_E	2877151	0.278048	0.512945	0.209007
Muller_E	2886067	0.278564	0.512906	0.20853
Muller_E	2886534	0.278591	0.512904	0.208505
Muller_E	2887599	0.278652	0.5129	0.208448
Muller_E	2887882	0.278669	0.512899	0.208433
Muller_E	2888492	0.278704	0.512896	0.2084
Muller_E	2888607	0.278711	0.512895	0.208394
Muller_E	2890000	0.278791	0.512889	0.20832
Muller_E	2890387	0.278814	0.512887	0.208299
Muller_E	2890907	0.278844	0.512885	0.208271
Muller_E	2894764	0.279067	0.512868	0.208065
Muller_E	2899098	0.279318	0.512849	0.207834
Muller_E	2901481	0.279456	0.512838	0.207706
Muller_E	2901643	0.279465	0.512837	0.207698
Muller_E	2902627	0.279522	0.512833	0.207645
Muller_E	2903432	0.279569	0.512829	0.207602
Muller_E	2904998	0.27966	0.512822	0.207519
Muller_E	2905994	0.279717	0.512817	0.207465
Muller_E	2907134	0.279783	0.512812	0.207405
Muller_E	2908511	0.279863	0.512806	0.207331
Muller_E	2909452	0.279918	0.512801	0.207281
Muller_E	2910160	0.279959	0.512798	0.207243
Muller_E	2911022	0.280009	0.512794	0.207197
Muller_E	2911252	0.280022	0.512793	0.207185
Muller_E	2911992	0.280065	0.51279	0.207145
Muller_E	2914672	0.28022	0.512777	0.207003
Muller_E	2915489	0.280268	0.512773	0.206959
Muller_E	2918585	0.280448	0.512759	0.206794
Muller_E	2919015	0.280472	0.512757	0.206771
Muller_E	2919728	0.280514	0.512753	0.206733
Muller_E	2919971	0.280528	0.512752	0.20672
Muller_E	2921506	0.280617	0.512745	0.206638
Muller_E	2922564	0.280678	0.51274	0.206582
Muller_E	2922707	0.280687	0.512739	0.206574
Muller_E	2924226	0.280775	0.512732	0.206493
Muller_E	2925108	0.280826	0.512727	0.206446
Muller_E	2925552	0.280852	0.512725	0.206423
Muller_E	2928855	0.281044	0.512709	0.206247
Muller_E	2930674	0.281149	0.5127	0.20615
Muller_E	2931258	0.281183	0.512698	0.206119
Muller_E	2931592	0.281203	0.512696	0.206101
Muller_E	2931798	0.281215	0.512695	0.20609
Muller_E	2932326	0.281245	0.512692	0.206062
Muller_E	2945623	0.282019	0.512626	0.205355
Muller_E	2945753	0.282026	0.512626	0.205348
Muller_E	2945878	0.282034	0.512625	0.205341
Muller_E	2946001	0.282041	0.512624	0.205335
Muller_E	2955783	0.28261	0.512574	0.204815
Muller_E	2957997	0.282739	0.512563	0.204698
Muller_E	2959282	0.282814	0.512556	0.20463
Muller_E	2959697	0.282838	0.512554	0.204608
Muller_E	2959819	0.282846	0.512553	0.204601
Muller_E	2960759	0.2829	0.512549	0.204551
Muller_E	2961667	0.282953	0.512544	0.204503
Muller_E	2961801	0.282961	0.512543	0.204496
Muller_E	2963254	0.283046	0.512535	0.204419
Muller_E	2963568	0.283064	0.512534	0.204402
Muller_E	2975263	0.283746	0.512472	0.203782
Muller_E	2976725	0.283832	0.512464	0.203705
Muller_E	2977784	0.283894	0.512458	0.203649
Muller_E	2982473	0.284167	0.512432	0.2034
Muller_E	2984283	0.284273	0.512422	0.203304
Muller_E	2985483	0.284343	0.512416	0.203241
Muller_E	2985658	0.284354	0.512415	0.203232
Muller_E	2985908	0.284368	0.512413	0.203218
Muller_E	2987685	0.284472	0.512404	0.203124
Muller_E	2992894	0.284777	0.512375	0.202849
Muller_E	2993313	0.284801	0.512372	0.202827
Muller_E	2993798	0.284829	0.51237	0.202801
Muller_E	2994137	0.284849	0.512368	0.202783
Muller_E	2994487	0.28487	0.512366	0.202765
Muller_E	2994615	0.284877	0.512365	0.202758
Muller_E	2995123	0.284907	0.512362	0.202731
Muller_E	2995701	0.284941	0.512359	0.2027
Muller_E	2996048	0.284961	0.512357	0.202682
Muller_E	2996738	0.285001	0.512353	0.202646
Muller_E	2996880	0.28501	0.512352	0.202638
Muller_E	2997113	0.285023	0.512351	0.202626
Muller_E	2999116	0.285141	0.51234	0.20252
Muller_E	2999459	0.285161	0.512338	0.202502
Muller_E	3001420	0.285275	0.512326	0.202398
Muller_E	3001578	0.285285	0.512326	0.20239
Muller_E	3001696	0.285292	0.512325	0.202384
Muller_E	3002579	0.285343	0.51232	0.202337
Muller_E	3003095	0.285373	0.512317	0.20231
Muller_E	3003540	0.2854	0.512314	0.202286
Muller_E	3004120	0.285434	0.512311	0.202255
Muller_E	3005221	0.285498	0.512305	0.202197
Muller_E	3007967	0.285659	0.512289	0.202052
Muller_E	3012773	0.28594	0.512261	0.201799
Muller_E	3013331	0.285973	0.512258	0.201769
Muller_E	3013618	0.28599	0.512256	0.201754
Muller_E	3014080	0.286017	0.512253	0.20173
Muller_E	3014783	0.286058	0.512249	0.201693
Muller_E	3016296	0.286147	0.51224	0.201613
Muller_E	3017214	0.286201	0.512235	0.201564
Muller_E	3018320	0.286266	0.512228	0.201506
Muller_E	3018982	0.286304	0.512225	0.201471
Muller_E	3019303	0.286323	0.512223	0.201454
Muller_E	3019831	0.286354	0.51222	0.201426
Muller_E	3021834	0.286472	0.512208	0.201321
Muller_E	3021944	0.286478	0.512207	0.201315
Muller_E	3023127	0.286548	0.5122	0.201252
Muller_E	3024474	0.286627	0.512192	0.201181
Muller_E	3024813	0.286646	0.51219	0.201164
Muller_E	3029421	0.286917	0.512162	0.200921
Muller_E	3029834	0.286941	0.51216	0.200899
Muller_E	3030101	0.286957	0.512158	0.200885
Muller_E	3033200	0.287139	0.512139	0.200722
Muller_E	3033901	0.28718	0.512135	0.200685
Muller_E	3034073	0.28719	0.512134	0.200676
Muller_E	3036032	0.287305	0.512122	0.200573
Muller_E	3038305	0.287439	0.512108	0.200453
Muller_E	3041816	0.287645	0.512087	0.200268
Muller_E	3044683	0.287814	0.512069	0.200117
Muller_E	3046757	0.287936	0.512056	0.200008
Muller_E	3046887	0.287943	0.512055	0.200001
Muller_E	3047900	0.288003	0.512049	0.199948
Muller_E	3048135	0.288017	0.512048	0.199936
Muller_E	3050664	0.288166	0.512032	0.199803
Muller_E	3051698	0.288226	0.512025	0.199748
Muller_E	3051968	0.288242	0.512024	0.199734
Muller_E	3052635	0.288282	0.512019	0.199699
Muller_E	3053197	0.288315	0.512016	0.19967
Muller_E	3056428	0.288505	0.511995	0.1995
Muller_E	3056712	0.288521	0.511994	0.199485
Muller_E	3058398	0.288621	0.511983	0.199396
Muller_E	3059687	0.288697	0.511975	0.199329
Muller_E	3061511	0.288804	0.511963	0.199233
Muller_E	3062406	0.288857	0.511957	0.199186
Muller_E	3062537	0.288865	0.511956	0.199179
Muller_E	3100018	0.291077	0.511708	0.197215
Muller_E	3100718	0.291118	0.511703	0.197178
Muller_E	3112367	0.291808	0.511623	0.196569
Muller_E	3112987	0.291845	0.511618	0.196537
Muller_E	3113420	0.29187	0.511615	0.196514
Muller_E	3116107	0.292029	0.511596	0.196374
Muller_E	3119432	0.292227	0.511573	0.1962
Muller_E	3119714	0.292243	0.511571	0.196186
Muller_E	3120862	0.292311	0.511563	0.196126
Muller_E	3122265	0.292394	0.511553	0.196053
Muller_E	3123364	0.29246	0.511545	0.195995
Muller_E	3124138	0.292505	0.51154	0.195955
Muller_E	3127464	0.292703	0.511516	0.195781
Muller_E	3128767	0.29278	0.511506	0.195713
Muller_E	3128895	0.292788	0.511506	0.195707
Muller_E	3129611	0.29283	0.5115	0.195669
Muller_E	3129743	0.292838	0.511499	0.195663
Muller_E	3130171	0.292863	0.511496	0.19564
Muller_E	3131529	0.292944	0.511487	0.195569
Muller_E	3137674	0.293309	0.511442	0.195249
Muller_E	3139976	0.293445	0.511425	0.195129
Muller_E	3143168	0.293635	0.511402	0.194963
Muller_E	3169152	0.295181	0.511207	0.193612
Muller_E	3170575	0.295266	0.511196	0.193538
Muller_E	3173857	0.295461	0.511171	0.193368
Muller_E	3192801	0.296592	0.511023	0.192386
Muller_E	3194086	0.296668	0.511013	0.192319
Muller_E	3194230	0.296677	0.511011	0.192312
Muller_E	3207603	0.297476	0.510904	0.191619
Muller_E	3207708	0.297483	0.510903	0.191614
Muller_E	3208070	0.297504	0.5109	0.191595
Muller_E	3208369	0.297522	0.510898	0.19158
Muller_E	3208507	0.29753	0.510897	0.191573
Muller_E	3208706	0.297542	0.510895	0.191562
Muller_E	3210124	0.297627	0.510884	0.191489
Muller_E	3211254	0.297695	0.510875	0.191431
Muller_E	3212088	0.297745	0.510868	0.191388
Muller_E	3216063	0.297983	0.510835	0.191182
Muller_E	3216461	0.298006	0.510832	0.191162
Muller_E	3217109	0.298045	0.510827	0.191128
Muller_E	3217441	0.298065	0.510824	0.191111
Muller_E	3217706	0.298081	0.510822	0.191097
Muller_E	3217825	0.298088	0.510821	0.191091
Muller_E	3218354	0.29812	0.510816	0.191064
Muller_E	3219292	0.298176	0.510809	0.191015
Muller_E	3219763	0.298204	0.510805	0.190991
Muller_E	3221459	0.298306	0.510791	0.190903
Muller_E	3222112	0.298345	0.510785	0.19087
Muller_E	3223012	0.298399	0.510778	0.190823
Muller_E	3223549	0.298431	0.510774	0.190795
Muller_E	3224815	0.298507	0.510763	0.19073
Muller_E	3226800	0.298626	0.510747	0.190628
Muller_E	3229718	0.298801	0.510722	0.190477
Muller_E	3240322	0.299437	0.510633	0.18993
Muller_E	3240918	0.299473	0.510628	0.189899
Muller_E	3241273	0.299494	0.510625	0.189881
Muller_E	3247835	0.299888	0.510569	0.189543
Muller_E	3251442	0.300105	0.510538	0.189357
Muller_E	3252203	0.30015	0.510531	0.189318
Muller_E	3254014	0.300259	0.510516	0.189225
Muller_E	3254518	0.30029	0.510511	0.189199
Muller_E	3255141	0.300327	0.510506	0.189167
Muller_E	3255365	0.30034	0.510504	0.189155
Muller_E	3259142	0.300568	0.510471	0.188961
Muller_E	3259935	0.300615	0.510464	0.18892
Muller_E	3262497	0.300769	0.510442	0.188789
Muller_E	3263708	0.300842	0.510431	0.188726
Muller_E	3264644	0.300899	0.510423	0.188678
Muller_E	3266132	0.300988	0.51041	0.188602
Muller_E	3266579	0.301015	0.510406	0.188579
Muller_E	3266806	0.301029	0.510404	0.188567
Muller_E	3269029	0.301163	0.510385	0.188453
Muller_E	3271700	0.301323	0.510361	0.188316
Muller_E	3271881	0.301334	0.51036	0.188306
Muller_E	3273894	0.301455	0.510342	0.188203
Muller_E	3275081	0.301527	0.510331	0.188142
Muller_E	3275989	0.301582	0.510323	0.188095
Muller_E	3278049	0.301706	0.510305	0.18799
Muller_E	3280894	0.301877	0.510279	0.187843
Muller_E	3282107	0.30195	0.510268	0.187781
Muller_E	3282973	0.302003	0.510261	0.187737
Muller_E	3284532	0.302097	0.510247	0.187657
Muller_E	3291321	0.302506	0.510185	0.187309
Muller_E	3291878	0.30254	0.51018	0.18728
Muller_E	3293351	0.302629	0.510167	0.187205
Muller_E	3293759	0.302653	0.510163	0.187184
Muller_E	3304917	0.303327	0.510061	0.186612
Muller_E	3306663	0.303433	0.510045	0.186523
Muller_E	3306880	0.303446	0.510043	0.186512
Muller_E	3310127	0.303642	0.510012	0.186345
Muller_E	3312301	0.303773	0.509992	0.186234
Muller_E	3312718	0.303799	0.509988	0.186213
Muller_E	3318766	0.304165	0.509932	0.185904
Muller_E	3323588	0.304456	0.509886	0.185657
Muller_E	3324201	0.304494	0.50988	0.185626
Muller_E	3324656	0.304521	0.509876	0.185603
Muller_E	3325091	0.304548	0.509872	0.18558
Muller_E	3326084	0.304608	0.509863	0.18553
Muller_E	3326190	0.304614	0.509862	0.185524
Muller_E	3330218	0.304858	0.509823	0.185319
Muller_E	3334866	0.30514	0.509779	0.185081
Muller_E	3337545	0.305302	0.509753	0.184945
Muller_E	3340268	0.305467	0.509727	0.184806
Muller_E	3340480	0.30548	0.509725	0.184795
Muller_E	3410593	0.309748	0.509019	0.181232
Muller_E	3431230	0.311011	0.508801	0.180189
Muller_E	3437416	0.31139	0.508734	0.179876
Muller_E	3456916	0.312586	0.508522	0.178893
Muller_E	3457694	0.312633	0.508513	0.178854
Muller_E	3459001	0.312714	0.508499	0.178788
Muller_E	3462300	0.312916	0.508462	0.178622
Muller_E	3464519	0.313053	0.508437	0.17851
Muller_E	3464673	0.313062	0.508436	0.178502
Muller_E	3477602	0.313857	0.508291	0.177852
Muller_E	3525631	0.31682	0.507737	0.175443
Muller_E	3546828	0.318132	0.507483	0.174385
Muller_E	3557059	0.318766	0.507359	0.173874
Muller_E	3566467	0.31935	0.507244	0.173406
Muller_E	3572057	0.319698	0.507175	0.173127
Muller_E	3572168	0.319705	0.507174	0.173122
Muller_E	3579272	0.320146	0.507085	0.172768
Muller_E	3579502	0.32016	0.507083	0.172757
Muller_E	3582419	0.320342	0.507046	0.172612
Muller_E	3590131	0.320822	0.506949	0.172229
Muller_E	3605233	0.321763	0.506758	0.171479
Muller_E	3610748	0.322107	0.506688	0.171206
Muller_E	3611776	0.322171	0.506674	0.171155
Muller_E	3615071	0.322377	0.506632	0.170991
Muller_E	3617701	0.322541	0.506598	0.170861
Muller_E	3617818	0.322548	0.506597	0.170855
Muller_E	3617948	0.322556	0.506595	0.170849
Muller_E	3623404	0.322897	0.506524	0.170579
Muller_E	3630035	0.323311	0.506438	0.170251
Muller_E	3631532	0.323405	0.506418	0.170177
Muller_E	3634067	0.323563	0.506385	0.170051
Muller_E	3642157	0.32407	0.506279	0.169652
Muller_E	3643438	0.32415	0.506262	0.169588
Muller_E	3645674	0.32429	0.506232	0.169478
Muller_E	3652519	0.324719	0.506141	0.16914
Muller_E	3655257	0.32489	0.506105	0.169005
Muller_E	3657953	0.325059	0.506069	0.168872
Muller_E	3660200	0.3252	0.506039	0.168761
Muller_E	3665461	0.32553	0.505968	0.168502
Muller_E	3670065	0.325819	0.505906	0.168275
Muller_E	3757777	0.331351	0.504673	0.163976
Muller_E	3766114	0.331879	0.504552	0.163569
Muller_E	3770199	0.332138	0.504492	0.16337
Muller_E	3771242	0.332205	0.504476	0.163319
Muller_E	3775369	0.332466	0.504415	0.163118
Muller_E	3781958	0.332885	0.504318	0.162798
Muller_E	3788305	0.333288	0.504223	0.162489
Muller_E	3788531	0.333302	0.50422	0.162478
Muller_E	3788717	0.333314	0.504217	0.162469
Muller_E	3791492	0.333491	0.504175	0.162334
Muller_E	3791929	0.333519	0.504169	0.162313
Muller_E	3794089	0.333656	0.504137	0.162208
Muller_E	3798034	0.333907	0.504077	0.162016
Muller_E	3805877	0.334406	0.503959	0.161635
Muller_E	3808116	0.334549	0.503925	0.161526
Muller_E	3837593	0.336429	0.503473	0.160098
Muller_E	3889492	0.339754	0.502651	0.157595
Muller_E	3892070	0.339919	0.50261	0.157471
Muller_E	3892768	0.339964	0.502598	0.157438
Muller_E	3893846	0.340033	0.502581	0.157386
Muller_E	3895236	0.340123	0.502558	0.157319
Muller_E	3896701	0.340217	0.502535	0.157249
Muller_E	3964144	0.344567	0.501413	0.154019
Muller_E	3964249	0.344574	0.501411	0.154014
Muller_E	3964701	0.344603	0.501404	0.153993
Muller_E	3965335	0.344645	0.501393	0.153963
Muller_E	3965537	0.344658	0.501389	0.153953
Muller_E	3971184	0.345023	0.501293	0.153684
Muller_E	4005791	0.347269	0.500694	0.152037
Muller_E	4007537	0.347383	0.500663	0.151954
Muller_E	4008073	0.347418	0.500654	0.151929
Muller_E	4008732	0.347461	0.500642	0.151897
Muller_E	4009275	0.347496	0.500632	0.151872
Muller_E	4009794	0.34753	0.500623	0.151847
Muller_E	4010462	0.347573	0.500612	0.151815
Muller_E	4011246	0.347624	0.500598	0.151778
Muller_E	4011350	0.347631	0.500596	0.151773
Muller_E	4011743	0.347656	0.500589	0.151755
Muller_E	4012926	0.347733	0.500568	0.151698
Muller_E	4015010	0.347869	0.500531	0.151599
Muller_E	4015956	0.347931	0.500515	0.151555
Muller_E	4016731	0.347981	0.500501	0.151518
Muller_E	4017133	0.348007	0.500494	0.151499
Muller_E	4017640	0.34804	0.500485	0.151475
Muller_E	4021078	0.348264	0.500424	0.151312
Muller_E	4021876	0.348316	0.50041	0.151274
Muller_E	4022513	0.348358	0.500399	0.151244
Muller_E	4022928	0.348385	0.500391	0.151224
Muller_E	4024532	0.348489	0.500363	0.151148
Muller_E	4024639	0.348496	0.500361	0.151143
Muller_E	4025270	0.348537	0.50035	0.151113
Muller_E	4027169	0.348661	0.500316	0.151023
Muller_E	4027437	0.348678	0.500311	0.15101
Muller_E	4027764	0.3487	0.500305	0.150995
Muller_E	4029270	0.348798	0.500279	0.150924
Muller_E	4032202	0.348989	0.500226	0.150785
Muller_E	4032327	0.348997	0.500224	0.150779
Muller_E	4033521	0.349075	0.500203	0.150722
Muller_E	4033797	0.349093	0.500198	0.150709
Muller_E	4036360	0.34926	0.500152	0.150588
Muller_E	4037138	0.349311	0.500138	0.150551
Muller_E	4037610	0.349342	0.50013	0.150529
Muller_E	4040496	0.34953	0.500078	0.150392
Muller_E	4040949	0.34956	0.50007	0.150371
Muller_E	4045900	0.349883	0.499981	0.150137
Muller_E	4046078	0.349894	0.499978	0.150128
Muller_E	4046843	0.349944	0.499964	0.150092
Muller_E	4047581	0.349992	0.499951	0.150057
Muller_E	4048275	0.350038	0.499938	0.150024
Muller_E	4048700	0.350066	0.49993	0.150004
Muller_E	4053592	0.350385	0.499842	0.149773
Muller_E	4056223	0.350557	0.499794	0.149649
Muller_E	4056545	0.350578	0.499788	0.149634
Muller_E	4056951	0.350605	0.499781	0.149614
Muller_E	4057601	0.350647	0.499769	0.149584
Muller_E	4057720	0.350655	0.499767	0.149578
Muller_E	4058043	0.350676	0.499761	0.149563
Muller_E	4058149	0.350683	0.499759	0.149558
Muller_E	4058704	0.350719	0.499749	0.149532
Muller_E	4059417	0.350766	0.499736	0.149498
Muller_E	4059965	0.350802	0.499726	0.149472
Muller_E	4061381	0.350894	0.499701	0.149405
Muller_E	4061745	0.350918	0.499694	0.149388
Muller_E	4062020	0.350936	0.499689	0.149375
Muller_E	4062507	0.350968	0.49968	0.149352
Muller_E	4062941	0.350996	0.499672	0.149332
Muller_E	4064035	0.351068	0.499652	0.14928
Muller_E	4064680	0.35111	0.49964	0.14925
Muller_E	4064829	0.35112	0.499638	0.149242
Muller_E	4065474	0.351162	0.499626	0.149212
Muller_E	4065574	0.351169	0.499624	0.149207
Muller_E	4066028	0.351198	0.499616	0.149186
Muller_E	4067541	0.351297	0.499588	0.149115
Muller_E	4067967	0.351325	0.49958	0.149094
Muller_E	4068535	0.351362	0.49957	0.149068
Muller_E	4069245	0.351409	0.499557	0.149034
Muller_E	4070105	0.351465	0.499541	0.148994
Muller_E	4071088	0.351529	0.499523	0.148947
Muller_E	4071641	0.351566	0.499513	0.148921
Muller_E	4072126	0.351597	0.499504	0.148898
Muller_E	4072768	0.351639	0.499493	0.148868
Muller_E	4072973	0.351653	0.499489	0.148858
Muller_E	4073359	0.351678	0.499482	0.14884
Muller_E	4075135	0.351794	0.499449	0.148757
Muller_E	4075254	0.351802	0.499447	0.148751
Muller_E	4076053	0.351855	0.499432	0.148713
Muller_E	4077160	0.351927	0.499412	0.148661
Muller_E	4078165	0.351993	0.499393	0.148614
Muller_E	4078690	0.352027	0.499384	0.148589
Muller_E	4078900	0.352041	0.49938	0.148579
Muller_E	4079010	0.352048	0.499378	0.148574
Muller_E	4079297	0.352067	0.499373	0.14856
Muller_E	4081728	0.352226	0.499328	0.148446
Muller_E	4082079	0.352249	0.499321	0.148429
Muller_E	4083988	0.352374	0.499286	0.148339
Muller_E	4085715	0.352488	0.499254	0.148258
Muller_E	4089306	0.352723	0.499188	0.148089
Muller_E	4089803	0.352756	0.499178	0.148066
Muller_E	4092778	0.352951	0.499123	0.147926
Muller_E	4092894	0.352959	0.499121	0.14792
Muller_E	4098915	0.353354	0.499009	0.147637
Muller_E	4109650	0.354059	0.498808	0.147133
Muller_E	4113217	0.354293	0.498741	0.146966
Muller_E	4113538	0.354314	0.498735	0.14695
Muller_E	4114422	0.354373	0.498718	0.146909
Muller_E	4114803	0.354398	0.498711	0.146891
Muller_E	4115118	0.354418	0.498705	0.146876
Muller_E	4116856	0.354533	0.498672	0.146795
Muller_E	4117074	0.354547	0.498668	0.146785
Muller_E	4117473	0.354573	0.498661	0.146766
Muller_E	4118970	0.354672	0.498633	0.146696
Muller_E	4121851	0.354861	0.498578	0.146561
Muller_E	4122071	0.354876	0.498574	0.14655
Muller_E	4122393	0.354897	0.498568	0.146535
Muller_E	4122818	0.354925	0.49856	0.146515
Muller_E	4124318	0.355024	0.498531	0.146445
Muller_E	4124418	0.35503	0.498529	0.14644
Muller_E	4126492	0.355167	0.49849	0.146343
Muller_E	4127527	0.355235	0.49847	0.146295
Muller_E	4127720	0.355248	0.498467	0.146285
Muller_E	4128101	0.355273	0.49846	0.146268
Muller_E	4128234	0.355282	0.498457	0.146261
Muller_E	4130334	0.35542	0.498417	0.146163
Muller_E	4132221	0.355544	0.498381	0.146075
Muller_E	4134741	0.35571	0.498333	0.145957
Muller_E	4134982	0.355726	0.498329	0.145945
Muller_E	4136547	0.355829	0.498299	0.145872
Muller_E	4140224	0.356072	0.498228	0.1457
Muller_E	4140902	0.356116	0.498215	0.145668
Muller_E	4141485	0.356155	0.498204	0.145641
Muller_E	4143836	0.35631	0.498159	0.145531
Muller_E	4144350	0.356344	0.498149	0.145507
Muller_E	4144848	0.356377	0.49814	0.145484
Muller_E	4150850	0.356773	0.498024	0.145203
Muller_E	4151927	0.356844	0.498003	0.145153
Muller_E	4154621	0.357022	0.497951	0.145027
Muller_E	4159745	0.35736	0.497852	0.144788
Muller_E	4159958	0.357374	0.497848	0.144778
Muller_E	4160923	0.357438	0.497829	0.144733
Muller_E	4161787	0.357495	0.497813	0.144692
Muller_E	4162162	0.35752	0.497805	0.144675
Muller_E	4163984	0.35764	0.49777	0.14459
Muller_E	4164218	0.357656	0.497765	0.144579
Muller_E	4164859	0.357698	0.497753	0.144549
Muller_E	4165033	0.35771	0.49775	0.144541
Muller_E	4165157	0.357718	0.497747	0.144535
Muller_E	4165383	0.357733	0.497743	0.144524
Muller_E	4165808	0.357761	0.497734	0.144505
Muller_E	4165958	0.357771	0.497732	0.144498
Muller_E	4166062	0.357778	0.49773	0.144493
Muller_E	4166243	0.35779	0.497726	0.144484
Muller_E	4166628	0.357815	0.497719	0.144466
Muller_E	4168755	0.357956	0.497677	0.144367
Muller_E	4172546	0.358207	0.497603	0.14419
Muller_E	4172827	0.358225	0.497598	0.144177
Muller_E	4173860	0.358293	0.497577	0.144129
Muller_E	4176100	0.358442	0.497534	0.144025
Muller_E	4176326	0.358457	0.497529	0.144014
Muller_E	4176826	0.35849	0.497519	0.143991
Muller_E	4177022	0.358503	0.497516	0.143982
Muller_E	4178339	0.35859	0.49749	0.14392
Muller_E	4178608	0.358608	0.497484	0.143908
Muller_E	4179326	0.358655	0.49747	0.143874
Muller_E	4180712	0.358747	0.497443	0.14381
Muller_E	4180966	0.358764	0.497438	0.143798
Muller_E	4184926	0.359026	0.49736	0.143614
Muller_E	4185178	0.359043	0.497355	0.143602
Muller_E	4185319	0.359052	0.497353	0.143595
Muller_E	4185532	0.359066	0.497348	0.143585
Muller_E	4187632	0.359205	0.497307	0.143488
Muller_E	4188227	0.359245	0.497295	0.14346
Muller_E	4188670	0.359274	0.497286	0.143439
Muller_E	4192621	0.359536	0.497208	0.143255
Muller_E	4193546	0.359597	0.49719	0.143212
Muller_E	4194407	0.359655	0.497173	0.143172
Muller_E	4195783	0.359746	0.497146	0.143108
Muller_E	4196010	0.359761	0.497141	0.143098
Muller_E	4197440	0.359856	0.497113	0.143031
Muller_E	4198223	0.359908	0.497097	0.142995
Muller_E	4199021	0.359961	0.497082	0.142958
Muller_E	4199203	0.359973	0.497078	0.142949
Muller_E	4199424	0.359987	0.497074	0.142939
Muller_E	4199639	0.360002	0.497069	0.142929
Muller_E	4199983	0.360024	0.497062	0.142913
Muller_E	4203293	0.360244	0.496997	0.142759
Muller_E	4205814	0.360411	0.496946	0.142642
Muller_E	4206134	0.360433	0.49694	0.142627
Muller_E	4207588	0.360529	0.496911	0.14256
Muller_E	4210680	0.360735	0.496849	0.142416
Muller_E	4210928	0.360751	0.496844	0.142405
Muller_E	4211312	0.360777	0.496837	0.142387
Muller_E	4211755	0.360806	0.496828	0.142366
Muller_E	4213444	0.360918	0.496794	0.142288
Muller_E	4216650	0.361131	0.49673	0.142139
Muller_E	4217058	0.361158	0.496721	0.14212
Muller_E	4217453	0.361185	0.496713	0.142102
Muller_E	4217565	0.361192	0.496711	0.142097
Muller_E	4217669	0.361199	0.496709	0.142092
Muller_E	4217825	0.361209	0.496706	0.142085
Muller_E	4218923	0.361282	0.496684	0.142034
Muller_E	4225215	0.361701	0.496557	0.141742
Muller_E	4232774	0.362204	0.496404	0.141392
Muller_E	4235298	0.362372	0.496353	0.141275
Muller_E	4245993	0.363085	0.496135	0.14078
Muller_E	4252835	0.363541	0.495995	0.140464
Muller_E	4253725	0.3636	0.495977	0.140423
Muller_E	4256197	0.363765	0.495926	0.140308
Muller_E	4261234	0.364102	0.495823	0.140076
Muller_E	4262892	0.364212	0.495788	0.139999
Muller_E	4263238	0.364235	0.495781	0.139983
Muller_E	4263588	0.364259	0.495774	0.139967
Muller_E	4264621	0.364328	0.495753	0.13992
Muller_E	4266950	0.364483	0.495705	0.139812
Muller_E	4267529	0.364522	0.495693	0.139785
Muller_E	4276223	0.365103	0.495512	0.139385
Muller_E	4311688	0.36748	0.494767	0.137753
Muller_E	4311965	0.367498	0.494761	0.137741
Muller_E	4312254	0.367518	0.494755	0.137727
Muller_E	4312510	0.367535	0.49475	0.137716
Muller_E	4334492	0.369012	0.49428	0.136708
Muller_E	4352032	0.370194	0.493901	0.135906
Muller_E	4353438	0.370289	0.49387	0.135841
Muller_E	4356857	0.370519	0.493796	0.135685
Muller_E	4360054	0.370735	0.493726	0.135539
Muller_E	4374783	0.371729	0.493403	0.134867
Muller_E	4374946	0.37174	0.4934	0.13486
Muller_E	4381350	0.372173	0.493259	0.134568
Muller_E	4558836	0.384288	0.489146	0.126566
Muller_E	4562012	0.384506	0.489069	0.126424
Muller_E	4564083	0.384649	0.489019	0.126332
Muller_E	4564194	0.384657	0.489016	0.126327
Muller_E	4568491	0.384953	0.488911	0.126136
Muller_E	4569115	0.384996	0.488896	0.126108
Muller_E	4569749	0.38504	0.488881	0.126079
Muller_E	4570340	0.385081	0.488866	0.126053
Muller_E	4571890	0.385188	0.488828	0.125984
Muller_E	4572624	0.385238	0.48881	0.125951
Muller_E	4573491	0.385298	0.488789	0.125913
Muller_E	4573809	0.38532	0.488781	0.125899
Muller_E	4577361	0.385565	0.488695	0.12574
Muller_E	4577462	0.385572	0.488692	0.125736
Muller_E	4578308	0.385631	0.488671	0.125698
Muller_E	4580664	0.385793	0.488614	0.125593
Muller_E	4580954	0.385813	0.488606	0.12558
Muller_E	4581769	0.385869	0.488586	0.125544
Muller_E	4581909	0.385879	0.488583	0.125538
Muller_E	4583019	0.385956	0.488556	0.125488
Muller_E	4583393	0.385982	0.488547	0.125472
Muller_E	4583516	0.38599	0.488544	0.125466
Muller_E	4584473	0.386056	0.48852	0.125424
Muller_E	4589180	0.386381	0.488404	0.125214
Muller_E	4590247	0.386455	0.488378	0.125167
Muller_E	4591539	0.386545	0.488346	0.125109
Muller_E	4593253	0.386663	0.488304	0.125033
Muller_E	4593508	0.386681	0.488297	0.125022
Muller_E	4593974	0.386713	0.488286	0.125001
Muller_E	4595111	0.386792	0.488258	0.124951
Muller_E	4595303	0.386805	0.488253	0.124942
Muller_E	4597548	0.38696	0.488198	0.124842
Muller_E	4597833	0.38698	0.488191	0.12483
Muller_E	4600306	0.387151	0.488129	0.12472
Muller_E	4607273	0.387633	0.487956	0.124411
Muller_E	4607398	0.387642	0.487953	0.124405
Muller_E	4610441	0.387853	0.487878	0.12427
Muller_E	4611041	0.387894	0.487863	0.124243
Muller_E	4611562	0.38793	0.48785	0.12422
Muller_E	4611697	0.38794	0.487846	0.124214
Muller_E	4612447	0.387991	0.487828	0.124181
Muller_E	4612733	0.388011	0.48782	0.124168
Muller_E	4612927	0.388025	0.487816	0.12416
Muller_E	4613148	0.38804	0.48781	0.12415
Muller_E	4614502	0.388134	0.487776	0.12409
Muller_E	4615888	0.38823	0.487742	0.124028
Muller_E	4616173	0.38825	0.487735	0.124016
Muller_E	4616508	0.388273	0.487726	0.124001
Muller_E	4616663	0.388284	0.487722	0.123994
Muller_E	4618190	0.388389	0.487684	0.123926
Muller_E	4619781	0.3885	0.487644	0.123856
Muller_E	4622166	0.388665	0.487585	0.12375
Muller_E	4626314	0.388953	0.487481	0.123566
Muller_E	4626864	0.388991	0.487467	0.123542
Muller_E	4627368	0.389026	0.487454	0.12352
Muller_E	4627488	0.389034	0.487451	0.123514
Muller_E	4633961	0.389484	0.487288	0.123228
Muller_E	4635834	0.389614	0.487241	0.123145
Muller_E	4636452	0.389657	0.487226	0.123118
Muller_E	4637295	0.389715	0.487204	0.12308
Muller_E	4640891	0.389965	0.487113	0.122921
Muller_E	4645727	0.390301	0.486991	0.122708
Muller_E	4646376	0.390346	0.486975	0.122679
Muller_E	4646798	0.390376	0.486964	0.12266
Muller_E	4653320	0.390829	0.486798	0.122372
Muller_E	4656520	0.391052	0.486717	0.122231
Muller_E	4672665	0.392177	0.486304	0.121519
Muller_E	4674140	0.39228	0.486266	0.121454
Muller_E	4675745	0.392391	0.486225	0.121384
Muller_E	4676485	0.392443	0.486206	0.121351
Muller_E	4677110	0.392487	0.48619	0.121324
Muller_E	4677655	0.392525	0.486176	0.1213
Muller_E	4678986	0.392618	0.486141	0.121241
Muller_E	4680223	0.392704	0.486109	0.121187
Muller_E	4682403	0.392856	0.486053	0.121091
Muller_E	4682621	0.392871	0.486048	0.121081
Muller_E	4684270	0.392986	0.486005	0.121009
Muller_E	4685491	0.393072	0.485973	0.120955
Muller_E	4686019	0.393108	0.48596	0.120932
Muller_E	4687101	0.393184	0.485932	0.120884
Muller_E	4689628	0.39336	0.485866	0.120773
Muller_E	4690052	0.39339	0.485856	0.120754
Muller_E	4690344	0.39341	0.485848	0.120742
Muller_E	4690905	0.39345	0.485833	0.120717
Muller_E	4691125	0.393465	0.485828	0.120707
Muller_E	4691712	0.393506	0.485812	0.120681
Muller_E	4691999	0.393526	0.485805	0.120669
Muller_E	4692111	0.393534	0.485802	0.120664
Muller_E	4693234	0.393612	0.485773	0.120615
Muller_E	4693620	0.393639	0.485763	0.120598
Muller_E	4693753	0.393649	0.48576	0.120592
Muller_E	4694021	0.393667	0.485753	0.12058
Muller_E	4694592	0.393707	0.485738	0.120555
Muller_E	4696429	0.393836	0.48569	0.120474
Muller_E	4696792	0.393861	0.485681	0.120458
Muller_E	4699402	0.394043	0.485613	0.120344
Muller_E	4700957	0.394152	0.485572	0.120275
Muller_E	4702606	0.394268	0.485529	0.120203
Muller_E	4708142	0.394655	0.485385	0.11996
Muller_E	4712097	0.394932	0.485282	0.119787
Muller_E	4713898	0.395058	0.485234	0.119708
Muller_E	4714194	0.395079	0.485227	0.119695
Muller_E	4717094	0.395282	0.485151	0.119568
Muller_E	4717794	0.395331	0.485132	0.119537
Muller_E	4720564	0.395525	0.48506	0.119416
Muller_E	4722390	0.395653	0.485012	0.119336
Muller_E	4727534	0.396013	0.484876	0.119111
Muller_E	4730688	0.396235	0.484793	0.118973
Muller_E	4731377	0.396283	0.484775	0.118942
Muller_E	4732944	0.396393	0.484733	0.118874
Muller_E	4738342	0.396772	0.48459	0.118638
Muller_E	4739398	0.396846	0.484562	0.118592
Muller_E	4742492	0.397063	0.48448	0.118457
Muller_E	4745718	0.39729	0.484395	0.118316
Muller_E	4746457	0.397342	0.484375	0.118283
Muller_E	4748015	0.397451	0.484334	0.118215
Muller_E	4748352	0.397475	0.484325	0.118201
Muller_E	4748630	0.397494	0.484317	0.118188
Muller_E	4751071	0.397666	0.484252	0.118082
Muller_E	4751685	0.397709	0.484236	0.118055
Muller_E	4751817	0.397718	0.484232	0.118049
Muller_E	4752607	0.397774	0.484211	0.118015
Muller_E	4752773	0.397786	0.484207	0.118008
Muller_E	4753826	0.39786	0.484179	0.117962
Muller_E	4754671	0.397919	0.484156	0.117925
Muller_E	4756619	0.398056	0.484104	0.11784
Muller_E	4759191	0.398237	0.484035	0.117728
Muller_E	4761262	0.398383	0.48398	0.117637
Muller_E	4761866	0.398425	0.483964	0.117611
Muller_E	4761985	0.398434	0.48396	0.117606
Muller_E	4763545	0.398543	0.483919	0.117538
Muller_E	4764509	0.398611	0.483893	0.117496
Muller_E	4765595	0.398688	0.483864	0.117449
Muller_E	4766291	0.398737	0.483845	0.117418
Muller_E	4766501	0.398751	0.483839	0.117409
Muller_E	4767354	0.398812	0.483816	0.117372
Muller_E	4769627	0.398972	0.483755	0.117273
Muller_E	4769950	0.398994	0.483747	0.117259
Muller_E	4772288	0.399159	0.483684	0.117157
Muller_E	4773763	0.399263	0.483644	0.117093
Muller_E	4773963	0.399277	0.483639	0.117084
Muller_E	4774375	0.399306	0.483628	0.117066
Muller_E	4774957	0.399347	0.483612	0.117041
Muller_E	4775479	0.399384	0.483598	0.117018
Muller_E	4776619	0.399464	0.483567	0.116969
Muller_E	4779373	0.399658	0.483493	0.116849
Muller_E	4781913	0.399838	0.483424	0.116738
Muller_E	4782620	0.399887	0.483405	0.116708
Muller_E	4783326	0.399937	0.483386	0.116677
Muller_E	4786044	0.400129	0.483312	0.116559
Muller_E	4786690	0.400175	0.483295	0.116531
Muller_E	4789453	0.40037	0.48322	0.116411
Muller_E	4790377	0.400435	0.483195	0.116371
Muller_E	4792360	0.400575	0.483141	0.116284
Muller_E	4792549	0.400588	0.483136	0.116276
Muller_E	4792702	0.400599	0.483131	0.11627
Muller_E	4822723	0.402722	0.48231	0.114968
Muller_E	4832155	0.40339	0.482049	0.11456
Muller_E	4834924	0.403587	0.481973	0.114441
Muller_E	4838041	0.403808	0.481886	0.114306
Muller_E	4839031	0.403878	0.481859	0.114263
Muller_E	4840034	0.403949	0.481831	0.11422
Muller_E	4843722	0.404211	0.481728	0.114061
Muller_E	4844215	0.404246	0.481715	0.114039
Muller_E	4846930	0.404439	0.481639	0.113922
Muller_E	4847984	0.404514	0.48161	0.113877
Muller_E	4849699	0.404635	0.481562	0.113803
Muller_E	4849916	0.404651	0.481556	0.113793
Muller_E	4850646	0.404703	0.481535	0.113762
Muller_E	4851102	0.404735	0.481523	0.113742
Muller_E	4851280	0.404748	0.481518	0.113735
Muller_E	4852753	0.404852	0.481477	0.113671
Muller_E	4853630	0.404915	0.481452	0.113633
Muller_E	4855355	0.405037	0.481404	0.113559
Muller_E	4859608	0.40534	0.481285	0.113376
Muller_E	4860728	0.405419	0.481253	0.113327
Muller_E	4862947	0.405577	0.481191	0.113232
Muller_E	4865598	0.405766	0.481117	0.113118
Muller_E	4865718	0.405774	0.481113	0.113112
Muller_E	4866182	0.405807	0.4811	0.113092
Muller_E	4867670	0.405913	0.481058	0.113028
Muller_E	4869382	0.406035	0.48101	0.112955
Muller_E	4875634	0.40648	0.480834	0.112686
Muller_E	4875860	0.406496	0.480828	0.112676
Muller_E	4876983	0.406576	0.480796	0.112628
Muller_E	4877350	0.406602	0.480786	0.112612
Muller_E	4878065	0.406653	0.480765	0.112581
Muller_E	4879381	0.406747	0.480728	0.112525
Muller_E	4880635	0.406837	0.480693	0.112471
Muller_E	4881487	0.406897	0.480669	0.112434
Muller_E	4881936	0.406929	0.480656	0.112415
Muller_E	4884468	0.40711	0.480584	0.112306
Muller_E	4888342	0.407386	0.480474	0.11214
Muller_E	4889910	0.407498	0.48043	0.112072
Muller_E	4890915	0.40757	0.480401	0.112029
Muller_E	4891113	0.407584	0.480396	0.112021
Muller_E	4891366	0.407602	0.480388	0.11201
Muller_E	4891615	0.407619	0.480381	0.111999
Muller_E	4892655	0.407694	0.480352	0.111955
Muller_E	4894761	0.407844	0.480292	0.111864
Muller_E	4895681	0.40791	0.480266	0.111825
Muller_E	4895913	0.407926	0.480259	0.111815
Muller_E	4896016	0.407934	0.480256	0.11181
Muller_E	4896306	0.407954	0.480248	0.111798
Muller_E	4896909	0.407997	0.480231	0.111772
Muller_E	4897149	0.408014	0.480224	0.111762
Muller_E	4897396	0.408032	0.480217	0.111751
Muller_E	4899238	0.408164	0.480164	0.111672
Muller_E	4899448	0.408179	0.480158	0.111663
Muller_E	4899730	0.408199	0.48015	0.111651
Muller_E	4900388	0.408246	0.480131	0.111623
Muller_E	4901136	0.408299	0.48011	0.111591
Muller_E	4901310	0.408312	0.480105	0.111583
Muller_E	4902057	0.408365	0.480084	0.111551
Muller_E	4902851	0.408422	0.480061	0.111517
Muller_E	4903242	0.40845	0.48005	0.1115
Muller_E	4905649	0.408622	0.479981	0.111397
Muller_E	4906999	0.408718	0.479943	0.11134
