chrom	position	2,0	1,1	0,2
Muller_E	62882	0.105805	0.545872	0.348323
Muller_E	267432	0.315148	0.509488	0.175364
Muller_E	441230	0.320627	0.516132	0.163241
Muller_E	511157	0.322876	0.518727	0.158397
Muller_E	557879	0.324393	0.520437	0.155171
Muller_E	581000	0.325148	0.521275	0.153577
Muller_E	709108	0.32938	0.525835	0.144785
Muller_E	768129	0.331358	0.527887	0.140755
Muller_E	785241	0.331935	0.528476	0.139588
Muller_E	787322	0.332006	0.528548	0.139447
Muller_E	787424	0.332009	0.528551	0.13944
Muller_E	788173	0.332034	0.528577	0.139389
Muller_E	788750	0.332054	0.528597	0.139349
Muller_E	788860	0.332058	0.528601	0.139342
Muller_E	791823	0.332158	0.528702	0.13914
Muller_E	802257	0.33251	0.52906	0.13843
Muller_E	893794	0.33563	0.532155	0.132215
Muller_E	894300	0.335648	0.532172	0.132181
Muller_E	896281	0.335716	0.532238	0.132046
Muller_E	897287	0.33575	0.532271	0.131978
Muller_E	897987	0.335774	0.532295	0.131931
Muller_E	901015	0.335878	0.532396	0.131726
Muller_E	901718	0.335902	0.532419	0.131678
Muller_E	923408	0.336649	0.533141	0.130211
Muller_E	923675	0.336658	0.533149	0.130193
Muller_E	924320	0.33668	0.533171	0.130149
Muller_E	927795	0.3368	0.533286	0.129914
Muller_E	948021	0.337499	0.533954	0.128547
Muller_E	948230	0.337506	0.533961	0.128533
Muller_E	958531	0.337863	0.5343	0.127837
Muller_E	967701	0.338181	0.534601	0.127218
Muller_E	969142	0.338231	0.534648	0.127121
Muller_E	1033237	0.340465	0.536731	0.122803
Muller_E	1120573	0.343544	0.539514	0.116942
Muller_E	1123171	0.343637	0.539596	0.116768
Muller_E	1146845	0.344478	0.540338	0.115184
Muller_E	1148492	0.344537	0.54039	0.115073
Muller_E	1168315	0.345244	0.541008	0.113748
Muller_E	1213395	0.346859	0.542401	0.11074
Muller_E	1262309	0.348624	0.543894	0.107482
Muller_E	1275111	0.349088	0.544281	0.106631
Muller_E	1275707	0.34911	0.544299	0.106591
Muller_E	1314313	0.350513	0.545459	0.104027
Muller_E	1318297	0.350659	0.545578	0.103763
Muller_E	1358440	0.352128	0.54677	0.101102
Muller_E	1358616	0.352134	0.546775	0.101091
Muller_E	1378824	0.352876	0.54737	0.0997533
Muller_E	1480336	0.356638	0.550309	0.0930531
Muller_E	1489232	0.35697	0.550563	0.0924674
Muller_E	1645912	0.362885	0.554926	0.0821893
Muller_E	1673398	0.363935	0.555672	0.0803934
Muller_E	1718642	0.365673	0.556886	0.0774418
Muller_E	1746815	0.36676	0.557634	0.0756067
Muller_E	1763447	0.367403	0.558072	0.0745243
Muller_E	1765039	0.367465	0.558114	0.0744208
Muller_E	1765159	0.36747	0.558117	0.0744129
Muller_E	1765369	0.367478	0.558123	0.0743993
Muller_E	1771226	0.367705	0.558277	0.0740183
Muller_E	1799036	0.368786	0.559004	0.0722108
Muller_E	1802542	0.368922	0.559095	0.0719831
Muller_E	1802678	0.368927	0.559098	0.0719743
Muller_E	1803039	0.368941	0.559108	0.0719508
Muller_E	1803347	0.368953	0.559116	0.0719308
Muller_E	1805518	0.369038	0.559172	0.0717898
Muller_E	1812938	0.369327	0.559365	0.071308
Muller_E	1813040	0.369331	0.559367	0.0713014
Muller_E	1815234	0.369417	0.559424	0.071159
Muller_E	1815907	0.369443	0.559442	0.0711153
Muller_E	1816383	0.369462	0.559454	0.0710844
Muller_E	1831501	0.370052	0.559845	0.0701034
Muller_E	1850978	0.370814	0.560345	0.0688404
Muller_E	1851905	0.370851	0.560369	0.0687803
Muller_E	1852166	0.370861	0.560376	0.0687633
Muller_E	1857635	0.371075	0.560516	0.0684089
Muller_E	1861157	0.371213	0.560606	0.0681807
Muller_E	1861336	0.37122	0.56061	0.0681691
Muller_E	1861880	0.371242	0.560624	0.0681338
Muller_E	1866595	0.371427	0.560745	0.0678284
Muller_E	1870209	0.371569	0.560837	0.0675943
Muller_E	1871973	0.0853643	0.674964	0.239672
Muller_E	1880064	0.373937	0.560175	0.0658883
Muller_E	1889333	0.376579	0.559348	0.0640726
Muller_E	1891195	0.377111	0.55918	0.0637089
Muller_E	1894320	0.378004	0.558897	0.0630992
Muller_E	1900363	0.379734	0.558343	0.0619229
Muller_E	1904375	0.380884	0.557972	0.0611438
Muller_E	1915469	0.384074	0.556928	0.0589979
Muller_E	1927060	0.38742	0.555812	0.0567685
Muller_E	1932459	0.388983	0.555283	0.0557346
Muller_E	1944351	0.392436	0.554097	0.0534671
Muller_E	1946702	0.39312	0.553859	0.0530205
Muller_E	1961660	0.397487	0.552321	0.0501914
Muller_E	1975567	0.401567	0.550852	0.0475805
Muller_E	2011856	0.412305	0.546839	0.0408563
Muller_E	2013122	0.412682	0.546694	0.040624
Muller_E	2044597	0.422106	0.542995	0.0348992
Muller_E	2048236	0.423202	0.542554	0.0342435
Muller_E	2048434	0.423262	0.54253	0.0342079
Muller_E	2086567	0.434827	0.537758	0.0274152
Muller_E	2103366	0.439968	0.535564	0.0244675
Muller_E	2117584	0.444342	0.533664	0.0219942
Muller_E	2126123	0.446978	0.532504	0.0205182
Muller_E	2135792	0.449972	0.531172	0.0188554
Muller_E	2140907	0.45156	0.53046	0.0179795
Muller_E	2141169	0.451641	0.530424	0.0179347
Muller_E	2142715	0.452122	0.530208	0.0176705
Muller_E	2145389	0.452954	0.529832	0.017214
Muller_E	2146953	0.45344	0.529612	0.0169474
Muller_E	2147057	0.453473	0.529598	0.0169297
Muller_E	2201852	0.630678	0.368749	0.0005729
Muller_E	2204792	0.47116	0.52115	0.00769006
Muller_E	2219543	0.473563	0.518988	0.00744906
Muller_E	2220290	0.473685	0.518878	0.00743686
Muller_E	2241628	0.477165	0.515747	0.00708883
Muller_E	2243471	0.477465	0.515476	0.00705881
Muller_E	2531559	0.665259	0.334384	0.000356393
Muller_E	2693610	0.538424	0.459494	0.00208268
Muller_E	2696554	0.538674	0.459251	0.00207555
Muller_E	2706179	0.53949	0.458458	0.00205206
Muller_E	2713009	0.54007	0.457895	0.00203523
Muller_E	2716202	0.540341	0.457632	0.00202732
Muller_E	2721440	0.540785	0.4572	0.00201427
Muller_E	2735475	0.541977	0.456044	0.00197891
Muller_E	2763120	0.544324	0.453768	0.0019076
Muller_E	2777976	0.545586	0.452545	0.00186836
Muller_E	2779619	0.545726	0.45241	0.00186398
Muller_E	2787347	0.546383	0.451774	0.00184328
Muller_E	2788916	0.546516	0.451645	0.00183906
Muller_E	2795398	0.547067	0.451112	0.00182154
Muller_E	2798296	0.547313	0.450873	0.00181367
Muller_E	2799305	0.547399	0.45079	0.00181092
Muller_E	2800245	0.547479	0.450713	0.00180836
Muller_E	2800507	0.547501	0.450691	0.00180765
Muller_E	2800780	0.547524	0.450669	0.0018069
Muller_E	2800932	0.547537	0.450656	0.00180649
Muller_E	2801158	0.547556	0.450638	0.00180587
Muller_E	2805736	0.547945	0.450261	0.00179335
Muller_E	2807233	0.548073	0.450138	0.00178924
Muller_E	2807795	0.54812	0.450092	0.0017877
Muller_E	2808363	0.548169	0.450045	0.00178614
Muller_E	2809031	0.548226	0.44999	0.0017843
Muller_E	2809272	0.548246	0.44997	0.00178364
Muller_E	2809909	0.5483	0.449918	0.00178189
Muller_E	2811470	0.548433	0.44979	0.00177758
Muller_E	2811776	0.548459	0.449764	0.00177674
Muller_E	2812117	0.548488	0.449736	0.0017758
Muller_E	2815676	0.54879	0.449444	0.00176596
Muller_E	2816259	0.54884	0.449396	0.00176434
Muller_E	2817070	0.548909	0.449329	0.0017621
Muller_E	2817616	0.548955	0.449284	0.00176058
Muller_E	2819402	0.549107	0.449137	0.00175562
Muller_E	2820166	0.549172	0.449074	0.00175349
Muller_E	2820386	0.549191	0.449056	0.00175288
Muller_E	2820775	0.549224	0.449024	0.0017518
Muller_E	2821135	0.549255	0.448995	0.0017508
Muller_E	2821440	0.549281	0.44897	0.00174995
Muller_E	2826939	0.549748	0.448517	0.00173458
Muller_E	2831172	0.550108	0.448169	0.0017227
Muller_E	2831515	0.550137	0.448141	0.00172173
Muller_E	2832336	0.550207	0.448073	0.00171942
Muller_E	2833070	0.55027	0.448013	0.00171735
Muller_E	2850717	0.551771	0.446562	0.00166717
Muller_E	2853215	0.551983	0.446357	0.00166
Muller_E	2856496	0.552262	0.446087	0.00165055
Muller_E	2856945	0.552301	0.44605	0.00164926
Muller_E	2857481	0.552346	0.446006	0.00164771
Muller_E	2858163	0.552404	0.44595	0.00164574
Muller_E	2859754	0.55254	0.445819	0.00164114
Muller_E	2859987	0.552559	0.4458	0.00164046
Muller_E	2862604	0.552782	0.445585	0.00163288
Muller_E	2866488	0.553113	0.445266	0.00162159
Muller_E	2867267	0.553179	0.445202	0.00161932
Muller_E	2868557	0.553289	0.445096	0.00161556
Muller_E	2870085	0.553419	0.44497	0.0016111
Muller_E	2870623	0.553465	0.444926	0.00160952
Muller_E	2876155	0.553935	0.444471	0.00159331
Muller_E	2877151	0.55402	0.444389	0.00159038
Muller_E	2886067	0.554779	0.443657	0.00156404
Muller_E	2886534	0.554819	0.443618	0.00156265
Muller_E	2887599	0.55491	0.443531	0.00155949
Muller_E	2887882	0.554934	0.443508	0.00155865
Muller_E	2888492	0.554986	0.443458	0.00155684
Muller_E	2888607	0.554995	0.443448	0.0015565
Muller_E	2890000	0.555114	0.443334	0.00155235
Muller_E	2890387	0.555147	0.443302	0.0015512
Muller_E	2890907	0.555191	0.443259	0.00154965
Muller_E	2894764	0.55552	0.442942	0.00153813
Muller_E	2899098	0.555889	0.442586	0.00152515
Muller_E	2901481	0.556092	0.44239	0.00151799
Muller_E	2901643	0.556105	0.442377	0.0015175
Muller_E	2902627	0.556189	0.442296	0.00151454
Muller_E	2903432	0.556258	0.44223	0.00151211
Muller_E	2904998	0.556391	0.442101	0.00150739
Muller_E	2905994	0.556476	0.44202	0.00150438
Muller_E	2907134	0.556573	0.441926	0.00150093
Muller_E	2908511	0.55669	0.441813	0.00149676
Muller_E	2909452	0.556771	0.441736	0.00149391
Muller_E	2910160	0.556831	0.441677	0.00149177
Muller_E	2911022	0.556904	0.441607	0.00148915
Muller_E	2911252	0.556924	0.441588	0.00148845
Muller_E	2911992	0.556987	0.441527	0.00148621
Muller_E	2914672	0.557215	0.441307	0.00147806
Muller_E	2915489	0.557285	0.44124	0.00147557
Muller_E	2918585	0.557549	0.440985	0.00146612
Muller_E	2919015	0.557585	0.44095	0.0014648
Muller_E	2919728	0.557646	0.440891	0.00146262
Muller_E	2919971	0.557667	0.440871	0.00146188
Muller_E	2921506	0.557797	0.440745	0.00145718
Muller_E	2922564	0.557888	0.440658	0.00145394
Muller_E	2922707	0.5579	0.440647	0.0014535
Muller_E	2924226	0.558029	0.440522	0.00144884
Muller_E	2925108	0.558104	0.44045	0.00144613
Muller_E	2925552	0.558142	0.440413	0.00144476
Muller_E	2928855	0.558424	0.440142	0.00143459
Muller_E	2930674	0.558579	0.439992	0.00142898
Muller_E	2931258	0.558628	0.439944	0.00142717
Muller_E	2931592	0.558657	0.439917	0.00142614
Muller_E	2931798	0.558674	0.4399	0.00142551
Muller_E	2932326	0.558719	0.439857	0.00142387
Muller_E	2945623	0.559853	0.438765	0.0013825
Muller_E	2945753	0.559864	0.438754	0.0013821
Muller_E	2945878	0.559874	0.438744	0.0013817
Muller_E	2946001	0.559885	0.438734	0.00138132
Muller_E	2955783	0.560719	0.437931	0.00135057
Muller_E	2957997	0.560908	0.437749	0.00134357
Muller_E	2959282	0.561017	0.437643	0.00133951
Muller_E	2959697	0.561053	0.437609	0.00133819
Muller_E	2959819	0.561063	0.437599	0.00133781
Muller_E	2960759	0.561143	0.437522	0.00133483
Muller_E	2961667	0.561221	0.437447	0.00133195
Muller_E	2961801	0.561232	0.437436	0.00133152
Muller_E	2963254	0.561356	0.437317	0.00132691
Muller_E	2963568	0.561383	0.437291	0.00132591
Muller_E	2975263	0.56238	0.436331	0.00128857
Muller_E	2976725	0.562505	0.436211	0.00128387
Muller_E	2977784	0.562595	0.436124	0.00128047
Muller_E	2982473	0.562995	0.435739	0.00126536
Muller_E	2984283	0.56315	0.435591	0.00125951
Muller_E	2985483	0.563252	0.435492	0.00125563
Muller_E	2985658	0.563267	0.435478	0.00125507
Muller_E	2985908	0.563288	0.435458	0.00125426
Muller_E	2987685	0.56344	0.435312	0.0012485
Muller_E	2992894	0.563884	0.434884	0.00123158
Muller_E	2993313	0.56392	0.43485	0.00123021
Muller_E	2993798	0.563961	0.43481	0.00122863
Muller_E	2994137	0.56399	0.434782	0.00122753
Muller_E	2994487	0.56402	0.434753	0.00122639
Muller_E	2994615	0.564031	0.434743	0.00122597
Muller_E	2995123	0.564075	0.434701	0.00122431
Muller_E	2995701	0.564124	0.434654	0.00122243
Muller_E	2996048	0.564153	0.434625	0.00122129
Muller_E	2996738	0.564212	0.434569	0.00121904
Muller_E	2996880	0.564224	0.434557	0.00121858
Muller_E	2997113	0.564244	0.434538	0.00121782
Muller_E	2999116	0.564415	0.434373	0.00121127
Muller_E	2999459	0.564445	0.434345	0.00121014
Muller_E	3001420	0.564612	0.434184	0.00120372
Muller_E	3001578	0.564625	0.434171	0.0012032
Muller_E	3001696	0.564635	0.434162	0.00120282
Muller_E	3002579	0.564711	0.434089	0.00119992
Muller_E	3003095	0.564755	0.434047	0.00119822
Muller_E	3003540	0.564793	0.43401	0.00119676
Muller_E	3004120	0.564842	0.433963	0.00119486
Muller_E	3005221	0.564936	0.433872	0.00119124
Muller_E	3007967	0.565171	0.433647	0.0011822
Muller_E	3012773	0.565581	0.433253	0.00116633
Muller_E	3013331	0.565629	0.433207	0.00116448
Muller_E	3013618	0.565653	0.433183	0.00116353
Muller_E	3014080	0.565693	0.433145	0.001162
Muller_E	3014783	0.565753	0.433088	0.00115967
Muller_E	3016296	0.565882	0.432964	0.00115466
Muller_E	3017214	0.56596	0.432888	0.00115161
Muller_E	3018320	0.566055	0.432798	0.00114794
Muller_E	3018982	0.566111	0.432743	0.00114573
Muller_E	3019303	0.566138	0.432717	0.00114467
Muller_E	3019831	0.566184	0.432674	0.00114291
Muller_E	3021834	0.566355	0.432509	0.00113624
Muller_E	3021944	0.566364	0.4325	0.00113587
Muller_E	3023127	0.566465	0.432403	0.00113193
Muller_E	3024474	0.56658	0.432293	0.00112743
Muller_E	3024813	0.566609	0.432265	0.0011263
Muller_E	3029421	0.567002	0.431887	0.00111088
Muller_E	3029834	0.567038	0.431853	0.0011095
Muller_E	3030101	0.567061	0.431831	0.0011086
Muller_E	3033200	0.567325	0.431577	0.0010982
Muller_E	3033901	0.567385	0.431519	0.00109584
Muller_E	3034073	0.5674	0.431505	0.00109526
Muller_E	3036032	0.567567	0.431344	0.00108866
Muller_E	3038305	0.567761	0.431158	0.001081
Muller_E	3041816	0.568061	0.43087	0.00106913
Muller_E	3044683	0.568306	0.430635	0.00105941
Muller_E	3046757	0.568483	0.430464	0.00105237
Muller_E	3046887	0.568494	0.430454	0.00105193
Muller_E	3047900	0.568581	0.430371	0.00104849
Muller_E	3048135	0.568601	0.430351	0.00104769
Muller_E	3050664	0.568817	0.430144	0.00103908
Muller_E	3051698	0.568905	0.430059	0.00103555
Muller_E	3051968	0.568928	0.430037	0.00103463
Muller_E	3052635	0.568985	0.429982	0.00103236
Muller_E	3053197	0.569034	0.429936	0.00103044
Muller_E	3056428	0.56931	0.429671	0.00101939
Muller_E	3056712	0.569334	0.429648	0.00101842
Muller_E	3058398	0.569478	0.429509	0.00101265
Muller_E	3059687	0.569588	0.429404	0.00100822
Muller_E	3061511	0.569744	0.429254	0.00100196
Muller_E	3062406	0.56982	0.429181	0.000998885
Muller_E	3062537	0.569832	0.42917	0.000998435
Muller_E	3100018	0.573037	0.426096	0.000867741
Muller_E	3100718	0.573096	0.426038	0.000865266
Muller_E	3112367	0.574093	0.425083	0.000823893
Muller_E	3112987	0.574146	0.425032	0.000821681
Muller_E	3113420	0.574183	0.424997	0.000820136
Muller_E	3116107	0.574413	0.424776	0.000810536
Muller_E	3119432	0.574698	0.424504	0.000798632
Muller_E	3119714	0.574722	0.424481	0.000797621
Muller_E	3120862	0.57482	0.424386	0.000793504
Muller_E	3122265	0.57494	0.424271	0.000788468
Muller_E	3123364	0.575034	0.424181	0.000784519
Muller_E	3124138	0.5751	0.424118	0.000781736
Muller_E	3127464	0.575385	0.423845	0.000769761
Muller_E	3128767	0.575497	0.423738	0.000765062
Muller_E	3128895	0.575508	0.423728	0.0007646
Muller_E	3129611	0.575569	0.423669	0.000762016
Muller_E	3129743	0.57558	0.423658	0.000761539
Muller_E	3130171	0.575617	0.423623	0.000759993
Muller_E	3131529	0.575733	0.423512	0.000755087
Muller_E	3137674	0.576259	0.423008	0.000732825
Muller_E	3139976	0.576456	0.422819	0.000724461
Muller_E	3143168	0.57673	0.422557	0.000712841
Muller_E	3169152	0.578956	0.420427	0.000617303
Muller_E	3170575	0.579077	0.42031	0.000612022
Muller_E	3173857	0.579359	0.420041	0.000599824
Muller_E	3192801	0.580983	0.418488	0.00052889
Muller_E	3194086	0.581093	0.418383	0.000524047
Muller_E	3194230	0.581105	0.418371	0.000523504
Muller_E	3207603	0.582252	0.417275	0.000472851
Muller_E	3207708	0.582261	0.417266	0.000472451
Muller_E	3208070	0.582292	0.417237	0.000471074
Muller_E	3208369	0.582318	0.417212	0.000469936
Muller_E	3208507	0.58233	0.417201	0.000469411
Muller_E	3208706	0.582347	0.417185	0.000468653
Muller_E	3210124	0.582468	0.417068	0.000463253
Muller_E	3211254	0.582565	0.416976	0.000458946
Muller_E	3212088	0.582637	0.416907	0.000455765
Muller_E	3216063	0.582978	0.416582	0.00044058
Muller_E	3216461	0.583012	0.416549	0.000439058
Muller_E	3217109	0.583068	0.416496	0.000436578
Muller_E	3217441	0.583096	0.416469	0.000435307
Muller_E	3217706	0.583119	0.416447	0.000434293
Muller_E	3217825	0.583129	0.416437	0.000433837
Muller_E	3218354	0.726434	0.273536	2.94403e-05
Muller_E	3219292	0.583204	0.416363	0.00043306
Muller_E	3219763	0.583218	0.416348	0.000433685
Muller_E	3221459	0.583271	0.416293	0.000435932
Muller_E	3222112	0.583292	0.416271	0.000436795
Muller_E	3223012	0.58332	0.416242	0.000437982
Muller_E	3223549	0.583337	0.416225	0.000438689
Muller_E	3224815	0.583376	0.416183	0.000440352
Muller_E	3226800	0.583438	0.416119	0.000442948
Muller_E	3229718	0.583529	0.416024	0.000446742
Muller_E	3240322	0.583861	0.415679	0.000460298
Muller_E	3240918	0.58388	0.415659	0.00046105
Muller_E	3241273	0.583891	0.415648	0.000461497
Muller_E	3247835	0.584096	0.415434	0.000469683
Muller_E	3251442	0.584209	0.415317	0.000474124
Muller_E	3252203	0.584233	0.415292	0.000475056
Muller_E	3254014	0.584289	0.415234	0.000477265
Muller_E	3254518	0.584305	0.415217	0.000477878
Muller_E	3255141	0.584324	0.415197	0.000478635
Muller_E	3255365	0.584331	0.41519	0.000478907
Muller_E	3259142	0.58445	0.415067	0.000483464
Muller_E	3259935	0.584474	0.415041	0.000484416
Muller_E	3262497	0.584555	0.414958	0.000487474
Muller_E	3263708	0.584593	0.414919	0.000488913
Muller_E	3264644	0.584622	0.414888	0.000490021
Muller_E	3266132	0.584668	0.41484	0.000491778
Muller_E	3266579	0.584682	0.414825	0.000492304
Muller_E	3266806	0.58469	0.414818	0.000492571
Muller_E	3269029	0.584759	0.414746	0.000495177
Muller_E	3271700	0.584843	0.414659	0.000498288
Muller_E	3271881	0.584848	0.414653	0.000498498
Muller_E	3273894	0.584911	0.414588	0.000500826
Muller_E	3275081	0.584949	0.414549	0.000502192
Muller_E	3275989	0.584977	0.41452	0.000503234
Muller_E	3278049	0.585042	0.414453	0.000505589
Muller_E	3280894	0.585131	0.41436	0.000508819
Muller_E	3282107	0.164928	0.833164	0.00190809
Muller_E	3282973	0.58548	0.41401	0.000510116
Muller_E	3284532	0.586039	0.413451	0.000509983
Muller_E	3291321	0.588477	0.411014	0.000509332
Muller_E	3291878	0.588677	0.410814	0.000509273
Muller_E	3293351	0.589205	0.410286	0.000509115
Muller_E	3293759	0.589352	0.410139	0.00050907
Muller_E	3304917	0.593358	0.406134	0.000507687
Muller_E	3306663	0.593985	0.405508	0.000507444
Muller_E	3306880	0.594063	0.40543	0.000507413
Muller_E	3310127	0.595228	0.404265	0.000506939
Muller_E	3312301	0.596009	0.403484	0.000506607
Muller_E	3312718	0.596159	0.403335	0.000506543
Muller_E	3318766	0.59833	0.401164	0.000505556
Muller_E	3323588	0.600062	0.399433	0.000504708
Muller_E	3324201	0.600282	0.399213	0.000504596
Muller_E	3324656	0.600445	0.39905	0.000504513
Muller_E	3325091	0.600602	0.398894	0.000504432
Muller_E	3326084	0.600958	0.398538	0.000504248
Muller_E	3326190	0.600996	0.398499	0.000504228
Muller_E	3330218	0.602443	0.397054	0.000503454
Muller_E	3334866	0.604112	0.395386	0.000502514
Muller_E	3337545	0.605074	0.394424	0.000501951
Muller_E	3340268	0.606052	0.393447	0.000501361
Muller_E	3340480	0.606128	0.393371	0.000501314
Muller_E	3410593	0.631315	0.368205	0.000480612
Muller_E	3431230	0.638731	0.360796	0.000472633
Muller_E	3437416	0.640954	0.358576	0.000470086
Muller_E	3456916	0.647964	0.351575	0.000461604
Muller_E	3457694	0.648243	0.351295	0.000461252
Muller_E	3459001	0.648713	0.350826	0.000460658
Muller_E	3462300	0.649899	0.349642	0.000459145
Muller_E	3464519	0.650697	0.348845	0.000458116
Muller_E	3464673	0.650752	0.34879	0.000458045
Muller_E	3477602	0.655401	0.344147	0.000451885
Muller_E	3525631	0.672675	0.326899	0.000426662
Muller_E	3546828	0.680301	0.319284	0.000414444
Muller_E	3557059	0.683983	0.315609	0.000408328
Muller_E	3566467	0.687369	0.312229	0.000402584
Muller_E	3572057	0.689381	0.31022	0.000399117
Muller_E	3572168	0.689421	0.31018	0.000399048
Muller_E	3579272	0.691978	0.307628	0.000394586
Muller_E	3579502	0.692061	0.307545	0.000394441
Muller_E	3582419	0.693111	0.306497	0.00039259
Muller_E	3590131	0.695887	0.303725	0.000387649
Muller_E	3605233	0.701325	0.298298	0.000377775
Muller_E	3610748	0.703311	0.296315	0.000374106
Muller_E	3611776	0.703681	0.295946	0.000373418
Muller_E	3615071	0.704867	0.294761	0.000371207
Muller_E	3617701	0.705815	0.293816	0.000369434
Muller_E	3617818	0.705857	0.293774	0.000369355
Muller_E	3617948	0.705903	0.293727	0.000369267
Muller_E	3623404	0.707869	0.291766	0.000365565
Muller_E	3630035	0.710257	0.289382	0.000361024
Muller_E	3631532	0.710796	0.288844	0.000359993
Muller_E	3634067	0.711709	0.287932	0.000358242
Muller_E	3642157	0.714624	0.285024	0.000352613
Muller_E	3643438	0.715085	0.284563	0.000351716
Muller_E	3645674	0.715891	0.283759	0.000350146
Muller_E	3652519	0.718357	0.281298	0.000345314
Muller_E	3655257	0.719344	0.280313	0.000343369
Muller_E	3657953	0.720315	0.279344	0.000341448
Muller_E	3660200	0.721125	0.278535	0.000339842
Muller_E	3665461	0.723021	0.276643	0.000336064
Muller_E	3670065	0.72468	0.274987	0.00033274
Muller_E	3757777	0.756312	0.243422	0.000266614
Muller_E	3766114	0.75932	0.240419	0.000260111
Muller_E	3770199	0.760795	0.238948	0.000256915
Muller_E	3771242	0.761171	0.238573	0.000256098
Muller_E	3775369	0.762661	0.237086	0.000252861
Muller_E	3781958	0.76504	0.234713	0.00024768
Muller_E	3788305	0.767331	0.232426	0.000242677
Muller_E	3788531	0.767413	0.232345	0.000242499
Muller_E	3788717	0.76748	0.232278	0.000242352
Muller_E	3791492	0.768482	0.231278	0.00024016
Muller_E	3791929	0.76864	0.231121	0.000239815
Muller_E	3794089	0.76942	0.230342	0.000238107
Muller_E	3798034	0.770844	0.228921	0.000234985
Muller_E	3805877	0.773676	0.226095	0.000228767
Muller_E	3808116	0.774485	0.225288	0.000226989
Muller_E	3837593	0.785134	0.214663	0.000203506
Muller_E	3889492	0.803896	0.195942	0.000162065
Muller_E	3892070	0.804829	0.195011	0.000160011
Muller_E	3892768	0.805081	0.194759	0.000159456
Muller_E	3893846	0.805471	0.19437	0.000158598
Muller_E	3895236	0.805974	0.193869	0.000157491
Muller_E	3896701	0.806504	0.19334	0.000156326
Muller_E	3964144	0.830916	0.168981	0.000103313
Muller_E	3964249	0.830954	0.168943	0.000103232
Muller_E	3964701	0.831118	0.168779	0.000102882
Muller_E	3965335	0.831347	0.16855	0.000102392
Muller_E	3965537	0.831421	0.168477	0.000102236
Muller_E	3971184	0.833466	0.166436	9.78808e-05
Muller_E	4005791	0.846007	0.153921	7.15715e-05
Muller_E	4007537	0.84664	0.15329	7.02636e-05
Muller_E	4008073	0.846834	0.153096	6.98624e-05
Muller_E	4008732	0.847073	0.152857	6.93695e-05
Muller_E	4009275	0.84727	0.152661	6.89636e-05
Muller_E	4009794	0.847458	0.152473	6.85758e-05
Muller_E	4010462	0.8477	0.152232	6.80769e-05
Muller_E	4011246	0.847985	0.151948	6.74918e-05
Muller_E	4011350	0.848022	0.15191	6.74142e-05
Muller_E	4011743	0.848165	0.151768	6.71211e-05
Muller_E	4012926	0.848594	0.15134	6.62394e-05
Muller_E	4015010	0.849349	0.150586	6.46885e-05
Muller_E	4015956	0.849692	0.150244	6.39855e-05
Muller_E	4016731	0.849973	0.149963	6.341e-05
Muller_E	4017133	0.850119	0.149818	6.31117e-05
Muller_E	4017640	0.850303	0.149634	6.27356e-05
Muller_E	4021078	0.85155	0.14839	6.01902e-05
Muller_E	4021876	0.851839	0.148101	5.96006e-05
Muller_E	4022513	0.85207	0.147871	5.91303e-05
Muller_E	4022928	0.85222	0.147721	5.8824e-05
Muller_E	4024532	0.852802	0.14714	5.76416e-05
Muller_E	4024639	0.852841	0.147101	5.75628e-05
Muller_E	4025270	0.85307	0.146873	5.70982e-05
Muller_E	4027169	0.853759	0.146186	5.57017e-05
Muller_E	4027437	0.853856	0.146089	5.55049e-05
Muller_E	4027764	0.853974	0.14597	5.52648e-05
Muller_E	4029270	0.854521	0.145425	5.41599e-05
Muller_E	4032202	0.855584	0.144364	5.20139e-05
Muller_E	4032327	0.855629	0.144319	5.19226e-05
Muller_E	4033521	0.856062	0.143887	5.10507e-05
Muller_E	4033797	0.856162	0.143787	5.08493e-05
Muller_E	4036360	0.857092	0.142859	4.8982e-05
Muller_E	4037138	0.857374	0.142577	4.84162e-05
Muller_E	4037610	0.857546	0.142406	4.80732e-05
Muller_E	4040496	0.858593	0.141361	4.59798e-05
Muller_E	4040949	0.858757	0.141197	4.56518e-05
Muller_E	4045900	0.860553	0.139405	4.2078e-05
Muller_E	4046078	0.860618	0.13934	4.19499e-05
Muller_E	4046843	0.860895	0.139063	4.13996e-05
Muller_E	4047581	0.861163	0.138796	4.08692e-05
Muller_E	4048275	0.861415	0.138545	4.03709e-05
Muller_E	4048700	0.861569	0.138391	4.00659e-05
Muller_E	4053592	0.863344	0.136619	3.65665e-05
Muller_E	4056223	0.864299	0.135666	3.4693e-05
Muller_E	4056545	0.864416	0.13555	3.44641e-05
Muller_E	4056951	0.864563	0.135403	3.41757e-05
Muller_E	4057601	0.864799	0.135167	3.37142e-05
Muller_E	4057720	0.864842	0.135124	3.36297e-05
Muller_E	4058043	0.864959	0.135007	3.34006e-05
Muller_E	4058149	0.864998	0.134969	3.33254e-05
Muller_E	4058704	0.865199	0.134768	3.29319e-05
Muller_E	4059417	0.865458	0.13451	3.24268e-05
Muller_E	4059965	0.865657	0.134311	3.20389e-05
Muller_E	4061381	0.866171	0.133798	3.10378e-05
Muller_E	4061745	0.866303	0.133666	3.07808e-05
Muller_E	4062020	0.866403	0.133567	3.05866e-05
Muller_E	4062507	0.866579	0.13339	3.0243e-05
Muller_E	4062941	0.866737	0.133233	2.9937e-05
Muller_E	4064035	0.867134	0.132837	2.91664e-05
Muller_E	4064680	0.867368	0.132603	2.87125e-05
Muller_E	4064829	0.867422	0.132549	2.86078e-05
Muller_E	4065474	0.867656	0.132315	2.81544e-05
Muller_E	4065574	0.867693	0.132279	2.80841e-05
Muller_E	4066028	0.867857	0.132115	2.77653e-05
Muller_E	4067541	0.868407	0.131567	2.67041e-05
Muller_E	4067967	0.868561	0.131412	2.64057e-05
Muller_E	4068535	0.868767	0.131207	2.6008e-05
Muller_E	4069245	0.869025	0.130949	2.55114e-05
Muller_E	4070105	0.869337	0.130638	2.49106e-05
Muller_E	4071088	0.869694	0.130282	2.42246e-05
Muller_E	4071641	0.869895	0.130081	2.38391e-05
Muller_E	4072126	0.870071	0.129905	2.35012e-05
Muller_E	4072768	0.870304	0.129673	2.30544e-05
Muller_E	4072973	0.926072	0.0739267	1.76123e-06
Muller_E	4073359	0.870453	0.129524	2.2923e-05
Muller_E	4075135	0.870796	0.129181	2.29728e-05
Muller_E	4075254	0.870819	0.129158	2.29761e-05
Muller_E	4076053	0.870973	0.129004	2.29975e-05
Muller_E	4077160	0.871187	0.12879	2.30262e-05
Muller_E	4078165	0.87138	0.128596	2.30514e-05
Muller_E	4078690	0.871482	0.128495	2.30642e-05
Muller_E	4078900	0.871522	0.128455	2.30692e-05
Muller_E	4079010	0.871544	0.128433	2.30718e-05
Muller_E	4079297	0.871599	0.128378	2.30786e-05
Muller_E	4081728	0.872068	0.127909	2.31333e-05
Muller_E	4082079	0.872136	0.127841	2.31408e-05
Muller_E	4083988	0.872504	0.127472	2.31795e-05
Muller_E	4085715	0.872838	0.127139	2.32117e-05
Muller_E	4089306	0.873531	0.126446	2.32705e-05
Muller_E	4089803	0.873627	0.12635	2.32777e-05
Muller_E	4092778	0.874201	0.125775	2.33167e-05
Muller_E	4092894	0.874224	0.125753	2.3318e-05
Muller_E	4098915	0.875386	0.12459	2.33731e-05
Muller_E	4109650	0.87746	0.122517	2.3396e-05
Muller_E	4113217	0.878149	0.121827	2.33827e-05
Muller_E	4113538	0.878211	0.121765	2.3381e-05
Muller_E	4114422	0.878382	0.121595	2.33758e-05
Muller_E	4114803	0.878456	0.121521	2.33734e-05
Muller_E	4115118	0.878516	0.12146	2.33714e-05
Muller_E	4116856	0.878852	0.121124	2.33585e-05
Muller_E	4117074	0.878894	0.121082	2.33567e-05
Muller_E	4117473	0.878972	0.121005	2.33533e-05
Muller_E	4118970	0.879261	0.120716	2.33395e-05
Muller_E	4121851	0.879818	0.120159	2.3308e-05
Muller_E	4122071	0.87986	0.120117	2.33053e-05
Muller_E	4122393	0.879922	0.120054	2.33013e-05
Muller_E	4122818	0.880005	0.119972	2.32959e-05
Muller_E	4124318	0.880294	0.119682	2.32758e-05
Muller_E	4124418	0.880314	0.119663	2.32744e-05
Muller_E	4126492	0.880715	0.119262	2.32435e-05
Muller_E	4127527	0.880915	0.119062	2.32268e-05
Muller_E	4127720	0.880952	0.119025	2.32236e-05
Muller_E	4128101	0.881026	0.118951	2.32172e-05
Muller_E	4128234	0.881051	0.118925	2.32149e-05
Muller_E	4130334	0.881457	0.118519	2.31774e-05
Muller_E	4132221	0.881822	0.118155	2.31408e-05
Muller_E	4134741	0.882309	0.117668	2.30877e-05
Muller_E	4134982	0.882356	0.117621	2.30823e-05
Muller_E	4136547	0.882659	0.117318	2.30466e-05
Muller_E	4140224	0.88337	0.116607	2.29555e-05
Muller_E	4140902	0.883501	0.116476	2.29376e-05
Muller_E	4141485	0.883613	0.116364	2.29219e-05
Muller_E	4143836	0.884068	0.115909	2.28562e-05
Muller_E	4144350	0.884168	0.11581	2.28413e-05
Muller_E	4144848	0.884264	0.115713	2.28266e-05
Muller_E	4150850	0.885425	0.114552	2.2636e-05
Muller_E	4151927	0.885633	0.114344	2.2599e-05
Muller_E	4154621	0.886154	0.113823	2.25029e-05
Muller_E	4159745	0.887146	0.112832	2.23059e-05
Muller_E	4159958	0.887187	0.112791	2.22973e-05
Muller_E	4160923	0.887374	0.112604	2.2258e-05
Muller_E	4161787	0.887541	0.112437	2.22223e-05
Muller_E	4162162	0.887614	0.112364	2.22066e-05
Muller_E	4163984	0.887966	0.112012	2.21291e-05
Muller_E	4164218	0.888012	0.111966	2.21189e-05
Muller_E	4164859	0.888136	0.111842	2.2091e-05
Muller_E	4165033	0.888169	0.111809	2.20834e-05
Muller_E	4165157	0.888193	0.111785	2.20779e-05
Muller_E	4165383	0.888237	0.111741	2.2068e-05
Muller_E	4165808	0.888319	0.111659	2.20491e-05
Muller_E	4165958	0.888348	0.11163	2.20425e-05
Muller_E	4166062	0.888368	0.11161	2.20378e-05
Muller_E	4166243	0.888403	0.111574	2.20297e-05
Muller_E	4166628	0.888478	0.1115	2.20125e-05
Muller_E	4168755	0.88889	0.111088	2.19152e-05
Muller_E	4172546	0.889624	0.110355	2.17343e-05
Muller_E	4172827	0.889678	0.1103	2.17205e-05
Muller_E	4173860	0.889878	0.1101	2.16693e-05
Muller_E	4176100	0.890312	0.109667	2.15559e-05
Muller_E	4176326	0.890355	0.109623	2.15443e-05
Muller_E	4176826	0.890452	0.109526	2.15185e-05
Muller_E	4177022	0.89049	0.109488	2.15083e-05
Muller_E	4178339	0.890745	0.109233	2.14393e-05
Muller_E	4178608	0.890797	0.109181	2.14251e-05
Muller_E	4179326	0.890936	0.109042	2.13868e-05
Muller_E	4180712	0.891205	0.108774	2.13121e-05
Muller_E	4180966	0.891254	0.108725	2.12982e-05
Muller_E	4184926	0.892021	0.107958	2.10772e-05
Muller_E	4185178	0.89207	0.107909	2.10628e-05
Muller_E	4185319	0.892097	0.107882	2.10547e-05
Muller_E	4185532	0.892138	0.107841	2.10425e-05
Muller_E	4187632	0.892545	0.107434	2.09203e-05
Muller_E	4188227	0.89266	0.107319	2.08852e-05
Muller_E	4188670	0.892746	0.107233	2.08589e-05
Muller_E	4192621	0.893511	0.106468	2.06191e-05
Muller_E	4193546	0.893691	0.106289	2.05615e-05
Muller_E	4194407	0.893857	0.106122	2.05074e-05
Muller_E	4195783	0.894124	0.105856	2.04201e-05
Muller_E	4196010	0.894168	0.105812	2.04056e-05
Muller_E	4197440	0.894445	0.105535	2.03133e-05
Muller_E	4198223	0.894597	0.105383	2.02623e-05
Muller_E	4199021	0.894751	0.105228	2.021e-05
Muller_E	4199203	0.894787	0.105193	2.0198e-05
Muller_E	4199424	0.894829	0.10515	2.01834e-05
Muller_E	4199639	0.894871	0.105109	2.01691e-05
Muller_E	4199983	0.894938	0.105042	2.01463e-05
Muller_E	4203293	0.895579	0.104401	1.9923e-05
Muller_E	4205814	0.896068	0.103913	1.97486e-05
Muller_E	4206134	0.89613	0.103851	1.97262e-05
Muller_E	4207588	0.896412	0.103569	1.96236e-05
Muller_E	4210680	0.897011	0.10297	1.94013e-05
Muller_E	4210928	0.897059	0.102922	1.93832e-05
Muller_E	4211312	0.897133	0.102847	1.93552e-05
Muller_E	4211755	0.897219	0.102761	1.93227e-05
Muller_E	4213444	0.897547	0.102434	1.91979e-05
Muller_E	4216650	0.898168	0.101813	1.89565e-05
Muller_E	4217058	0.898247	0.101734	1.89254e-05
Muller_E	4217453	0.898324	0.101657	1.88951e-05
Muller_E	4217565	0.898346	0.101635	1.88865e-05
Muller_E	4217669	0.898366	0.101615	1.88785e-05
Muller_E	4217825	0.898396	0.101585	1.88666e-05
Muller_E	4218923	0.898609	0.101372	1.87818e-05
Muller_E	4225215	0.899829	0.100153	1.82833e-05
Muller_E	4232774	0.901295	0.0986869	1.7656e-05
Muller_E	4235298	0.901785	0.0981975	1.74398e-05
Muller_E	4245993	0.90386	0.0961231	1.64871e-05
Muller_E	4252835	0.905189	0.0947956	1.58478e-05
Muller_E	4253725	0.905361	0.0946229	1.5763e-05
Muller_E	4256197	0.905841	0.0941433	1.55254e-05
Muller_E	4261234	0.906819	0.0931657	1.50323e-05
Muller_E	4262892	0.907141	0.0928439	1.48675e-05
Muller_E	4263238	0.907208	0.0927767	1.48329e-05
Muller_E	4263588	0.907276	0.0927088	1.47979e-05
Muller_E	4264621	0.907477	0.0925083	1.46942e-05
Muller_E	4266950	0.907929	0.0920562	1.44587e-05
Muller_E	4267529	0.908042	0.0919438	1.43998e-05
Muller_E	4276223	0.909731	0.0902558	1.34973e-05
Muller_E	4311688	0.916626	0.0833647	9.49988e-06
Muller_E	4311965	0.950396	0.0496028	1.45795e-06
Muller_E	4312254	0.916711	0.0832791	9.48136e-06
Muller_E	4312510	0.91674	0.083251	9.49418e-06
Muller_E	4334492	0.919157	0.0808329	1.04456e-05
Muller_E	4352032	0.921088	0.0789013	1.09988e-05
Muller_E	4353438	0.921243	0.0787464	1.10355e-05
Muller_E	4356857	0.921619	0.0783696	1.112e-05
Muller_E	4360054	0.921972	0.0780172	1.11931e-05
Muller_E	4374783	0.923596	0.0763929	1.14568e-05
Muller_E	4374946	0.923614	0.0763749	1.14591e-05
Muller_E	4381350	0.92432	0.0756682	1.15366e-05
Muller_E	4558836	0.944019	0.0559748	6.2967e-06
Muller_E	4562012	0.944373	0.0556204	6.09718e-06
Muller_E	4564083	0.944605	0.0553893	5.96552e-06
Muller_E	4564194	0.944617	0.0553769	5.95843e-06
Muller_E	4568491	0.945097	0.0548973	5.68128e-06
Muller_E	4569115	0.945167	0.0548276	5.6406e-06
Muller_E	4569749	0.945238	0.0547569	5.59916e-06
Muller_E	4570340	0.945304	0.0546909	5.56043e-06
Muller_E	4571890	0.945477	0.0545178	5.45841e-06
Muller_E	4572624	0.945559	0.0544359	5.40987e-06
Muller_E	4573491	0.945656	0.054339	5.35234e-06
Muller_E	4573809	0.945691	0.0543035	5.33119e-06
Muller_E	4577361	0.946088	0.0539068	5.0931e-06
Muller_E	4577462	0.946099	0.0538956	5.08628e-06
Muller_E	4578308	0.946194	0.0538011	5.02906e-06
Muller_E	4580664	0.946457	0.0535379	4.8687e-06
Muller_E	4580954	0.94649	0.0535055	4.84886e-06
Muller_E	4581769	0.946581	0.0534144	4.79299e-06
Muller_E	4581909	0.946596	0.0533988	4.78338e-06
Muller_E	4583019	0.946721	0.0532747	4.70697e-06
Muller_E	4583393	0.946762	0.0532329	4.68115e-06
Muller_E	4583516	0.946776	0.0532192	4.67265e-06
Muller_E	4584473	0.946883	0.0531123	4.6064e-06
Muller_E	4589180	0.94741	0.0525862	4.27714e-06
Muller_E	4590247	0.947529	0.0524669	4.20173e-06
Muller_E	4591539	0.947673	0.0523225	4.11005e-06
Muller_E	4593253	0.947865	0.0521308	3.98778e-06
Muller_E	4593508	0.947894	0.0521023	3.96953e-06
Muller_E	4593974	0.947946	0.0520502	3.93613e-06
Muller_E	4595111	0.948073	0.0519231	3.85443e-06
Muller_E	4595303	0.948095	0.0519016	3.84061e-06
Muller_E	4597548	0.948346	0.0516505	3.67827e-06
Muller_E	4597833	0.948378	0.0516187	3.65758e-06
Muller_E	4600306	0.948654	0.0513421	3.47721e-06
Muller_E	4607273	0.949435	0.0505625	2.96144e-06
Muller_E	4607398	0.949448	0.0505485	2.95209e-06
Muller_E	4610441	0.949789	0.050208	2.72328e-06
Muller_E	4611041	0.949857	0.0501408	2.67793e-06
Muller_E	4611562	0.949915	0.0500825	2.63848e-06
Muller_E	4611697	0.94993	0.0500674	2.62825e-06
Muller_E	4612447	0.950014	0.0499834	2.57134e-06
Muller_E	4612733	0.950046	0.0499514	2.5496e-06
Muller_E	4612927	0.950068	0.0499297	2.53485e-06
Muller_E	4613148	0.950093	0.0499049	2.51803e-06
Muller_E	4614502	0.950244	0.0497533	2.41477e-06
Muller_E	4615888	0.9504	0.0495981	2.30866e-06
Muller_E	4616173	0.950431	0.0495662	2.28679e-06
Muller_E	4616508	0.950469	0.0495287	2.26106e-06
Muller_E	4616663	0.950486	0.0495114	2.24915e-06
Muller_E	4618190	0.950658	0.0493404	2.13152e-06
Muller_E	4619781	0.950836	0.0491622	2.00845e-06
Muller_E	4622166	0.951103	0.048895	1.82297e-06
Muller_E	4626314	0.951568	0.0484303	1.49763e-06
Muller_E	4626864	0.95163	0.0483687	1.45423e-06
Muller_E	4627368	0.951686	0.0483122	1.41441e-06
Muller_E	4627488	0.9517	0.0482987	1.40492e-06
Muller_E	4633961	0.952426	0.0475732	8.88968e-07
Muller_E	4635834	0.952636	0.0473632	7.38187e-07
Muller_E	4636452	0.952705	0.047294	6.88293e-07
Muller_E	4637295	0.973896	0.0261035	5.20598e-08
Muller_E	4640891	0.953011	0.0469886	6.06873e-07
Muller_E	4645727	0.953295	0.0467049	5.81668e-07
Muller_E	4646376	0.953333	0.0466668	5.77644e-07
Muller_E	4646798	0.953357	0.0466421	5.74946e-07
Muller_E	4653320	0.95374	0.0462592	5.25167e-07
Muller_E	4656520	0.953928	0.0460712	4.95226e-07
Muller_E	4672665	0.954878	0.0451217	2.89731e-07
Muller_E	4674140	0.954965	0.0450348	2.66492e-07
Muller_E	4675745	0.955059	0.0449403	2.40367e-07
Muller_E	4676485	0.955103	0.0448967	2.28029e-07
Muller_E	4677110	0.95514	0.0448599	2.17464e-07
Muller_E	4677655	0.975704	0.0242958	1.30015e-08
Muller_E	4678986	0.955209	0.0447913	2.27654e-07
Muller_E	4680223	0.955242	0.0447573	2.45216e-07
Muller_E	4682403	0.955302	0.0446973	2.74832e-07
Muller_E	4682621	0.955308	0.0446913	2.777e-07
Muller_E	4684270	0.955354	0.0446459	2.98844e-07
Muller_E	4685491	0.955387	0.0446123	3.13874e-07
Muller_E	4686019	0.955402	0.0445978	3.20208e-07
Muller_E	4687101	0.955432	0.044568	3.32879e-07
Muller_E	4689628	0.955501	0.0444984	3.60847e-07
Muller_E	4690052	0.955513	0.0444867	3.65317e-07
Muller_E	4690344	0.955521	0.0444787	3.68359e-07
Muller_E	4690905	0.955536	0.0444632	3.74117e-07
Muller_E	4691125	0.955542	0.0444571	3.76345e-07
Muller_E	4691712	0.955559	0.0444409	3.82204e-07
Muller_E	4691999	0.955567	0.044433	3.85025e-07
Muller_E	4692111	0.95557	0.0444299	3.86118e-07
Muller_E	4693234	0.955601	0.044399	3.96829e-07
Muller_E	4693620	0.955611	0.0443883	4.00407e-07
Muller_E	4693753	0.955615	0.0443847	4.01628e-07
Muller_E	4694021	0.955622	0.0443773	4.04069e-07
Muller_E	4694592	0.955638	0.0443615	4.09184e-07
Muller_E	4696429	0.955689	0.0443108	4.2486e-07
Muller_E	4696792	0.955699	0.0443008	4.27817e-07
Muller_E	4699402	0.955771	0.0442287	4.47706e-07
Muller_E	4700957	0.955814	0.0441857	4.58415e-07
Muller_E	4702606	0.955859	0.0441402	4.68843e-07
Muller_E	4708142	0.956013	0.043987	4.96877e-07
Muller_E	4712097	0.956122	0.0438774	5.10348e-07
Muller_E	4713898	0.956172	0.0438275	5.14678e-07
Muller_E	4714194	0.95618	0.0438193	5.15282e-07
Muller_E	4717094	0.956261	0.0437389	5.1959e-07
Muller_E	4717794	0.95628	0.0437194	5.20194e-07
Muller_E	4720564	0.956357	0.0436425	5.2092e-07
Muller_E	4722390	0.956408	0.0435918	5.19951e-07
Muller_E	4727534	0.956551	0.0434488	5.11053e-07
Muller_E	4730688	0.956639	0.043361	5.0111e-07
Muller_E	4731377	0.956658	0.0433418	4.98485e-07
Muller_E	4732944	0.956701	0.0432981	4.91913e-07
Muller_E	4738342	0.956852	0.0431476	4.62873e-07
Muller_E	4739398	0.956881	0.0431182	4.56036e-07
Muller_E	4742492	0.956968	0.0430318	4.33828e-07
Muller_E	4745718	0.957058	0.0429416	4.07233e-07
Muller_E	4746457	0.957079	0.042921	4.00647e-07
Muller_E	4748015	0.957122	0.0428774	3.86161e-07
Muller_E	4748352	0.957132	0.042868	3.8292e-07
Muller_E	4748630	0.957139	0.0428602	3.80218e-07
Muller_E	4751071	0.957208	0.0427919	3.5538e-07
Muller_E	4751685	0.957225	0.0427747	3.48819e-07
Muller_E	4751817	0.957229	0.042771	3.47392e-07
Muller_E	4752607	0.957251	0.0427489	3.38729e-07
Muller_E	4752773	0.957255	0.0427443	3.36882e-07
Muller_E	4753826	0.957285	0.0427148	3.24953e-07
Muller_E	4754671	0.957309	0.0426911	3.15112e-07
Muller_E	4756619	0.957363	0.0426365	2.91519e-07
Muller_E	4759191	0.957435	0.0425644	2.58435e-07
Muller_E	4761262	0.957493	0.0425063	2.302e-07
Muller_E	4761866	0.95751	0.0424893	2.21697e-07
Muller_E	4761985	0.957514	0.042486	2.20008e-07
Muller_E	4763545	0.957558	0.0424422	1.97428e-07
Muller_E	4764509	0.957585	0.0424151	1.83072e-07
Muller_E	4765595	0.957615	0.0423846	1.66532e-07
Muller_E	4766291	0.957635	0.0423651	1.55728e-07
Muller_E	4766501	0.957641	0.0423592	1.52437e-07
Muller_E	4767354	0.977207	0.022793	7.83237e-09
Muller_E	4769627	0.957683	0.0423169	1.63685e-07
Muller_E	4769950	0.957686	0.0423142	1.67063e-07
Muller_E	4772288	0.957704	0.0422953	1.90455e-07
Muller_E	4773763	0.957716	0.0422834	2.0426e-07
Muller_E	4773963	0.957718	0.0422818	2.06076e-07
Muller_E	4774375	0.957721	0.0422784	2.09772e-07
Muller_E	4774957	0.957726	0.0422737	2.14896e-07
Muller_E	4775479	0.95773	0.0422695	2.19394e-07
Muller_E	4776619	0.95774	0.0422602	2.28897e-07
Muller_E	4779373	0.957762	0.0422378	2.50041e-07
Muller_E	4781913	0.957783	0.0422171	2.67269e-07
Muller_E	4782620	0.957788	0.0422113	2.71677e-07
Muller_E	4783326	0.957794	0.0422055	2.7591e-07
Muller_E	4786044	0.957816	0.0421833	2.90635e-07
Muller_E	4786690	0.957822	0.042178	2.93769e-07
Muller_E	4789453	0.957844	0.0421553	3.05582e-07
Muller_E	4790377	0.957852	0.0421477	3.08958e-07
Muller_E	4792360	0.957868	0.0421314	3.15233e-07
Muller_E	4792549	0.95787	0.0421298	3.15762e-07
Muller_E	4792702	0.957871	0.0421286	3.16181e-07
Muller_E	4822723	0.958122	0.0418779	2.46428e-07
Muller_E	4832155	0.976785	0.0232149	1.48387e-08
Muller_E	4834924	0.958182	0.0418177	1.91761e-07
Muller_E	4838041	0.95816	0.0418399	2.21866e-07
Muller_E	4839031	0.958153	0.041847	2.3075e-07
Muller_E	4840034	0.958146	0.0418541	2.39418e-07
Muller_E	4843722	0.958119	0.0418803	2.68404e-07
Muller_E	4844215	0.958116	0.0418838	2.71935e-07
Muller_E	4846930	0.958097	0.041903	2.89927e-07
