chrom	position	2,0	1,1	0,2
Muller_E	62882	0.246149	0.576294	0.177557
Muller_E	267432	0.237784	0.593667	0.168549
Muller_E	441230	0.230637	0.608526	0.160837
Muller_E	511157	0.227749	0.614534	0.157717
Muller_E	557879	0.225815	0.618559	0.155626
Muller_E	581000	0.224857	0.620553	0.15459
Muller_E	709108	0.21953	0.631643	0.148826
Muller_E	768129	0.217066	0.636776	0.146158
Muller_E	785241	0.216351	0.638267	0.145382
Muller_E	787322	0.216264	0.638448	0.145288
Muller_E	787424	0.21626	0.638457	0.145284
Muller_E	788173	0.216228	0.638522	0.14525
Muller_E	788750	0.216204	0.638573	0.145223
Muller_E	788860	0.216199	0.638582	0.145218
Muller_E	791823	0.216075	0.63884	0.145084
Muller_E	802257	0.215639	0.639751	0.144611
Muller_E	893794	0.211798	0.647756	0.140447
Muller_E	894300	0.211776	0.6478	0.140423
Muller_E	896281	0.211693	0.647974	0.140333
Muller_E	897287	0.211651	0.648062	0.140287
Muller_E	897987	0.211621	0.648123	0.140255
Muller_E	901015	0.211494	0.648389	0.140117
Muller_E	901718	0.211464	0.648451	0.140085
Muller_E	923408	0.210551	0.650354	0.139095
Muller_E	923675	0.21054	0.650378	0.139082
Muller_E	924320	0.210513	0.650434	0.139053
Muller_E	927795	0.210366	0.650739	0.138894
Muller_E	948021	0.209514	0.652517	0.137969
Muller_E	948230	0.209505	0.652535	0.137959
Muller_E	958531	0.209071	0.653441	0.137488
Muller_E	967701	0.208684	0.654249	0.137068
Muller_E	969142	0.208623	0.654375	0.137002
Muller_E	1033237	0.205912	0.660029	0.134059
Muller_E	1120573	0.202203	0.667766	0.130031
Muller_E	1123171	0.202093	0.667997	0.12991
Muller_E	1146845	0.201084	0.670102	0.128814
Muller_E	1148492	0.201014	0.670248	0.128738
Muller_E	1168315	0.200168	0.672013	0.127819
Muller_E	1213395	0.198241	0.676035	0.125724
Muller_E	1262309	0.196145	0.680412	0.123443
Muller_E	1275111	0.0325147	0.726145	0.241341
Muller_E	1275707	0.195629	0.681583	0.122789
Muller_E	1314313	0.197827	0.683028	0.119144
Muller_E	1318297	0.198055	0.683177	0.118769
Muller_E	1358440	0.20035	0.684662	0.114988
Muller_E	1358616	0.20036	0.684669	0.114971
Muller_E	1378824	0.201519	0.68541	0.11307
Muller_E	1480336	0.207375	0.689072	0.103553
Muller_E	1489232	0.20789	0.689388	0.102721
Muller_E	1645912	0.217047	0.694823	0.0881306
Muller_E	1673398	0.218667	0.695751	0.0855824
Muller_E	1718642	0.221343	0.697262	0.081395
Muller_E	1746815	0.223014	0.698193	0.0787921
Muller_E	1763447	0.224003	0.698739	0.0772571
Muller_E	1765039	0.224098	0.698792	0.0771102
Muller_E	1765159	0.224105	0.698796	0.0770992
Muller_E	1765369	0.224118	0.698802	0.0770798
Muller_E	1771226	0.224467	0.698994	0.0765396
Muller_E	1799036	0.226125	0.699899	0.0739765
Muller_E	1802542	0.226334	0.700012	0.0736536
Muller_E	1802678	0.226342	0.700017	0.073641
Muller_E	1803039	0.226364	0.700028	0.0736078
Muller_E	1803347	0.226382	0.700038	0.0735794
Muller_E	1805518	0.226512	0.700108	0.0733795
Muller_E	1812938	0.226955	0.700348	0.0726964
Muller_E	1813040	0.226962	0.700351	0.072687
Muller_E	1815234	0.227093	0.700422	0.0724851
Muller_E	1815907	0.227133	0.700444	0.0724232
Muller_E	1816383	0.227161	0.700459	0.0723794
Muller_E	1831501	0.228066	0.700945	0.0709885
Muller_E	1850978	0.229234	0.701568	0.0691981
Muller_E	1851905	0.229289	0.701598	0.0691129
Muller_E	1852166	0.229305	0.701606	0.0690889
Muller_E	1857635	0.229633	0.70178	0.0685865
Muller_E	1861157	0.229845	0.701892	0.068263
Muller_E	1861336	0.229855	0.701898	0.0682465
Muller_E	1861880	0.229888	0.701915	0.0681966
Muller_E	1866595	0.230171	0.702065	0.0677636
Muller_E	1870209	0.230388	0.70218	0.0674318
Muller_E	1871973	0.230494	0.702236	0.0672698
Muller_E	1880064	0.230981	0.702492	0.0665272
Muller_E	1889333	0.231539	0.702784	0.0656769
Muller_E	1891195	0.231651	0.702843	0.0655061
Muller_E	1894320	0.231839	0.702942	0.0652195
Muller_E	1900363	0.232203	0.703132	0.0646654
Muller_E	1904375	0.232445	0.703258	0.0642976
Muller_E	1915469	0.233114	0.703605	0.063281
Muller_E	1927060	0.233814	0.703967	0.0622193
Muller_E	1932459	0.23414	0.704135	0.061725
Muller_E	1944351	0.234859	0.704504	0.0606366
Muller_E	1946702	0.235002	0.704577	0.0604215
Muller_E	1961660	0.235907	0.705039	0.0590535
Muller_E	1975567	0.236751	0.705467	0.0577824
Muller_E	2011856	0.238956	0.706574	0.0544693
Muller_E	2013122	0.239033	0.706613	0.0543538
Muller_E	2044597	0.240952	0.707563	0.0514846
Muller_E	2048236	0.241175	0.707672	0.0511532
Muller_E	2048434	0.241187	0.707678	0.0511351
Muller_E	2086567	0.24352	0.708815	0.047665
Muller_E	2103366	0.24455	0.709312	0.046138
Muller_E	2117584	0.245424	0.70973	0.0448466
Muller_E	2126123	0.245949	0.70998	0.0440713
Muller_E	2135792	0.246544	0.710263	0.0431938
Muller_E	2140907	0.246859	0.710412	0.0427298
Muller_E	2141169	0.246875	0.710419	0.042706
Muller_E	2142715	0.24697	0.710464	0.0425658
Muller_E	2145389	0.247135	0.710542	0.0423232
Muller_E	2146953	0.247231	0.710588	0.0421814
Muller_E	2147057	0.247237	0.710591	0.0421719
Muller_E	2201852	0.250623	0.712169	0.0372083
Muller_E	2204792	0.250805	0.712253	0.0369423
Muller_E	2219543	0.251719	0.712673	0.0356082
Muller_E	2220290	0.251765	0.712694	0.0355407
Muller_E	2241628	0.25309	0.713297	0.0336124
Muller_E	2243471	0.253205	0.713349	0.0334459
Muller_E	2531559	0.40236	0.596343	0.00129705
Muller_E	2693610	0.274941	0.720353	0.00470613
Muller_E	2696554	0.275006	0.720341	0.00465283
Muller_E	2706179	0.275217	0.720304	0.0044783
Muller_E	2713009	0.275367	0.720278	0.00435419
Muller_E	2716202	0.275438	0.720266	0.00429609
Muller_E	2721440	0.275552	0.720247	0.00420068
Muller_E	2735475	0.27586	0.720196	0.0039444
Muller_E	2763120	0.276464	0.720099	0.00343688
Muller_E	2777976	0.276788	0.720049	0.00316267
Muller_E	2779619	0.276824	0.720044	0.00313228
Muller_E	2787347	0.276992	0.720018	0.00298916
Muller_E	2788916	0.277027	0.720013	0.00296007
Muller_E	2795398	0.277168	0.719993	0.00283977
Muller_E	2798296	0.277231	0.719983	0.00278592
Muller_E	2799305	0.277253	0.71998	0.00276716
Muller_E	2800245	0.277273	0.719977	0.00274968
Muller_E	2800507	0.277279	0.719977	0.00274481
Muller_E	2800780	0.277285	0.719976	0.00273973
Muller_E	2800932	0.277288	0.719975	0.0027369
Muller_E	2801158	0.277293	0.719974	0.0027327
Muller_E	2805736	0.277392	0.71996	0.00264749
Muller_E	2807233	0.277425	0.719956	0.0026196
Muller_E	2807795	0.277437	0.719954	0.00260913
Muller_E	2808363	0.277449	0.719952	0.00259855
Muller_E	2809031	0.277464	0.71995	0.0025861
Muller_E	2809272	0.277469	0.719949	0.0025816
Muller_E	2809909	0.277483	0.719947	0.00256973
Muller_E	2811470	0.277517	0.719943	0.00254062
Muller_E	2811776	0.277523	0.719942	0.00253491
Muller_E	2812117	0.277531	0.719941	0.00252855
Muller_E	2815676	0.277608	0.71993	0.00246213
Muller_E	2816259	0.277621	0.719928	0.00245125
Muller_E	2817070	0.277638	0.719926	0.0024361
Muller_E	2817616	0.27765	0.719924	0.0024259
Muller_E	2819402	0.277689	0.719919	0.00239254
Muller_E	2820166	0.277705	0.719916	0.00237826
Muller_E	2820386	0.27771	0.719916	0.00237414
Muller_E	2820775	0.277719	0.719914	0.00236687
Muller_E	2821135	0.277726	0.719913	0.00236014
Muller_E	2821440	0.277733	0.719912	0.00235444
Muller_E	2826939	0.277852	0.719896	0.00225155
Muller_E	2831172	0.277944	0.719884	0.00217225
Muller_E	2831515	0.277951	0.719883	0.00216582
Muller_E	2832336	0.277969	0.71988	0.00215043
Muller_E	2833070	0.277985	0.719878	0.00213667
Muller_E	2850717	0.278367	0.719828	0.00180501
Muller_E	2853215	0.278421	0.719821	0.00175794
Muller_E	2856496	0.278492	0.719812	0.00169608
Muller_E	2856945	0.278501	0.719811	0.00168761
Muller_E	2857481	0.278513	0.71981	0.0016775
Muller_E	2858163	0.278528	0.719808	0.00166463
Muller_E	2859754	0.278562	0.719803	0.0016346
Muller_E	2859987	0.278567	0.719803	0.0016302
Muller_E	2862604	0.278624	0.719796	0.00158078
Muller_E	2866488	0.278707	0.719785	0.00150737
Muller_E	2867267	0.278724	0.719783	0.00149264
Muller_E	2868557	0.278752	0.71978	0.00146823
Muller_E	2870085	0.278785	0.719776	0.00143932
Muller_E	2870623	0.278796	0.719774	0.00142914
Muller_E	2876155	0.278916	0.71976	0.00132435
Muller_E	2877151	0.278937	0.719757	0.00130546
Muller_E	2886067	0.279129	0.719735	0.00113623
Muller_E	2886534	0.279139	0.719733	0.00112735
Muller_E	2887599	0.279162	0.719731	0.00110711
Muller_E	2887882	0.279168	0.71973	0.00110173
Muller_E	2888492	0.279181	0.719729	0.00109013
Muller_E	2888607	0.279184	0.719728	0.00108795
Muller_E	2890000	0.279214	0.719725	0.00106146
Muller_E	2890387	0.279222	0.719724	0.0010541
Muller_E	2890907	0.279233	0.719722	0.0010442
Muller_E	2894764	0.279316	0.719713	0.000970788
Muller_E	2899098	0.279409	0.719702	0.000888211
Muller_E	2901481	0.279461	0.719697	0.000842769
Muller_E	2901643	0.279464	0.719696	0.000839678
Muller_E	2902627	0.279485	0.719694	0.000820906
Muller_E	2903432	0.279503	0.719692	0.000805544
Muller_E	2904998	0.279536	0.719688	0.000775653
Muller_E	2905994	0.279558	0.719686	0.000756636
Muller_E	2907134	0.279582	0.719683	0.000734863
Muller_E	2908511	0.279612	0.71968	0.000708555
Muller_E	2909452	0.279632	0.719678	0.000690573
Muller_E	2910160	0.279647	0.719676	0.00067704
Muller_E	2911022	0.279665	0.719674	0.00066056
Muller_E	2911252	0.27967	0.719673	0.000656163
Muller_E	2911992	0.279686	0.719672	0.000642012
Muller_E	2914672	0.279744	0.719665	0.000590741
Muller_E	2915489	0.279761	0.719664	0.000575104
Muller_E	2918585	0.279828	0.719656	0.000515821
Muller_E	2919015	0.424104	0.575852	4.30506e-05
Muller_E	2919728	0.279826	0.719668	0.000506646
Muller_E	2919971	0.279822	0.719672	0.000506326
Muller_E	2921506	0.279798	0.719698	0.000504295
Muller_E	2922564	0.279781	0.719716	0.000502887
Muller_E	2922707	0.279779	0.719718	0.000502697
Muller_E	2924226	0.279755	0.719744	0.000500663
Muller_E	2925108	0.279741	0.719759	0.000499476
Muller_E	2925552	0.279734	0.719767	0.000498877
Muller_E	2928855	0.279682	0.719823	0.000494385
Muller_E	2930674	0.279654	0.719854	0.000491884
Muller_E	2931258	0.279644	0.719864	0.000491077
Muller_E	2931592	0.279639	0.71987	0.000490615
Muller_E	2931798	0.279636	0.719874	0.000490329
Muller_E	2932326	0.279628	0.719883	0.000489596
Muller_E	2945623	0.279418	0.720111	0.000470614
Muller_E	2945753	0.279416	0.720114	0.000470424
Muller_E	2945878	0.279414	0.720116	0.00047024
Muller_E	2946001	0.279412	0.720118	0.00047006
Muller_E	2955783	0.279257	0.720287	0.000455428
Muller_E	2957997	0.279222	0.720326	0.00045204
Muller_E	2959282	0.279202	0.720348	0.000450061
Muller_E	2959697	0.279195	0.720355	0.000449419
Muller_E	2959819	0.279193	0.720357	0.000449231
Muller_E	2960759	0.279178	0.720374	0.000447774
Muller_E	2961667	0.279164	0.72039	0.000446362
Muller_E	2961801	0.279162	0.720392	0.000446153
Muller_E	2963254	0.279139	0.720417	0.000443883
Muller_E	2963568	0.413078	0.586856	6.62174e-05
Muller_E	2975263	0.278476	0.721048	0.000476469
Muller_E	2976725	0.278393	0.721126	0.000480551
Muller_E	2977784	0.278334	0.721183	0.0004835
Muller_E	2982473	0.27807	0.721434	0.000496485
Muller_E	2984283	0.277968	0.721531	0.000501465
Muller_E	2985483	0.2779	0.721595	0.000504756
Muller_E	2985658	0.27789	0.721605	0.000505236
Muller_E	2985908	0.277876	0.721618	0.00050592
Muller_E	2987685	0.277776	0.721713	0.000510776
Muller_E	2992894	0.277482	0.721993	0.000524908
Muller_E	2993313	0.277459	0.722015	0.000526038
Muller_E	2993798	0.277431	0.722041	0.000527345
Muller_E	2994137	0.277412	0.722059	0.000528258
Muller_E	2994487	0.277393	0.722078	0.0005292
Muller_E	2994615	0.277385	0.722085	0.000529544
Muller_E	2995123	0.277357	0.722112	0.000530909
Muller_E	2995701	0.277324	0.722143	0.000532461
Muller_E	2996048	0.277305	0.722162	0.000533392
Muller_E	2996738	0.277266	0.722199	0.000535241
Muller_E	2996880	0.277258	0.722207	0.000535621
Muller_E	2997113	0.277245	0.722219	0.000536244
Muller_E	2999116	0.277132	0.722327	0.000541592
Muller_E	2999459	0.277112	0.722345	0.000542505
Muller_E	3001420	0.277002	0.722451	0.000547715
Muller_E	3001578	0.276993	0.722459	0.000548134
Muller_E	3001696	0.276986	0.722465	0.000548447
Muller_E	3002579	0.276936	0.722513	0.000550785
Muller_E	3003095	0.276907	0.722541	0.000552149
Muller_E	3003540	0.276882	0.722565	0.000553324
Muller_E	3004120	0.276849	0.722596	0.000554854
Muller_E	3005221	0.276787	0.722655	0.000557753
Muller_E	3007967	0.276632	0.722803	0.000564955
Muller_E	3012773	0.276361	0.723061	0.00057746
Muller_E	3013331	0.27633	0.723091	0.000578903
Muller_E	3013618	0.276314	0.723107	0.000579645
Muller_E	3014080	0.276287	0.723132	0.000580838
Muller_E	3014783	0.276248	0.72317	0.000582651
Muller_E	3016296	0.276162	0.723251	0.000586545
Muller_E	3017214	0.276111	0.723301	0.0005889
Muller_E	3018320	0.276048	0.72336	0.000591733
Muller_E	3018982	0.276011	0.723396	0.000593425
Muller_E	3019303	0.275993	0.723413	0.000594244
Muller_E	3019831	0.275963	0.723442	0.000595591
Muller_E	3021834	0.27585	0.72355	0.000600686
Muller_E	3021944	0.275844	0.723555	0.000600965
Muller_E	3023127	0.275777	0.723619	0.000603963
Muller_E	3024474	0.275701	0.723692	0.000607368
Muller_E	3024813	0.275682	0.72371	0.000608223
Muller_E	3029421	0.275421	0.723959	0.000619784
Muller_E	3029834	0.275398	0.723981	0.000620814
Muller_E	3030101	0.275383	0.723996	0.00062148
Muller_E	3033200	0.275208	0.724163	0.000629177
Muller_E	3033901	0.275168	0.724201	0.00063091
Muller_E	3034073	0.275158	0.72421	0.000631335
Muller_E	3036032	0.275048	0.724316	0.000636164
Muller_E	3038305	0.274919	0.724439	0.000641739
Muller_E	3041816	0.274721	0.724629	0.000650295
Muller_E	3044683	0.274559	0.724784	0.000657231
Muller_E	3046757	0.274442	0.724896	0.00066222
Muller_E	3046887	0.274434	0.724903	0.000662532
Muller_E	3047900	0.274377	0.724958	0.000664959
Muller_E	3048135	0.274364	0.724971	0.000665521
Muller_E	3050664	0.274221	0.725108	0.000671553
Muller_E	3051698	0.274162	0.725164	0.000674008
Muller_E	3051968	0.274147	0.725178	0.000674649
Muller_E	3052635	0.274109	0.725215	0.000676228
Muller_E	3053197	0.274077	0.725245	0.000677558
Muller_E	3056428	0.273895	0.72542	0.000685166
Muller_E	3056712	0.273878	0.725436	0.000685832
Muller_E	3058398	0.273783	0.725527	0.000689776
Muller_E	3059687	0.27371	0.725597	0.000692781
Muller_E	3061511	0.273607	0.725696	0.000697017
Muller_E	3062406	0.273556	0.725745	0.000699089
Muller_E	3062537	0.273549	0.725752	0.000699392
Muller_E	3100018	0.271425	0.727793	0.000782111
Muller_E	3100718	0.271385	0.727831	0.000783582
Muller_E	3112367	0.270724	0.728468	0.000807643
Muller_E	3112987	0.270689	0.728502	0.000808902
Muller_E	3113420	0.270665	0.728526	0.000809781
Muller_E	3116107	0.270512	0.728673	0.000815207
Muller_E	3119432	0.270323	0.728855	0.000821865
Muller_E	3119714	0.270307	0.72887	0.000822427
Muller_E	3120862	0.270242	0.728933	0.00082471
Muller_E	3122265	0.270162	0.72901	0.00082749
Muller_E	3123364	0.2701	0.72907	0.000829659
Muller_E	3124138	0.270056	0.729113	0.000831183
Muller_E	3127464	0.269867	0.729295	0.000837694
Muller_E	3128767	0.269793	0.729367	0.000840227
Muller_E	3128895	0.269786	0.729374	0.000840476
Muller_E	3129611	0.269745	0.729413	0.000841863
Muller_E	3129743	0.269738	0.72942	0.000842119
Muller_E	3130171	0.269713	0.729444	0.000842947
Muller_E	3131529	0.269636	0.729518	0.000845566
Muller_E	3137674	0.269287	0.729856	0.000857291
Muller_E	3139976	0.269156	0.729983	0.000861628
Muller_E	3143168	0.268974	0.730158	0.000867593
Muller_E	3169152	0.267495	0.731591	0.000914015
Muller_E	3170575	0.267414	0.731669	0.000916447
Muller_E	3173857	0.267227	0.731851	0.000922013
Muller_E	3192801	0.266147	0.7329	0.00095295
Muller_E	3194086	0.266074	0.732971	0.000954975
Muller_E	3194230	0.266066	0.732979	0.000955201
Muller_E	3207603	0.265303	0.733722	0.000975709
Muller_E	3207708	0.265297	0.733728	0.000975866
Muller_E	3208070	0.265276	0.733748	0.000976407
Muller_E	3208369	0.265259	0.733764	0.000976853
Muller_E	3208507	0.265251	0.733772	0.000977059
Muller_E	3208706	0.26524	0.733783	0.000977355
Muller_E	3210124	0.265159	0.733862	0.000979461
Muller_E	3211254	0.265094	0.733925	0.000981131
Muller_E	3212088	0.265046	0.733971	0.000982359
Muller_E	3216063	0.264819	0.734192	0.000988158
Muller_E	3216461	0.264797	0.734215	0.000988734
Muller_E	3217109	0.26476	0.734251	0.000989669
Muller_E	3217441	0.264741	0.734269	0.000990148
Muller_E	3217706	0.264725	0.734284	0.000990529
Muller_E	3217825	0.264719	0.734291	0.0009907
Muller_E	3218354	0.264688	0.73432	0.00099146
Muller_E	3219292	0.264635	0.734372	0.000992803
Muller_E	3219763	0.264608	0.734399	0.000993475
Muller_E	3221459	0.264511	0.734493	0.000995887
Muller_E	3222112	0.264474	0.734529	0.000996811
Muller_E	3223012	0.264422	0.73458	0.00099808
Muller_E	3223549	0.264392	0.73461	0.000998836
Muller_E	3224815	0.264319	0.73468	0.00100061
Muller_E	3226800	0.264206	0.734791	0.00100337
Muller_E	3229718	0.264039	0.734954	0.0010074
Muller_E	3240322	0.263432	0.735546	0.0010216
Muller_E	3240918	0.263398	0.735579	0.00102238
Muller_E	3241273	0.263378	0.735599	0.00102284
Muller_E	3247835	0.263003	0.735966	0.00103128
Muller_E	3251442	0.262796	0.736168	0.00103581
Muller_E	3252203	0.262752	0.736211	0.00103676
Muller_E	3254014	0.262649	0.736312	0.001039
Muller_E	3254518	0.26262	0.73634	0.00103962
Muller_E	3255141	0.262584	0.736375	0.00104038
Muller_E	3255365	0.262571	0.736388	0.00104066
Muller_E	3259142	0.262355	0.7366	0.00104524
Muller_E	3259935	0.26231	0.736644	0.00104619
Muller_E	3262497	0.262163	0.736788	0.00104924
Muller_E	3263708	0.262093	0.736856	0.00105067
Muller_E	3264644	0.26204	0.736908	0.00105177
Muller_E	3266132	0.261955	0.736992	0.0010535
Muller_E	3266579	0.261929	0.737017	0.00105402
Muller_E	3266806	0.261916	0.73703	0.00105429
Muller_E	3269029	0.261789	0.737155	0.00105685
Muller_E	3271700	0.261635	0.737305	0.00105989
Muller_E	3271881	0.261625	0.737315	0.00106009
Muller_E	3273894	0.26151	0.737428	0.00106235
Muller_E	3275081	0.261442	0.737495	0.00106368
Muller_E	3275989	0.26139	0.737546	0.00106468
Muller_E	3278049	0.261271	0.737662	0.00106695
Muller_E	3280894	0.261108	0.737822	0.00107004
Muller_E	3282107	0.261039	0.73789	0.00107134
Muller_E	3282973	0.260989	0.737939	0.00107227
Muller_E	3284532	0.2609	0.738027	0.00107392
Muller_E	3291321	0.26051	0.738409	0.00108097
Muller_E	3291878	0.260478	0.73844	0.00108154
Muller_E	3293351	0.260393	0.738524	0.00108302
Muller_E	3293759	0.26037	0.738547	0.00108344
Muller_E	3304917	0.259729	0.739176	0.00109428
Muller_E	3306663	0.259629	0.739275	0.00109592
Muller_E	3306880	0.259616	0.739287	0.00109612
Muller_E	3310127	0.25943	0.739471	0.00109911
Muller_E	3312301	0.259305	0.739594	0.00110107
Muller_E	3312718	0.259281	0.739618	0.00110145
Muller_E	3318766	0.258933	0.73996	0.00110676
Muller_E	3323588	0.258656	0.740233	0.00111084
Muller_E	3324201	0.258621	0.740268	0.00111135
Muller_E	3324656	0.258595	0.740294	0.00111173
Muller_E	3325091	0.25857	0.740318	0.00111209
Muller_E	3326084	0.258512	0.740375	0.0011129
Muller_E	3326190	0.258506	0.740381	0.00111299
Muller_E	3330218	0.258275	0.740609	0.00111624
Muller_E	3334866	0.258007	0.740873	0.00111987
Muller_E	3337545	0.257853	0.741025	0.00112191
Muller_E	3340268	0.257696	0.74118	0.00112394
Muller_E	3340480	0.257684	0.741192	0.00112409
Muller_E	3410593	0.253638	0.745201	0.00116148
Muller_E	3431230	0.252443	0.746389	0.00116705
Muller_E	3437416	0.252085	0.746747	0.00116824
Muller_E	3456916	0.250955	0.747875	0.00117052
Muller_E	3457694	0.250909	0.74792	0.00117057
Muller_E	3459001	0.250834	0.747996	0.00117064
Muller_E	3462300	0.250642	0.748187	0.00117076
Muller_E	3464519	0.250513	0.748316	0.00117081
Muller_E	3464673	0.250504	0.748325	0.00117081
Muller_E	3477602	0.249754	0.749076	0.00117052
Muller_E	3525631	0.246959	0.75188	0.00116082
Muller_E	3546828	0.245723	0.753125	0.00115223
Muller_E	3557059	0.245126	0.753727	0.00114713
Muller_E	3566467	0.244576	0.754282	0.00114189
Muller_E	3572057	0.244249	0.754612	0.00113853
Muller_E	3572168	0.244243	0.754619	0.00113846
Muller_E	3579272	0.243827	0.755039	0.00113392
Muller_E	3579502	0.243814	0.755052	0.00113377
Muller_E	3582419	0.243643	0.755225	0.00113182
Muller_E	3590131	0.243192	0.755682	0.00112641
Muller_E	3605233	0.242307	0.756578	0.00111479
Muller_E	3610748	0.241984	0.756906	0.0011102
Muller_E	3611776	0.241924	0.756967	0.00110933
Muller_E	3615071	0.241731	0.757163	0.00110649
Muller_E	3617701	0.241577	0.757319	0.00110417
Muller_E	3617818	0.24157	0.757326	0.00110407
Muller_E	3617948	0.241562	0.757334	0.00110395
Muller_E	3623404	0.241242	0.757659	0.001099
Muller_E	3630035	0.240853	0.758054	0.00109276
Muller_E	3631532	0.240765	0.758144	0.00109131
Muller_E	3634067	0.240616	0.758295	0.00108883
Muller_E	3642157	0.240141	0.758778	0.00108065
Muller_E	3643438	0.240066	0.758855	0.00107932
Muller_E	3645674	0.239935	0.758988	0.00107698
Muller_E	3652519	0.239532	0.759398	0.00106961
Muller_E	3655257	0.239371	0.759562	0.00106659
Muller_E	3657953	0.239213	0.759724	0.00106357
Muller_E	3660200	0.239081	0.759858	0.00106101
Muller_E	3665461	0.238771	0.760174	0.00105492
Muller_E	3670065	0.2385	0.76045	0.00104945
Muller_E	3757777	0.233322	0.765757	0.000920898
Muller_E	3766114	0.232828	0.766265	0.00090626
Muller_E	3770199	0.232586	0.766515	0.000898934
Muller_E	3771242	0.232524	0.766579	0.000897047
Muller_E	3775369	0.23228	0.766831	0.000889516
Muller_E	3781958	0.231889	0.767234	0.000877278
Muller_E	3788305	0.231512	0.767622	0.00086524
Muller_E	3788531	0.231499	0.767636	0.000864807
Muller_E	3788717	0.231488	0.767648	0.00086445
Muller_E	3791492	0.231323	0.767818	0.000859103
Muller_E	3791929	0.231297	0.767844	0.000858256
Muller_E	3794089	0.231169	0.767977	0.000854056
Muller_E	3798034	0.230935	0.768219	0.000846311
Muller_E	3805877	0.230469	0.7687	0.000830632
Muller_E	3808116	0.230336	0.768838	0.000826087
Muller_E	3837593	0.228582	0.770654	0.000763397
Muller_E	3889492	0.225486	0.773874	0.000640079
Muller_E	3892070	0.225331	0.774035	0.000633521
Muller_E	3892768	0.22529	0.774079	0.000631739
Muller_E	3893846	0.225225	0.774146	0.00062898
Muller_E	3895236	0.225142	0.774232	0.000625412
Muller_E	3896701	0.225055	0.774324	0.000621639
Muller_E	3964144	0.221011	0.778556	0.000433553
Muller_E	3964249	0.221004	0.778562	0.000433239
Muller_E	3964701	0.220977	0.778591	0.000431883
Muller_E	3965335	0.220939	0.778631	0.000429978
Muller_E	3965537	0.220927	0.778644	0.000429371
Muller_E	3971184	0.220588	0.779	0.000412293
Muller_E	4005791	0.218504	0.781193	0.000303289
Muller_E	4007537	0.218398	0.781304	0.000297591
Muller_E	4008073	0.218366	0.781338	0.000295838
Muller_E	4008732	0.218326	0.78138	0.00029368
Muller_E	4009275	0.218294	0.781415	0.0002919
Muller_E	4009794	0.218262	0.781448	0.000290197
Muller_E	4010462	0.218222	0.78149	0.000288003
Muller_E	4011246	0.218175	0.78154	0.000285424
Muller_E	4011350	0.218168	0.781546	0.000285082
Muller_E	4011743	0.218145	0.781571	0.000283787
Muller_E	4012926	0.218073	0.781647	0.000279885
Muller_E	4015010	0.217948	0.781779	0.000272989
Muller_E	4015956	0.217891	0.78184	0.000269849
Muller_E	4016731	0.217844	0.781889	0.000267273
Muller_E	4017133	0.21782	0.781915	0.000265936
Muller_E	4017640	0.217789	0.781947	0.000264247
Muller_E	4021078	0.217581	0.782166	0.000252755
Muller_E	4021876	0.217533	0.782217	0.000250076
Muller_E	4022513	0.217495	0.782257	0.000247936
Muller_E	4022928	0.21747	0.782284	0.00024654
Muller_E	4024532	0.217373	0.782386	0.000241134
Muller_E	4024639	0.217366	0.782393	0.000240773
Muller_E	4025270	0.217328	0.782433	0.000238641
Muller_E	4027169	0.217214	0.782554	0.000232212
Muller_E	4027437	0.217198	0.782571	0.000231302
Muller_E	4027764	0.217178	0.782592	0.000230192
Muller_E	4029270	0.217087	0.782688	0.000225072
Muller_E	4032202	0.21691	0.782875	0.000215061
Muller_E	4032327	0.216902	0.782883	0.000214633
Muller_E	4033521	0.21683	0.782959	0.000210541
Muller_E	4033797	0.216813	0.782977	0.000209593
Muller_E	4036360	0.216659	0.783141	0.000200773
Muller_E	4037138	0.216611	0.78319	0.000198087
Muller_E	4037610	0.216583	0.783221	0.000196456
Muller_E	4040496	0.216409	0.783405	0.000186452
Muller_E	4040949	0.216381	0.783434	0.000184877
Muller_E	4045900	0.216082	0.783751	0.000167579
Muller_E	4046078	0.216071	0.783762	0.000166955
Muller_E	4046843	0.216025	0.783811	0.000164267
Muller_E	4047581	0.21598	0.783858	0.000161671
Muller_E	4048275	0.215938	0.783903	0.000159227
Muller_E	4048700	0.215912	0.78393	0.000157728
Muller_E	4053592	0.215617	0.784243	0.000140399
Muller_E	4056223	0.215457	0.784412	0.000131017
Muller_E	4056545	0.215438	0.784432	0.000129865
Muller_E	4056951	0.215413	0.784458	0.000128413
Muller_E	4057601	0.215374	0.7845	0.000126085
Muller_E	4057720	0.215367	0.784508	0.000125659
Muller_E	4058043	0.215347	0.784528	0.000124501
Muller_E	4058149	0.215341	0.784535	0.000124121
Muller_E	4058704	0.215307	0.784571	0.000122129
Muller_E	4059417	0.215264	0.784616	0.000119568
Muller_E	4059965	0.215231	0.784652	0.000117597
Muller_E	4061381	0.215145	0.784742	0.000112496
Muller_E	4061745	0.215123	0.784766	0.000111183
Muller_E	4062020	0.332412	0.667571	1.71843e-05
Muller_E	4062507	0.215047	0.784843	0.00011011
Muller_E	4062941	0.214994	0.784896	0.000110037
Muller_E	4064035	0.21486	0.78503	0.000109848
Muller_E	4064680	0.214781	0.785109	0.000109732
Muller_E	4064829	0.214763	0.785128	0.000109705
Muller_E	4065474	0.214684	0.785207	0.000109587
Muller_E	4065574	0.214672	0.785219	0.000109569
Muller_E	4066028	0.214616	0.785274	0.000109483
Muller_E	4067541	0.214431	0.78546	0.00010919
Muller_E	4067967	0.214379	0.785512	0.000109105
Muller_E	4068535	0.214309	0.785582	0.00010899
Muller_E	4069245	0.214223	0.785669	0.000108843
Muller_E	4070105	0.214117	0.785774	0.000108661
Muller_E	4071088	0.213997	0.785894	0.000108447
Muller_E	4071641	0.213929	0.785962	0.000108324
Muller_E	4072126	0.21387	0.786022	0.000108214
Muller_E	4072768	0.213792	0.7861	0.000108067
Muller_E	4072973	0.213766	0.786126	0.00010802
Muller_E	4073359	0.213719	0.786173	0.000107929
Muller_E	4075135	0.213502	0.786391	0.000107502
Muller_E	4075254	0.213487	0.786405	0.000107473
Muller_E	4076053	0.21339	0.786503	0.000107274
Muller_E	4077160	0.213254	0.786639	0.000106991
Muller_E	4078165	0.213131	0.786762	0.000106727
Muller_E	4078690	0.213067	0.786827	0.000106587
Muller_E	4078900	0.213041	0.786852	0.000106531
Muller_E	4079010	0.213028	0.786866	0.000106501
Muller_E	4079297	0.212993	0.786901	0.000106423
Muller_E	4081728	0.212695	0.787199	0.000105743
Muller_E	4082079	0.212652	0.787242	0.000105641
Muller_E	4083988	0.212418	0.787477	0.000105077
Muller_E	4085715	0.212207	0.787688	0.000104546
Muller_E	4089306	0.211767	0.788129	0.000103382
Muller_E	4089803	0.211706	0.78819	0.000103215
Muller_E	4092778	0.211342	0.788556	0.00010218
Muller_E	4092894	0.211328	0.78857	0.000102138
Muller_E	4098915	0.210591	0.789309	9.98681e-05
Muller_E	4109650	0.209276	0.790629	9.5252e-05
Muller_E	4113217	0.208838	0.791068	9.35566e-05
Muller_E	4113538	0.208799	0.791107	9.34e-05
Muller_E	4114422	0.208691	0.791216	9.29656e-05
Muller_E	4114803	0.208644	0.791263	9.27768e-05
Muller_E	4115118	0.208606	0.791302	9.262e-05
Muller_E	4116856	0.208393	0.791516	9.17438e-05
Muller_E	4117074	0.208366	0.791543	9.16325e-05
Muller_E	4117473	0.208317	0.791592	9.14281e-05
Muller_E	4118970	0.208133	0.791776	9.06521e-05
Muller_E	4121851	0.20778	0.792131	8.91186e-05
Muller_E	4122071	0.207753	0.792158	8.89993e-05
Muller_E	4122393	0.207714	0.792197	8.88242e-05
Muller_E	4122818	0.207662	0.79225	8.8592e-05
Muller_E	4124318	0.207478	0.792434	8.77635e-05
Muller_E	4124418	0.207466	0.792447	8.77078e-05
Muller_E	4126492	0.207211	0.792702	8.65373e-05
Muller_E	4127527	0.207084	0.79283	8.5943e-05
Muller_E	4127720	0.207061	0.792853	8.58314e-05
Muller_E	4128101	0.207014	0.7929	8.56104e-05
Muller_E	4128234	0.206998	0.792917	8.55331e-05
Muller_E	4130334	0.20674	0.793175	8.42967e-05
Muller_E	4132221	0.206509	0.793408	8.31619e-05
Muller_E	4134741	0.2062	0.793719	8.16109e-05
Muller_E	4134982	0.20617	0.793748	8.14605e-05
Muller_E	4136547	0.205978	0.793941	8.04745e-05
Muller_E	4140224	0.205527	0.794395	7.80965e-05
Muller_E	4140902	0.205444	0.794478	7.76486e-05
Muller_E	4141485	0.205373	0.79455	7.72611e-05
Muller_E	4143836	0.205084	0.79484	7.56765e-05
Muller_E	4144350	0.205021	0.794904	7.53253e-05
Muller_E	4144848	0.20496	0.794965	7.49835e-05
Muller_E	4150850	0.204223	0.795706	7.0739e-05
Muller_E	4151927	0.325228	0.674765	7.1488e-06
Muller_E	4154621	0.203451	0.796474	7.48311e-05
Muller_E	4159745	0.202234	0.797682	8.39919e-05
Muller_E	4159958	0.202183	0.797733	8.43693e-05
Muller_E	4160923	0.201954	0.79796	8.60761e-05
Muller_E	4161787	0.201748	0.798164	8.75995e-05
Muller_E	4162162	0.201659	0.798252	8.82594e-05
Muller_E	4163984	0.201226	0.798682	9.14536e-05
Muller_E	4164218	0.201171	0.798737	9.18625e-05
Muller_E	4164859	0.201018	0.798889	9.29807e-05
Muller_E	4165033	0.200977	0.79893	9.32838e-05
Muller_E	4165157	0.200948	0.798959	9.34997e-05
Muller_E	4165383	0.200894	0.799012	9.3893e-05
Muller_E	4165808	0.200793	0.799113	9.46318e-05
Muller_E	4165958	0.200757	0.799148	9.48923e-05
Muller_E	4166062	0.200732	0.799172	9.50728e-05
Muller_E	4166243	0.200689	0.799215	9.53868e-05
Muller_E	4166628	0.200598	0.799306	9.60542e-05
Muller_E	4168755	0.200092	0.799808	9.97252e-05
Muller_E	4172546	0.199191	0.800702	0.000106202
Muller_E	4172827	0.199125	0.800769	0.000106679
Muller_E	4173860	0.198879	0.801012	0.000108427
Muller_E	4176100	0.198347	0.801541	0.000112196
Muller_E	4176326	0.198293	0.801594	0.000112575
Muller_E	4176826	0.198174	0.801712	0.000113412
Muller_E	4177022	0.198128	0.801759	0.000113739
Muller_E	4178339	0.197815	0.80207	0.000115934
Muller_E	4178608	0.197751	0.802133	0.000116381
Muller_E	4179326	0.19758	0.802303	0.000117573
Muller_E	4180712	0.19725	0.80263	0.000119864
Muller_E	4180966	0.19719	0.80269	0.000120282
Muller_E	4184926	0.196249	0.803625	0.000126759
Muller_E	4185178	0.196189	0.803684	0.000127168
Muller_E	4185319	0.196155	0.803717	0.000127397
Muller_E	4185532	0.196105	0.803768	0.000127742
Muller_E	4187632	0.195605	0.804264	0.000131131
Muller_E	4188227	0.195464	0.804404	0.000132086
Muller_E	4188670	0.195359	0.804509	0.000132796
Muller_E	4192621	0.194419	0.805442	0.000139077
Muller_E	4193546	0.194199	0.80566	0.000140534
Muller_E	4194407	0.193995	0.805864	0.000141885
Muller_E	4195783	0.193667	0.806189	0.000144036
Muller_E	4196010	0.193613	0.806242	0.00014439
Muller_E	4197440	0.193273	0.80658	0.000146611
Muller_E	4198223	0.193087	0.806765	0.000147822
Muller_E	4199021	0.192897	0.806954	0.000149052
Muller_E	4199203	0.192854	0.806997	0.000149333
Muller_E	4199424	0.192802	0.807049	0.000149672
Muller_E	4199639	0.19275	0.8071	0.000150003
Muller_E	4199983	0.192669	0.807181	0.000150531
Muller_E	4203293	0.191881	0.807963	0.000155575
Muller_E	4205814	0.191282	0.808559	0.000159372
Muller_E	4206134	0.191206	0.808634	0.000159851
Muller_E	4207588	0.19086	0.808978	0.000162021
Muller_E	4210680	0.190125	0.809709	0.000166593
Muller_E	4210928	0.190066	0.809767	0.000166958
Muller_E	4211312	0.189974	0.809858	0.000167521
Muller_E	4211755	0.189869	0.809963	0.00016817
Muller_E	4213444	0.189467	0.810362	0.000170632
Muller_E	4216650	0.188705	0.81112	0.000175258
Muller_E	4217058	0.188608	0.811217	0.000175843
Muller_E	4217453	0.188514	0.81131	0.000176408
Muller_E	4217565	0.188487	0.811336	0.000176568
Muller_E	4217669	0.188462	0.811361	0.000176716
Muller_E	4217825	0.188425	0.811398	0.000176939
Muller_E	4218923	0.188164	0.811658	0.000178501
Muller_E	4225215	0.186667	0.813146	0.000187313
Muller_E	4232774	0.184869	0.814934	0.000197583
Muller_E	4235298	0.184268	0.815531	0.000200934
Muller_E	4245993	0.181723	0.818063	0.000214704
Muller_E	4252835	0.180094	0.819683	0.000223146
Muller_E	4253725	0.179882	0.819893	0.000224223
Muller_E	4256197	0.179294	0.820479	0.000227189
Muller_E	4261234	0.178095	0.821672	0.000233115
Muller_E	4262892	0.1777	0.822065	0.000235032
Muller_E	4263238	0.177618	0.822147	0.000235429
Muller_E	4263588	0.177534	0.82223	0.000235831
Muller_E	4264621	0.177288	0.822475	0.000237012
Muller_E	4266950	0.176734	0.823027	0.000239651
Muller_E	4267529	0.176596	0.823164	0.000240301
Muller_E	4276223	0.174526	0.825225	0.000249823
Muller_E	4311688	0.166076	0.83364	0.000283777
Muller_E	4311965	0.16601	0.833706	0.000284011
Muller_E	4312254	0.165942	0.833774	0.000284255
Muller_E	4312510	0.165881	0.833835	0.00028447
Muller_E	4334492	0.16064	0.839058	0.00030142
Muller_E	4352032	0.156457	0.84323	0.000312734
Muller_E	4353438	0.156122	0.843564	0.000313555
Muller_E	4356857	0.155306	0.844378	0.000315499
Muller_E	4360054	0.154544	0.845139	0.000317249
Muller_E	4374783	0.151029	0.848646	0.000324458
Muller_E	4374946	0.15099	0.848685	0.00032453
Muller_E	4381350	0.149462	0.850211	0.000327218
Muller_E	4558836	0.107011	0.892697	0.000292642
Muller_E	4562012	0.10625	0.89346	0.000290054
Muller_E	4564083	0.105753	0.893959	0.000288328
Muller_E	4564194	0.105726	0.893985	0.000288235
Muller_E	4568491	0.104696	0.895019	0.000284553
Muller_E	4569115	0.104547	0.895169	0.000284008
Muller_E	4569749	0.104395	0.895322	0.000283451
Muller_E	4570340	0.104253	0.895464	0.000282929
Muller_E	4571890	0.103881	0.895837	0.000281549
Muller_E	4572624	0.103705	0.896014	0.00028089
Muller_E	4573491	0.103497	0.896223	0.000280106
Muller_E	4573809	0.103421	0.896299	0.000279817
Muller_E	4577361	0.102569	0.897154	0.000276542
Muller_E	4577462	0.102545	0.897178	0.000276448
Muller_E	4578308	0.102342	0.897382	0.000275654
Muller_E	4580664	0.101777	0.897949	0.000273416
Muller_E	4580954	0.101708	0.898019	0.000273138
Muller_E	4581769	0.101512	0.898216	0.000272354
Muller_E	4581909	0.101479	0.898249	0.000272218
Muller_E	4583019	0.101212	0.898517	0.000271141
Muller_E	4583393	0.101123	0.898607	0.000270776
Muller_E	4583516	0.101093	0.898636	0.000270655
Muller_E	4584473	0.100864	0.898867	0.000269716
Muller_E	4589180	0.0997345	0.900001	0.000265
Muller_E	4590247	0.0994785	0.900258	0.000263909
Muller_E	4591539	0.0991685	0.900569	0.000262578
Muller_E	4593253	0.0987573	0.900982	0.000260792
Muller_E	4593508	0.0986961	0.901043	0.000260525
Muller_E	4593974	0.0985843	0.901156	0.000260035
Muller_E	4595111	0.0983115	0.90143	0.000258834
Muller_E	4595303	0.0982655	0.901476	0.00025863
Muller_E	4597548	0.0977268	0.902017	0.000256227
Muller_E	4597833	0.0976584	0.902086	0.000255919
Muller_E	4600306	0.097065	0.902682	0.000253226
Muller_E	4607273	0.0953931	0.904362	0.000245402
Muller_E	4607398	0.0953631	0.904392	0.000245258
Muller_E	4610441	0.0946327	0.905126	0.000241729
Muller_E	4611041	0.0944887	0.90527	0.000241026
Muller_E	4611562	0.0943636	0.905396	0.000240412
Muller_E	4611697	0.0943312	0.905429	0.000240253
Muller_E	4612447	0.0941512	0.905609	0.000239366
Muller_E	4612733	0.0940825	0.905678	0.000239027
Muller_E	4612927	0.094036	0.905725	0.000238797
Muller_E	4613148	0.0939829	0.905779	0.000238534
Muller_E	4614502	0.0936579	0.906105	0.000236916
Muller_E	4615888	0.0933252	0.90644	0.000235246
Muller_E	4616173	0.0932567	0.906508	0.000234901
Muller_E	4616508	0.0931763	0.906589	0.000234494
Muller_E	4616663	0.0931391	0.906627	0.000234306
Muller_E	4618190	0.0927725	0.906995	0.000232441
Muller_E	4619781	0.0923905	0.907379	0.000230481
Muller_E	4622166	0.0918179	0.907955	0.000227508
Muller_E	4626314	0.0908219	0.908956	0.000222239
Muller_E	4626864	0.0906899	0.909089	0.000221531
Muller_E	4627368	0.0905688	0.90921	0.000220881
Muller_E	4627488	0.09054	0.909239	0.000220726
Muller_E	4633961	0.0889855	0.910802	0.0002122
Muller_E	4635834	0.0885356	0.911255	0.000209677
Muller_E	4636452	0.0883872	0.911404	0.000208838
Muller_E	4637295	0.0881847	0.911608	0.00020769
Muller_E	4640891	0.0873209	0.912476	0.000202736
Muller_E	4645727	0.0861591	0.913645	0.000195924
Muller_E	4646376	0.0860031	0.913802	0.000194997
Muller_E	4646798	0.0859017	0.913904	0.000194393
Muller_E	4653320	0.0843346	0.915481	0.000184885
Muller_E	4656520	0.0835656	0.916254	0.000180107
Muller_E	4672665	0.0796846	0.920161	0.000154853
Muller_E	4674140	0.07933	0.920518	0.00015245
Muller_E	4675745	0.078944	0.920906	0.000149817
Muller_E	4676485	0.0787661	0.921085	0.000148597
Muller_E	4677110	0.0786158	0.921237	0.000147563
Muller_E	4677655	0.0784848	0.921369	0.00014666
Muller_E	4678986	0.0781647	0.921691	0.000144443
Muller_E	4680223	0.0778672	0.92199	0.000142371
Muller_E	4682403	0.0773429	0.922518	0.000138693
Muller_E	4682621	0.0772905	0.922571	0.000138323
Muller_E	4684270	0.0768939	0.922971	0.000135514
Muller_E	4685491	0.0766002	0.923266	0.000133422
Muller_E	4686019	0.0764732	0.923394	0.000132514
Muller_E	4687101	0.076213	0.923656	0.000130646
Muller_E	4689628	0.0756051	0.924269	0.00012625
Muller_E	4690052	0.0755031	0.924371	0.000125507
Muller_E	4690344	0.0754329	0.924442	0.000124996
Muller_E	4690905	0.0752979	0.924578	0.00012401
Muller_E	4691125	0.075245	0.924631	0.000123623
Muller_E	4691712	0.0751038	0.924774	0.000122589
Muller_E	4691999	0.0750348	0.924843	0.000122082
Muller_E	4692111	0.0750078	0.92487	0.000121884
Muller_E	4693234	0.0747377	0.925142	0.000119895
Muller_E	4693620	0.132185	0.867802	1.25159e-05
Muller_E	4693753	0.0745842	0.925296	0.000119444
Muller_E	4694021	0.074462	0.925418	0.000119917
Muller_E	4694592	0.0742018	0.925677	0.000120925
Muller_E	4696429	0.0733644	0.926511	0.000124152
Muller_E	4696792	0.073199	0.926676	0.000124787
Muller_E	4699402	0.0720093	0.927861	0.000129329
Muller_E	4700957	0.0713005	0.928568	0.000132013
Muller_E	4702606	0.0705488	0.929316	0.000134842
Muller_E	4708142	0.0680251	0.931831	0.000144211
Muller_E	4712097	0.066222	0.933627	0.00015078
Muller_E	4713898	0.0654009	0.934445	0.000153737
Muller_E	4714194	0.065266	0.93458	0.000154221
Muller_E	4717094	0.0639438	0.935897	0.000158932
Muller_E	4717794	0.0636246	0.936215	0.00016006
Muller_E	4720564	0.0623616	0.937474	0.000164495
Muller_E	4722390	0.061529	0.938304	0.000167391
Muller_E	4727534	0.0591834	0.940641	0.000175428
Muller_E	4730688	0.0577452	0.942075	0.000180268
Muller_E	4731377	0.057431	0.942388	0.000181316
Muller_E	4732944	0.0567164	0.9431	0.000183689
Muller_E	4738342	0.0542546	0.945554	0.000191736
Muller_E	4739398	0.053773	0.946034	0.000193287
Muller_E	4742492	0.0523618	0.94744	0.000197789
Muller_E	4745718	0.0508904	0.948907	0.000202413
Muller_E	4746457	0.0505534	0.949243	0.000203463
Muller_E	4748015	0.0498427	0.949952	0.000205663
Muller_E	4748352	0.049689	0.950105	0.000206137
Muller_E	4748630	0.0495622	0.950231	0.000206527
Muller_E	4751071	0.0484488	0.951341	0.000209931
Muller_E	4751685	0.0481687	0.951621	0.00021078
Muller_E	4751817	0.0481085	0.951681	0.000210963
Muller_E	4752607	0.0477481	0.95204	0.000212052
Muller_E	4752773	0.0476724	0.952115	0.00021228
Muller_E	4753826	0.047192	0.952594	0.000213723
Muller_E	4754671	0.0468066	0.952979	0.000214876
Muller_E	4756619	0.0459179	0.953865	0.000217515
Muller_E	4759191	0.0447446	0.955034	0.00022096
Muller_E	4761262	0.0437998	0.955977	0.000223701
Muller_E	4761866	0.0435242	0.956251	0.000224495
Muller_E	4761985	0.0434699	0.956305	0.000224651
Muller_E	4763545	0.0427582	0.957015	0.000226688
Muller_E	4764509	0.0423184	0.957454	0.000227938
Muller_E	4765595	0.0418229	0.957948	0.000229339
Muller_E	4766291	0.0415054	0.958264	0.000230233
Muller_E	4766501	0.0414096	0.95836	0.000230502
Muller_E	4767354	0.0410204	0.958748	0.000231591
Muller_E	4769627	0.0399833	0.959782	0.00023447
Muller_E	4769950	0.0398359	0.959929	0.000234876
Muller_E	4772288	0.0387691	0.960993	0.000237794
Muller_E	4773763	0.0380961	0.961664	0.000239616
Muller_E	4773963	0.0380048	0.961755	0.000239862
Muller_E	4774375	0.0378168	0.961943	0.000240367
Muller_E	4774957	0.0375513	0.962208	0.000241079
Muller_E	4775479	0.0373131	0.962445	0.000241716
Muller_E	4776619	0.0367929	0.962964	0.0002431
Muller_E	4779373	0.0104555	0.989524	2.01148e-05
Muller_E	4781913	0.0352063	0.964492	0.000301927
Muller_E	4782620	0.0351145	0.964568	0.000317376
Muller_E	4783326	0.0350228	0.964644	0.000332801
Muller_E	4786044	0.0346698	0.964938	0.00039216
Muller_E	4786690	0.0345858	0.965008	0.000406263
Muller_E	4789453	0.0342269	0.965306	0.00046656
Muller_E	4790377	0.0341069	0.965406	0.000486717
Muller_E	4792360	0.0338493	0.965621	0.00052996
Muller_E	4792549	0.0338247	0.965641	0.000534081
Muller_E	4792702	0.0338049	0.965658	0.000537416
Muller_E	4822723	0.0299025	0.968908	0.0011897
Muller_E	4832155	0.0286756	0.969931	0.00139373
Muller_E	4834924	0.0283153	0.970231	0.00145355
Muller_E	4838041	0.0279097	0.970569	0.00152084
Muller_E	4839031	0.0277809	0.970677	0.0015422
Muller_E	4840034	0.0276504	0.970786	0.00156384
Muller_E	4843722	0.0271704	0.971186	0.00164335
Muller_E	4844215	0.0271062	0.97124	0.00165398
Muller_E	4846930	0.0267528	0.971535	0.00171246
Muller_E	4847984	0.0266156	0.971649	0.00173516
