chrom	position	2,0	1,1	0,2
Muller_E	62882	0.0819507	0.499319	0.41873
Muller_E	267432	0.0734836	0.513096	0.41342
Muller_E	441230	0.0662375	0.524816	0.408947
Muller_E	511157	0.0633071	0.529537	0.407156
Muller_E	557879	0.0613441	0.532694	0.405962
Muller_E	581000	0.0603712	0.534257	0.405371
Muller_E	709108	0.0549609	0.54293	0.402109
Muller_E	768129	0.0524569	0.546934	0.40061
Muller_E	785241	0.0517295	0.548095	0.400175
Muller_E	787322	0.051641	0.548236	0.400123
Muller_E	787424	0.0516367	0.548243	0.40012
Muller_E	788173	0.0516048	0.548294	0.400101
Muller_E	788750	0.0515803	0.548333	0.400086
Muller_E	788860	0.0515756	0.548341	0.400083
Muller_E	791823	0.0514496	0.548542	0.400008
Muller_E	802257	0.0510056	0.549251	0.399744
Muller_E	893794	0.0471	0.555475	0.397425
Muller_E	894300	0.0470783	0.55551	0.397412
Muller_E	896281	0.0469936	0.555644	0.397362
Muller_E	897287	0.0469506	0.555713	0.397337
Muller_E	897987	0.0469206	0.555761	0.397319
Muller_E	901015	0.0467911	0.555967	0.397242
Muller_E	901718	0.046761	0.556015	0.397224
Muller_E	923408	0.0458323	0.557492	0.396676
Muller_E	923675	0.0458209	0.55751	0.396669
Muller_E	924320	0.0457932	0.557554	0.396653
Muller_E	927795	0.0456444	0.557791	0.396565
Muller_E	948021	0.0447772	0.559169	0.396053
Muller_E	948230	0.0447682	0.559184	0.396048
Muller_E	958531	0.0443262	0.559886	0.395788
Muller_E	967701	0.0439325	0.560512	0.395556
Muller_E	969142	0.0438706	0.56061	0.39552
Muller_E	1033237	0.0411128	0.564987	0.393901
Muller_E	1120573	0.0373385	0.570964	0.391697
Muller_E	1123171	0.0372259	0.571142	0.391632
Muller_E	1146845	0.0361993	0.572766	0.391035
Muller_E	1148492	0.0361278	0.572879	0.390993
Muller_E	1168315	0.035267	0.574239	0.390494
Muller_E	1213395	0.0333055	0.577337	0.389358
Muller_E	1262309	0.031171	0.580703	0.388126
Muller_E	1275111	0.0306112	0.581585	0.387803
Muller_E	1275707	0.0305851	0.581627	0.387788
Muller_E	1314313	0.0288944	0.584289	0.386816
Muller_E	1318297	0.0287196	0.584564	0.386716
Muller_E	1358440	0.0269566	0.587338	0.385705
Muller_E	1358616	0.0269489	0.58735	0.385701
Muller_E	1378824	0.0260596	0.588748	0.385192
Muller_E	1480336	0.0215745	0.595789	0.382636
Muller_E	1489232	0.02118	0.596408	0.382412
Muller_E	1645912	0.0141917	0.607343	0.378465
Muller_E	1673398	0.0129578	0.60927	0.377772
Muller_E	1718642	0.0109212	0.612448	0.376631
Muller_E	1746815	0.00964971	0.61443	0.37592
Muller_E	1763447	0.00889782	0.615602	0.3755
Muller_E	1765039	0.0088258	0.615714	0.37546
Muller_E	1765159	0.00882037	0.615723	0.375457
Muller_E	1765369	0.00881087	0.615738	0.375451
Muller_E	1771226	0.00854583	0.616151	0.375304
Muller_E	1799036	0.0072858	0.618113	0.374601
Muller_E	1802542	0.00712676	0.618361	0.374513
Muller_E	1802678	0.00712059	0.61837	0.374509
Muller_E	1803039	0.00710421	0.618396	0.3745
Muller_E	1803347	0.00709024	0.618417	0.374492
Muller_E	1805518	0.00699173	0.618571	0.374437
Muller_E	1812938	0.00665493	0.619095	0.37425
Muller_E	1813040	0.0066503	0.619102	0.374247
Muller_E	1815234	0.00655068	0.619257	0.374192
Muller_E	1815907	0.00652012	0.619305	0.374175
Muller_E	1816383	0.0064985	0.619339	0.374163
Muller_E	1831501	0.00581153	0.620408	0.373781
Muller_E	1850978	0.00492532	0.621786	0.373288
Muller_E	1851905	0.0048831	0.621852	0.373265
Muller_E	1852166	0.00487122	0.62187	0.373258
Muller_E	1857635	0.00462212	0.622258	0.37312
Muller_E	1861157	0.00446165	0.622507	0.373031
Muller_E	1861336	0.00445349	0.62252	0.373027
Muller_E	1861880	0.0044287	0.622559	0.373013
Muller_E	1866595	0.00421379	0.622893	0.372894
Muller_E	1870209	0.00404901	0.623149	0.372802
Muller_E	1871973	0.000632067	0.482092	0.517275
Muller_E	1880064	0.00390065	0.623915	0.372185
Muller_E	1889333	0.00382247	0.624649	0.371529
Muller_E	1891195	0.00380672	0.624796	0.371397
Muller_E	1894320	0.00378024	0.625044	0.371176
Muller_E	1900363	0.00372891	0.625524	0.370748
Muller_E	1904375	0.00369474	0.625842	0.370463
Muller_E	1915469	0.00359985	0.626723	0.369678
Muller_E	1927060	0.00350008	0.627644	0.368856
Muller_E	1932459	0.00345339	0.628073	0.368474
Muller_E	1944351	0.00335006	0.629019	0.367631
Muller_E	1946702	0.00332955	0.629207	0.367464
Muller_E	1961660	0.00319845	0.630398	0.366403
Muller_E	1975567	0.0030756	0.631508	0.365416
Muller_E	2011856	0.00275064	0.634409	0.36284
Muller_E	2013122	0.00273919	0.634511	0.36275
Muller_E	2044597	0.00245198	0.637034	0.360514
Muller_E	2048236	0.00241846	0.637327	0.360255
Muller_E	2048434	0.00241664	0.637343	0.360241
Muller_E	2086567	0.00206148	0.64041	0.357528
Muller_E	2103366	0.00190274	0.641765	0.356332
Muller_E	2117584	0.00176731	0.642913	0.35532
Muller_E	2126123	0.00168549	0.643603	0.354711
Muller_E	2135792	0.0015924	0.644386	0.354022
Muller_E	2140907	0.00154297	0.6448	0.353657
Muller_E	2141169	0.00022317	0.501231	0.498546
Muller_E	2142715	0.00154084	0.645042	0.353417
Muller_E	2145389	0.00154151	0.645425	0.353033
Muller_E	2146953	0.00154188	0.645649	0.352809
Muller_E	2147057	0.00154191	0.645664	0.352794
Muller_E	2201852	0.00154772	0.65352	0.344932
Muller_E	2204792	0.00154762	0.653942	0.34451
Muller_E	2219543	0.00154653	0.656061	0.342392
Muller_E	2220290	0.00154644	0.656169	0.342285
Muller_E	2241628	0.00154292	0.659236	0.339221
Muller_E	2243471	0.00154251	0.659501	0.338956
Muller_E	2531559	0.00126818	0.701253	0.297478
Muller_E	2693610	0.000920257	0.725037	0.274043
Muller_E	2696554	0.000912582	0.725471	0.273616
Muller_E	2706179	0.000887143	0.726892	0.272221
Muller_E	2713009	0.000868772	0.7279	0.271231
Muller_E	2716202	0.000860092	0.728371	0.270768
Muller_E	2721440	0.000845727	0.729145	0.270009
Muller_E	2735475	0.000806461	0.73122	0.267974
Muller_E	2763120	0.0007258	0.735311	0.263963
Muller_E	2777976	0.000680625	0.737513	0.261806
Muller_E	2779619	0.00067555	0.737757	0.261568
Muller_E	2787347	0.000651468	0.738903	0.260446
Muller_E	2788916	0.000646537	0.739136	0.260218
Muller_E	2795398	0.000626009	0.740098	0.259276
Muller_E	2798296	0.000616751	0.740528	0.258855
Muller_E	2799305	0.000613517	0.740678	0.258709
Muller_E	2800245	0.000610498	0.740817	0.258572
Muller_E	2800507	0.000609656	0.740856	0.258534
Muller_E	2800780	0.000608777	0.740897	0.258495
Muller_E	2800932	0.000608288	0.740919	0.258472
Muller_E	2801158	0.000607561	0.740953	0.25844
Muller_E	2805736	0.00059276	0.741633	0.257775
Muller_E	2807233	0.000587893	0.741855	0.257557
Muller_E	2807795	0.000586063	0.741939	0.257475
Muller_E	2808363	0.000584211	0.742023	0.257393
Muller_E	2809031	0.00058203	0.742122	0.257296
Muller_E	2809272	0.000581243	0.742158	0.257261
Muller_E	2809909	0.000579161	0.742253	0.257168
Muller_E	2811470	0.000574047	0.742485	0.256941
Muller_E	2811776	0.000573043	0.74253	0.256897
Muller_E	2812117	0.000571924	0.742581	0.256847
Muller_E	2815676	0.000560198	0.74311	0.25633
Muller_E	2816259	0.00055827	0.743196	0.256245
Muller_E	2817070	0.000555585	0.743317	0.256128
Muller_E	2817616	0.000553775	0.743398	0.256048
Muller_E	2819402	0.000547843	0.743664	0.255789
Muller_E	2820166	0.000545299	0.743777	0.255678
Muller_E	2820386	0.000544566	0.74381	0.255646
Muller_E	2820775	0.000543269	0.743868	0.255589
Muller_E	2821135	0.000542068	0.743921	0.255537
Muller_E	2821440	0.00054105	0.743967	0.255492
Muller_E	2826939	0.000522599	0.744784	0.254693
Muller_E	2831172	0.000508274	0.745414	0.254078
Muller_E	2831515	0.000507108	0.745465	0.254028
Muller_E	2832336	0.000504316	0.745587	0.253908
Muller_E	2833070	0.000501816	0.745697	0.253802
Muller_E	2850717	0.000440752	0.748324	0.251235
Muller_E	2853215	0.000431958	0.748696	0.250872
Muller_E	2856496	0.000420351	0.749185	0.250394
Muller_E	2856945	0.000418758	0.749252	0.250329
Muller_E	2857481	0.000416854	0.749332	0.250251
Muller_E	2858163	0.00041443	0.749434	0.250152
Muller_E	2859754	0.000408762	0.749671	0.24992
Muller_E	2859987	0.000407931	0.749706	0.249887
Muller_E	2862604	0.000398573	0.750096	0.249506
Muller_E	2866488	0.000384608	0.750675	0.24894
Muller_E	2867267	0.000381796	0.750791	0.248827
Muller_E	2868557	0.000377132	0.750983	0.248639
Muller_E	2870085	0.000371595	0.751211	0.248417
Muller_E	2870623	0.000369642	0.751292	0.248339
Muller_E	2876155	0.000349458	0.752117	0.247533
Muller_E	2877151	0.000345805	0.752266	0.247388
Muller_E	2886067	0.000312835	0.753597	0.24609
Muller_E	2886534	0.000311094	0.753667	0.246022
Muller_E	2887599	0.000307121	0.753826	0.245867
Muller_E	2887882	0.000306064	0.753868	0.245826
Muller_E	2888492	0.000303784	0.753959	0.245737
Muller_E	2888607	0.000303354	0.753976	0.245721
Muller_E	2890000	0.000298139	0.754184	0.245518
Muller_E	2890387	0.000296688	0.754242	0.245461
Muller_E	2890907	0.000294736	0.75432	0.245386
Muller_E	2894764	0.000280213	0.754896	0.244824
Muller_E	2899098	0.000263785	0.755544	0.244193
Muller_E	2901481	3.31126e-05	0.627085	0.372882
Muller_E	2901643	0.000254804	0.755944	0.243801
Muller_E	2902627	0.000255402	0.756214	0.24353
Muller_E	2903432	0.000255887	0.756435	0.243309
Muller_E	2904998	0.000256819	0.756865	0.242878
Muller_E	2905994	0.000257406	0.757138	0.242605
Muller_E	2907134	0.00025807	0.757451	0.242291
Muller_E	2908511	0.000258862	0.757829	0.241912
Muller_E	2909452	0.000259397	0.758087	0.241654
Muller_E	2910160	0.000259796	0.758281	0.241459
Muller_E	2911022	0.000260279	0.758518	0.241222
Muller_E	2911252	0.000260407	0.758581	0.241159
Muller_E	2911992	0.000260816	0.758784	0.240955
Muller_E	2914672	0.000262274	0.75952	0.240218
Muller_E	2915489	0.00026271	0.759744	0.239993
Muller_E	2918585	0.000264329	0.760594	0.239142
Muller_E	2919015	0.000264549	0.760712	0.239024
Muller_E	2919728	0.000264912	0.760907	0.238828
Muller_E	2919971	0.000265035	0.760974	0.238761
Muller_E	2921506	0.000265805	0.761396	0.238339
Muller_E	2922564	0.000266328	0.761686	0.238048
Muller_E	2922707	0.000266398	0.761725	0.238008
Muller_E	2924226	0.000267137	0.762142	0.237591
Muller_E	2925108	0.000267559	0.762384	0.237348
Muller_E	2925552	0.00026777	0.762506	0.237226
Muller_E	2928855	0.000269304	0.763413	0.236317
Muller_E	2930674	0.000270123	0.763913	0.235817
Muller_E	2931258	0.000270381	0.764073	0.235656
Muller_E	2931592	0.000270528	0.764165	0.235564
Muller_E	2931798	0.000270619	0.764222	0.235508
Muller_E	2932326	0.000270849	0.764367	0.235363
Muller_E	2945623	0.000276123	0.768019	0.231705
Muller_E	2945753	0.000276169	0.768055	0.231669
Muller_E	2945878	0.000276214	0.768089	0.231634
Muller_E	2946001	0.000276258	0.768123	0.231601
Muller_E	2955783	0.00027946	0.770812	0.228909
Muller_E	2957997	0.000280108	0.77142	0.2283
Muller_E	2959282	0.00028047	0.771773	0.227946
Muller_E	2959697	0.000280585	0.771887	0.227832
Muller_E	2959819	0.000280619	0.771921	0.227798
Muller_E	2960759	0.000280875	0.772179	0.22754
Muller_E	2961667	0.000281118	0.772429	0.22729
Muller_E	2961801	0.000281153	0.772466	0.227253
Muller_E	2963254	0.00028153	0.772865	0.226853
Muller_E	2963568	0.00028161	0.772952	0.226767
Muller_E	2975263	0.00028417	0.776168	0.223548
Muller_E	2976725	0.000284433	0.77657	0.223146
Muller_E	2977784	0.000284616	0.776861	0.222854
Muller_E	2982473	0.000285346	0.778151	0.221563
Muller_E	2984283	0.000285593	0.778649	0.221065
Muller_E	2985483	0.000285746	0.77898	0.220735
Muller_E	2985658	0.000285767	0.779028	0.220687
Muller_E	2985908	0.000285798	0.779096	0.220618
Muller_E	2987685	0.000286004	0.779585	0.220129
Muller_E	2992894	0.0002865	0.781019	0.218694
Muller_E	2993313	0.000286533	0.781134	0.218579
Muller_E	2993798	0.00028657	0.781268	0.218446
Muller_E	2994137	0.000286595	0.781361	0.218352
Muller_E	2994487	0.00028662	0.781458	0.218256
Muller_E	2994615	0.000286629	0.781493	0.218221
Muller_E	2995123	0.000286663	0.781633	0.218081
Muller_E	2995701	0.0002867	0.781792	0.217922
Muller_E	2996048	0.000286722	0.781887	0.217826
Muller_E	2996738	0.000286763	0.782077	0.217636
Muller_E	2996880	0.000286771	0.782116	0.217597
Muller_E	2997113	0.000286783	0.78218	0.217533
Muller_E	2999116	0.000286881	0.782732	0.216981
Muller_E	2999459	0.000286895	0.782826	0.216887
Muller_E	3001420	0.000286963	0.783366	0.216347
Muller_E	3001578	0.000286967	0.78341	0.216303
Muller_E	3001696	0.00028697	0.783442	0.216271
Muller_E	3002579	0.000286992	0.783685	0.216028
Muller_E	3003095	0.000287003	0.783827	0.215886
Muller_E	3003540	0.00028701	0.78395	0.215763
Muller_E	3004120	0.000287019	0.78411	0.215603
Muller_E	3005221	0.000287029	0.784413	0.2153
Muller_E	3007967	0.000287022	0.785169	0.214544
Muller_E	3012773	0.000286902	0.786493	0.21322
Muller_E	3013331	0.000286879	0.786646	0.213067
Muller_E	3013618	0.000286866	0.786725	0.212988
Muller_E	3014080	0.000286845	0.786853	0.212861
Muller_E	3014783	0.00028681	0.787046	0.212667
Muller_E	3016296	0.000286725	0.787463	0.21225
Muller_E	3017214	0.000286667	0.787716	0.211997
Muller_E	3018320	0.00028659	0.788021	0.211693
Muller_E	3018982	0.00028654	0.788203	0.21151
Muller_E	3019303	0.000286515	0.788291	0.211422
Muller_E	3019831	0.000286472	0.788437	0.211277
Muller_E	3021834	0.000286296	0.788989	0.210725
Muller_E	3021944	0.000286285	0.789019	0.210695
Muller_E	3023127	0.000286169	0.789345	0.210369
Muller_E	3024474	0.000286025	0.789716	0.209998
Muller_E	3024813	0.000285988	0.78981	0.209904
Muller_E	3029421	0.000285405	0.79108	0.208635
Muller_E	3029834	0.000285346	0.791193	0.208521
Muller_E	3030101	0.000285308	0.791267	0.208448
Muller_E	3033200	0.000284831	0.792121	0.207594
Muller_E	3033901	0.000284715	0.792315	0.207401
Muller_E	3034073	8.69306e-05	0.697941	0.301972
Muller_E	3036032	0.000288912	0.793255	0.206456
Muller_E	3038305	0.000293792	0.794291	0.205415
Muller_E	3041816	0.00030128	0.795892	0.203807
Muller_E	3044683	0.000307348	0.797199	0.202494
Muller_E	3046757	0.000311712	0.798144	0.201544
Muller_E	3046887	0.000311985	0.798204	0.201484
Muller_E	3047900	0.000314108	0.798666	0.20102
Muller_E	3048135	0.0003146	0.798773	0.200913
Muller_E	3050664	0.000319875	0.799926	0.199754
Muller_E	3051698	0.000322023	0.800397	0.199281
Muller_E	3051968	0.000322582	0.800521	0.199157
Muller_E	3052635	0.000323964	0.800825	0.198851
Muller_E	3053197	0.000325126	0.801081	0.198594
Muller_E	3056428	0.000331777	0.802554	0.197114
Muller_E	3056712	0.000332359	0.802684	0.196984
Muller_E	3058398	4.49624e-05	0.689473	0.310482
Muller_E	3059687	0.00035622	0.804523	0.19512
Muller_E	3061511	0.000385135	0.806038	0.193576
Muller_E	3062406	0.000399336	0.806782	0.192819
Muller_E	3062537	0.000401415	0.806891	0.192708
Muller_E	3100018	0.00100343	0.838006	0.16099
Muller_E	3100718	0.0010148	0.838587	0.160398
Muller_E	3112367	0.00120483	0.848252	0.150543
Muller_E	3112987	0.00121498	0.848766	0.150019
Muller_E	3113420	0.00122207	0.849125	0.149653
Muller_E	3116107	0.00126612	0.851354	0.14738
Muller_E	3119432	0.00132072	0.854112	0.144568
Muller_E	3119714	0.00132536	0.854346	0.144329
Muller_E	3120862	0.00134424	0.855298	0.143358
Muller_E	3122265	0.00136733	0.856461	0.142171
Muller_E	3123364	0.00138543	0.857373	0.141242
Muller_E	3124138	0.00139819	0.858015	0.140587
Muller_E	3127464	0.00145306	0.860773	0.137774
Muller_E	3128767	0.00147459	0.861853	0.136672
Muller_E	3128895	0.00147671	0.861959	0.136564
Muller_E	3129611	0.00148854	0.862553	0.135959
Muller_E	3129743	0.00149073	0.862662	0.135847
Muller_E	3130171	0.00149781	0.863017	0.135485
Muller_E	3131529	0.00152028	0.864143	0.134337
Muller_E	3137674	0.00162218	0.869238	0.12914
Muller_E	3139976	0.00166045	0.871146	0.127194
Muller_E	3143168	0.00171359	0.873792	0.124494
Muller_E	3169152	0.00214975	0.895323	0.102527
Muller_E	3170575	0.00217381	0.896502	0.101324
Muller_E	3173857	0.00222939	0.899221	0.0985499
Muller_E	3192801	0.00255209	0.914909	0.0825393
Muller_E	3194086	0.0025741	0.915972	0.0814534
Muller_E	3194230	0.00526967	0.985996	0.00873384
Muller_E	3207603	0.00268661	0.917062	0.0802511
Muller_E	3207708	0.00268747	0.91707	0.0802426
Muller_E	3208070	0.00269043	0.917096	0.0802133
Muller_E	3208369	0.00269288	0.917118	0.0801891
Muller_E	3208507	0.00269401	0.917128	0.080178
Muller_E	3208706	0.00269564	0.917142	0.0801619
Muller_E	3210124	0.00270723	0.917246	0.0800472
Muller_E	3211254	0.00271645	0.917328	0.0799559
Muller_E	3212088	0.00272326	0.917388	0.0798884
Muller_E	3216063	0.00275563	0.917677	0.0795669
Muller_E	3216461	0.00275886	0.917706	0.0795347
Muller_E	3217109	0.00276413	0.917754	0.0794823
Muller_E	3217441	0.00276682	0.917778	0.0794554
Muller_E	3217706	0.00276897	0.917797	0.079434
Muller_E	3217825	0.00276994	0.917806	0.0794243
Muller_E	3218354	0.00277423	0.917844	0.0793815
Muller_E	3219292	0.00278184	0.917913	0.0793056
Muller_E	3219763	0.00278566	0.917947	0.0792675
Muller_E	3221459	0.0027994	0.91807	0.0791303
Muller_E	3222112	0.00280468	0.918118	0.0790774
Muller_E	3223012	0.00281196	0.918183	0.0790046
Muller_E	3223549	0.0028163	0.918223	0.0789611
Muller_E	3224815	0.00282653	0.918315	0.0788586
Muller_E	3226800	0.00284254	0.91846	0.0786979
Muller_E	3229718	0.00286603	0.918672	0.0784616
Muller_E	3240322	0.00295092	0.919447	0.0776026
Muller_E	3240918	0.00295567	0.91949	0.0775543
Muller_E	3241273	0.00295849	0.919516	0.0775255
Muller_E	3247835	0.00301062	0.919996	0.0769935
Muller_E	3251442	0.00303914	0.92026	0.076701
Muller_E	3252203	0.00304515	0.920316	0.0766393
Muller_E	3254014	0.00305943	0.920448	0.0764924
Muller_E	3254518	0.00306341	0.920485	0.0764515
Muller_E	3255141	0.00306831	0.920531	0.0764009
Muller_E	3255365	0.00307007	0.920547	0.0763827
Muller_E	3259142	0.00309976	0.920824	0.0760763
Muller_E	3259935	0.00310598	0.920882	0.0760119
Muller_E	3262497	0.00312605	0.92107	0.0758039
Muller_E	3263708	0.00313552	0.921159	0.0757056
Muller_E	3264644	0.00314283	0.921228	0.0756296
Muller_E	3266132	0.00315445	0.921337	0.0755088
Muller_E	3266579	0.00315793	0.92137	0.0754725
Muller_E	3266806	0.0031597	0.921386	0.0754541
Muller_E	3269029	0.00317702	0.921549	0.0752736
Muller_E	3271700	0.00319778	0.921746	0.0750566
Muller_E	3271881	0.00319918	0.921759	0.0750419
Muller_E	3273894	0.0032148	0.921907	0.0748784
Muller_E	3275081	0.00322399	0.921994	0.0747819
Muller_E	3275989	0.00323102	0.922061	0.0747082
Muller_E	3278049	0.00324694	0.922212	0.0745407
Muller_E	3280894	0.00326888	0.922422	0.0743095
Muller_E	3282107	0.00327822	0.922511	0.0742109
Muller_E	3282973	0.00328488	0.922575	0.0741405
Muller_E	3284532	0.00329686	0.922689	0.0740137
Muller_E	3291321	0.00334884	0.92319	0.0734616
Muller_E	3291878	0.00335309	0.923231	0.0734163
Muller_E	3293351	0.00336432	0.923339	0.0732964
Muller_E	3293759	0.00336743	0.923369	0.0732632
Muller_E	3304917	0.00345202	0.924193	0.072355
Muller_E	3306663	0.00346519	0.924322	0.0722128
Muller_E	3306880	0.00346682	0.924338	0.0721951
Muller_E	3310127	0.00349124	0.924578	0.0719306
Muller_E	3312301	0.00350755	0.924739	0.0717535
Muller_E	3312718	0.00351067	0.92477	0.0717195
Muller_E	3318766	0.00355587	0.925218	0.0712266
Muller_E	3323588	0.00359172	0.925575	0.0708335
Muller_E	3324201	0.00359627	0.92562	0.0707835
Muller_E	3324656	0.00359964	0.925654	0.0707464
Muller_E	3325091	0.00360287	0.925686	0.0707109
Muller_E	3326084	0.00361022	0.92576	0.0706299
Muller_E	3326190	0.00361101	0.925768	0.0706213
Muller_E	3330218	0.00364077	0.926067	0.0702927
Muller_E	3334866	0.00367499	0.926412	0.0699134
Muller_E	3337545	0.00369464	0.926611	0.0696947
Muller_E	3340268	0.00371457	0.926813	0.0694724
Muller_E	3340480	0.00371612	0.926829	0.0694551
Muller_E	3410593	0.00421208	0.932073	0.0637152
Muller_E	3431230	0.00435178	0.933628	0.0620199
Muller_E	3437416	0.00439309	0.934096	0.0615113
Muller_E	3456916	0.00452165	0.935572	0.0599062
Muller_E	3457694	0.00452672	0.935631	0.0598421
Muller_E	3459001	0.00453524	0.93573	0.0597344
Muller_E	3462300	0.00455669	0.935981	0.0594626
Muller_E	3464519	0.00457108	0.936149	0.0592797
Muller_E	3464673	0.00457207	0.936161	0.059267
Muller_E	3477602	0.00465521	0.937144	0.0582008
Muller_E	3525631	0.00495413	0.940815	0.0542308
Muller_E	3546828	0.00508105	0.942445	0.052474
Muller_E	3557059	0.00514121	0.943234	0.051625
Muller_E	3566467	0.0051959	0.94396	0.0508438
Muller_E	3572057	0.00522811	0.944393	0.0503793
Muller_E	3572168	0.00522875	0.944401	0.05037
Muller_E	3579272	0.00526937	0.944951	0.0497794
Muller_E	3579502	0.00527068	0.944969	0.0497603
Muller_E	3582419	0.00528725	0.945195	0.0495177
Muller_E	3590131	0.00533078	0.945793	0.048876
Muller_E	3605233	0.00541485	0.946967	0.0476184
Muller_E	3610748	0.00544516	0.947396	0.0471587
Muller_E	3611776	0.00545078	0.947476	0.047073
Muller_E	3615071	0.00546877	0.947733	0.0467983
Muller_E	3617701	0.00548307	0.947938	0.0465789
Muller_E	3617818	0.0054837	0.947947	0.0465692
Muller_E	3617948	0.00548441	0.947957	0.0465583
Muller_E	3623404	0.00551392	0.948383	0.0461031
Muller_E	3630035	0.0055495	0.948901	0.0455497
Muller_E	3631532	0.00555749	0.949018	0.0454247
Muller_E	3634067	0.00557099	0.949216	0.045213
Muller_E	3642157	0.00561376	0.949849	0.0445371
Muller_E	3643438	0.0056205	0.949949	0.04443
Muller_E	3645674	0.00563222	0.950125	0.0442431
Muller_E	3652519	0.00566789	0.950661	0.0436708
Muller_E	3655257	0.00568207	0.950876	0.0434418
Muller_E	3657953	0.00569598	0.951088	0.0432162
Muller_E	3660200	0.00570753	0.951264	0.0430282
Muller_E	3665461	0.00573445	0.951678	0.0425878
Muller_E	3670065	0.00575785	0.95204	0.0422022
Muller_E	3757777	0.00617536	0.958995	0.0348301
Muller_E	3766114	0.00621224	0.959661	0.0341266
Muller_E	3770199	0.00623013	0.959988	0.0337818
Muller_E	3771242	0.00623468	0.960072	0.0336937
Muller_E	3775369	0.00625261	0.960402	0.0333452
Muller_E	3781958	0.00628098	0.960931	0.0327885
Muller_E	3788305	0.00630802	0.96144	0.032252
Muller_E	3788531	0.00630897	0.961458	0.0322329
Muller_E	3788717	0.00630976	0.961473	0.0322171
Muller_E	3791492	0.00632149	0.961696	0.0319825
Muller_E	3791929	0.00632333	0.961731	0.0319455
Muller_E	3794089	0.00633241	0.961905	0.0317628
Muller_E	3798034	0.00634891	0.962222	0.031429
Muller_E	3805877	0.00638139	0.962853	0.0307651
Muller_E	3808116	0.00639059	0.963034	0.0305755
Muller_E	3837593	0.0065083	0.965416	0.0280761
Muller_E	3889492	0.00670053	0.969639	0.0236609
Muller_E	3892070	0.00670958	0.969849	0.0234411
Muller_E	3892768	0.00671202	0.969906	0.0233815
Muller_E	3893846	0.00671579	0.969995	0.0232896
Muller_E	3895236	0.00672063	0.970108	0.023171
Muller_E	3896701	0.00672571	0.970228	0.0230461
Muller_E	3964144	0.00694321	0.97578	0.0172767
Muller_E	3964249	0.00694352	0.975789	0.0172677
Muller_E	3964701	0.00694487	0.975826	0.0172289
Muller_E	3965335	0.00694676	0.975879	0.0171745
Muller_E	3965537	0.00694736	0.975895	0.0171572
Muller_E	3971184	0.00696402	0.976363	0.0166726
Muller_E	4005791	0.00706112	0.979241	0.0136978
Muller_E	4007537	0.00706578	0.979387	0.0135475
Muller_E	4008073	0.00706721	0.979431	0.0135014
Muller_E	4008732	0.00706897	0.979486	0.0134446
Muller_E	4009275	0.00707041	0.979532	0.0133979
Muller_E	4009794	0.00707179	0.979575	0.0133532
Muller_E	4010462	0.00707356	0.979631	0.0132957
Muller_E	4011246	0.00707563	0.979696	0.0132281
Muller_E	4011350	0.0070759	0.979705	0.0132192
Muller_E	4011743	0.00707694	0.979738	0.0131853
Muller_E	4012926	0.00708005	0.979836	0.0130835
Muller_E	4015010	0.00708551	0.980011	0.0129039
Muller_E	4015956	0.00708798	0.98009	0.0128224
Muller_E	4016731	0.00709	0.980154	0.0127557
Muller_E	4017133	0.00709105	0.980188	0.012721
Muller_E	4017640	0.00709236	0.98023	0.0126773
Muller_E	4021078	0.00710124	0.980518	0.012381
Muller_E	4021876	0.00710328	0.980584	0.0123123
Muller_E	4022513	0.00710491	0.980638	0.0122573
Muller_E	4022928	0.00710598	0.980672	0.0122216
Muller_E	4024532	0.00711007	0.980807	0.0120833
Muller_E	4024639	0.00711034	0.980816	0.0120741
Muller_E	4025270	0.00711194	0.980868	0.0120197
Muller_E	4027169	0.00711675	0.981027	0.0118559
Muller_E	4027437	0.00711742	0.98105	0.0118328
Muller_E	4027764	0.00711825	0.981077	0.0118046
Muller_E	4029270	0.00712204	0.981203	0.0116747
Muller_E	4032202	0.00712936	0.981449	0.0114218
Muller_E	4032327	0.00712967	0.981459	0.011411
Muller_E	4033521	0.00713264	0.981559	0.011308
Muller_E	4033797	0.00713332	0.981583	0.0112842
Muller_E	4036360	0.00713964	0.981797	0.011063
Muller_E	4037138	0.00714155	0.981863	0.0109958
Muller_E	4037610	0.00714271	0.981902	0.0109551
Muller_E	4040496	0.00714974	0.982144	0.010706
Muller_E	4040949	0.00715084	0.982182	0.0106669
Muller_E	4045900	0.00716275	0.982598	0.0102393
Muller_E	4046078	0.00716318	0.982613	0.0102239
Muller_E	4046843	0.007165	0.982677	0.0101579
Muller_E	4047581	0.00716676	0.982739	0.0100941
Muller_E	4048275	0.0071684	0.982797	0.0100342
Muller_E	4048700	0.00716941	0.982833	0.00999744
Muller_E	4053592	0.0071809	0.983244	0.00957471
Muller_E	4056223	0.00718701	0.983466	0.00934729
Muller_E	4056545	0.00718775	0.983493	0.00931945
Muller_E	4056951	0.00718869	0.983527	0.00928435
Muller_E	4057601	0.00719019	0.983582	0.00922815
Muller_E	4057720	0.00719046	0.983592	0.00921786
Muller_E	4058043	0.00719121	0.983619	0.00918994
Muller_E	4058149	0.00719145	0.983628	0.00918077
Muller_E	4058704	0.00719272	0.983674	0.00913278
Muller_E	4059417	0.00719436	0.983735	0.00907113
Muller_E	4059965	0.00719561	0.983781	0.00902374
Muller_E	4061381	0.00719884	0.9839	0.00890128
Muller_E	4061745	0.00719967	0.983931	0.0088698
Muller_E	4062020	0.00720029	0.983954	0.00884602
Muller_E	4062507	0.0072014	0.983995	0.00880389
Muller_E	4062941	0.00720238	0.984031	0.00876635
Muller_E	4064035	0.00720485	0.984123	0.00867172
Muller_E	4064680	0.0072063	0.984178	0.00861592
Muller_E	4064829	0.00720664	0.98419	0.00860303
Muller_E	4065474	0.00720809	0.984245	0.00854723
Muller_E	4065574	0.00720831	0.984253	0.00853858
Muller_E	4066028	0.00720933	0.984291	0.0084993
Muller_E	4067541	0.00721271	0.984419	0.00836839
Muller_E	4067967	0.00721366	0.984455	0.00833152
Muller_E	4068535	0.00721492	0.984503	0.00828237
Muller_E	4069245	0.0072165	0.984563	0.00822092
Muller_E	4070105	0.0072184	0.984635	0.00814649
Muller_E	4071088	0.00722057	0.984718	0.00806141
Muller_E	4071641	0.00722179	0.984765	0.00801354
Muller_E	4072126	0.00722286	0.984806	0.00797156
Muller_E	4072768	0.00722426	0.98486	0.00791598
Muller_E	4072973	0.00722471	0.984877	0.00789824
Muller_E	4073359	0.00722556	0.98491	0.00786482
Muller_E	4075135	0.00722943	0.98506	0.00771105
Muller_E	4075254	0.00722969	0.98507	0.00770075
Muller_E	4076053	0.00723142	0.985137	0.00763156
Muller_E	4077160	0.00723382	0.98523	0.0075357
Muller_E	4078165	0.00723598	0.985315	0.00744866
Muller_E	4078690	0.00723711	0.98536	0.00740319
Muller_E	4078900	0.00723756	0.985377	0.007385
Muller_E	4079010	0.0072378	0.985387	0.00737547
Muller_E	4079297	0.00723841	0.985411	0.00735061
Muller_E	4081728	0.0072436	0.985616	0.00714002
Muller_E	4082079	0.00724435	0.985646	0.00710961
Muller_E	4083988	0.0134604	0.98555	0.000989291
Muller_E	4085715	0.00724025	0.985833	0.00692665
Muller_E	4089306	0.00722325	0.985887	0.00689008
Muller_E	4089803	0.00722089	0.985894	0.00688501
Muller_E	4092778	0.00720672	0.985939	0.00685462
Muller_E	4092894	0.00720617	0.98594	0.00685344
Muller_E	4098915	0.00717728	0.986031	0.00679172
Muller_E	4109650	0.00712506	0.986194	0.00668097
Muller_E	4113217	0.0071075	0.986249	0.00664397
Muller_E	4113538	0.00710592	0.986253	0.00664064
Muller_E	4114422	0.00710155	0.986267	0.00663145
Muller_E	4114803	0.00709967	0.986273	0.00662749
Muller_E	4115118	0.00709811	0.986278	0.00662421
Muller_E	4116856	0.00708949	0.986304	0.00660612
Muller_E	4117074	0.00708841	0.986308	0.00660385
Muller_E	4117473	0.00708643	0.986314	0.0065997
Muller_E	4118970	0.00707898	0.986337	0.00658409
Muller_E	4121851	0.0070646	0.986381	0.006554
Muller_E	4122071	0.0070635	0.986385	0.0065517
Muller_E	4122393	0.00706189	0.98639	0.00654833
Muller_E	4122818	0.00705976	0.986396	0.00654389
Muller_E	4124318	0.00705224	0.98642	0.00652819
Muller_E	4124418	0.00705174	0.986421	0.00652714
Muller_E	4126492	0.0070413	0.986453	0.0065054
Muller_E	4127527	0.00703608	0.986469	0.00649453
Muller_E	4127720	0.00703511	0.986472	0.00649251
Muller_E	4128101	0.00703318	0.986478	0.00648851
Muller_E	4128234	0.00703251	0.98648	0.00648711
Muller_E	4130334	0.00702188	0.986513	0.00646503
Muller_E	4132221	0.0070123	0.986543	0.00644516
Muller_E	4134741	0.00699946	0.986582	0.00641859
Muller_E	4134982	0.00699823	0.986586	0.00641604
Muller_E	4136547	0.00699023	0.98661	0.00639951
Muller_E	4140224	0.00697136	0.986668	0.00636059
Muller_E	4140902	0.00125251	0.987176	0.0115711
Muller_E	4141485	0.00697768	0.986682	0.00634065
Muller_E	4143836	0.0070172	0.986694	0.00628923
Muller_E	4144350	0.00702583	0.986696	0.00627798
Muller_E	4144848	0.0070342	0.986699	0.00626708
Muller_E	4150850	0.00713486	0.98673	0.00613555
Muller_E	4151927	0.0071529	0.986735	0.00611192
Muller_E	4154621	0.00719797	0.986749	0.00605278
Muller_E	4159745	0.00728355	0.986776	0.00594013
Muller_E	4159958	0.0072871	0.986777	0.00593545
Muller_E	4160923	0.0073032	0.986783	0.00591421
Muller_E	4161787	0.0073176	0.986787	0.00589519
Muller_E	4162162	0.00732385	0.986789	0.00588693
Muller_E	4163984	0.0073542	0.986799	0.0058468
Muller_E	4164218	0.0073581	0.9868	0.00584164
Muller_E	4164859	0.00736877	0.986804	0.00582751
Muller_E	4165033	0.00737166	0.986805	0.00582368
Muller_E	4165157	0.00737373	0.986805	0.00582094
Muller_E	4165383	0.00737749	0.986807	0.00581596
Muller_E	4165808	0.00738456	0.986809	0.00580659
Muller_E	4165958	0.00738705	0.98681	0.00580328
Muller_E	4166062	0.00738878	0.98681	0.00580099
Muller_E	4166243	0.00739179	0.986811	0.005797
Muller_E	4166628	0.0073982	0.986813	0.00578851
Muller_E	4168755	0.00743355	0.986825	0.00574158
Muller_E	4172546	0.00749649	0.986846	0.00565786
Muller_E	4172827	0.00750115	0.986847	0.00565165
Muller_E	4173860	0.00751828	0.986853	0.00562881
Muller_E	4176100	0.00755539	0.986865	0.00557927
Muller_E	4176326	0.00755913	0.986867	0.00557427
Muller_E	4176826	0.00756741	0.986869	0.0055632
Muller_E	4177022	0.00757065	0.98687	0.00555887
Muller_E	4178339	0.00759245	0.986878	0.00552971
Muller_E	4178608	0.0075969	0.986879	0.00552375
Muller_E	4179326	0.00760877	0.986883	0.00550785
Muller_E	4180712	0.00763168	0.986891	0.00547715
Muller_E	4180966	0.00763588	0.986893	0.00547152
Muller_E	4184926	0.00770125	0.986915	0.00538369
Muller_E	4185178	0.00770541	0.986916	0.0053781
Muller_E	4185319	0.00770773	0.986917	0.00537497
Muller_E	4185532	0.00771125	0.986919	0.00537024
Muller_E	4187632	0.00774586	0.986931	0.00532361
Muller_E	4188227	0.00775566	0.986934	0.0053104
Muller_E	4188670	0.00776295	0.986936	0.00530055
Muller_E	4192621	0.00782795	0.986959	0.0052127
Muller_E	4193546	0.00784315	0.986965	0.00519212
Muller_E	4194407	0.00785729	0.98697	0.00517295
Muller_E	4195783	0.00787988	0.986978	0.00514231
Muller_E	4196010	0.00788361	0.986979	0.00513725
Muller_E	4197440	0.00790707	0.986988	0.00510539
Muller_E	4198223	0.0079199	0.986992	0.00508794
Muller_E	4199021	0.00793298	0.986997	0.00507015
Muller_E	4199203	0.00793597	0.986998	0.00506609
Muller_E	4199424	0.00793959	0.986999	0.00506116
Muller_E	4199639	0.00794311	0.987001	0.00505637
Muller_E	4199983	0.00794875	0.987003	0.00504869
Muller_E	4203293	0.00800293	0.987022	0.00497482
Muller_E	4205814	0.00804413	0.987037	0.0049185
Muller_E	4206134	0.00804936	0.987039	0.00491135
Muller_E	4207588	0.0080731	0.987048	0.00487884
Muller_E	4210680	0.00812354	0.987067	0.00480966
Muller_E	4210928	0.00812758	0.987068	0.00480411
Muller_E	4211312	0.00813384	0.987071	0.00479551
Muller_E	4211755	0.00814106	0.987073	0.00478559
Muller_E	4213444	0.00816857	0.987084	0.00474776
Muller_E	4216650	0.00822072	0.987103	0.00467588
Muller_E	4217058	0.00822735	0.987106	0.00466673
Muller_E	4217453	0.00823377	0.987108	0.00465787
Muller_E	4217565	0.00823559	0.987109	0.00465535
Muller_E	4217669	0.00823728	0.98711	0.00465302
Muller_E	4217825	0.00823982	0.987111	0.00464952
Muller_E	4218923	0.00825765	0.987117	0.00462488
Muller_E	4225215	0.00835967	0.987157	0.00448348
Muller_E	4232774	0.00848185	0.987205	0.00431323
Muller_E	4235298	0.00852255	0.987221	0.00425628
Muller_E	4245993	0.00869448	0.987291	0.00401445
Muller_E	4252835	0.00880402	0.987337	0.00385928
Muller_E	4253725	0.00881824	0.987343	0.00383908
Muller_E	4256197	0.00885772	0.987359	0.00378291
Muller_E	4261234	0.00893801	0.987394	0.00366833
Muller_E	4262892	0.00896439	0.987405	0.00363057
Muller_E	4263238	0.0089699	0.987407	0.00362269
Muller_E	4263588	0.00897546	0.98741	0.00361472
Muller_E	4264621	0.00899189	0.987417	0.00359118
Muller_E	4266950	0.00902889	0.987433	0.00353807
Muller_E	4267529	0.00903808	0.987437	0.00352486
Muller_E	4276223	0.00917581	0.987498	0.00332623
Muller_E	4311688	0.00973175	0.987758	0.00251004
Muller_E	4311965	0.00973606	0.98776	0.00250363
Muller_E	4312254	0.00974055	0.987763	0.00249694
Muller_E	4312510	0.00974453	0.987764	0.00249101
Muller_E	4334492	0.0100842	0.987936	0.00198022
Muller_E	4352032	0.0103527	0.988077	0.00157002
Muller_E	4353438	0.0103741	0.988089	0.00153704
Muller_E	4356857	0.0104262	0.988117	0.00145677
Muller_E	4360054	0.0104747	0.988144	0.00138164
Muller_E	4374783	0.0106975	0.988268	0.00103448
Muller_E	4374946	0.0191159	0.98068	0.000204173
Muller_E	4381350	0.0107339	0.98826	0.0010056
Muller_E	4558836	0.0115464	0.988271	0.000182197
Muller_E	4562012	0.0115587	0.988276	0.000165183
Muller_E	4564083	0.0115667	0.988279	0.000154045
Muller_E	4564194	0.0115671	0.988279	0.000153447
Muller_E	4568491	0.0115835	0.988286	0.000130224
Muller_E	4569115	0.0115859	0.988287	0.00012684
Muller_E	4569749	0.0115883	0.988288	0.000123398
Muller_E	4570340	0.0115906	0.988289	0.000120186
Muller_E	4571890	0.0115964	0.988292	0.000111751
Muller_E	4572624	0.0115992	0.988293	0.000107749
Muller_E	4573491	0.0116025	0.988295	0.000103017
Muller_E	4573809	0.0116037	0.988295	0.00010128
Muller_E	4577361	0.011617	0.988301	8.18231e-05
Muller_E	4577462	0.0116173	0.988301	8.12684e-05
Muller_E	4578308	0.0116205	0.988303	7.66186e-05
Muller_E	4580664	0.0116293	0.988307	6.36397e-05
Muller_E	4580954	0.0116303	0.988308	6.20391e-05
Muller_E	4581769	0.0116334	0.988309	5.75372e-05
Muller_E	4581909	0.0116339	0.988309	5.67633e-05
Muller_E	4583019	0.011638	0.988311	5.06222e-05
Muller_E	4583393	0.0116394	0.988312	4.85508e-05
Muller_E	4583516	0.0116398	0.988312	4.78693e-05
Muller_E	4584473	0.0116433	0.988314	4.2563e-05
Muller_E	4589180	0.0215761	0.978422	2.12021e-06
Muller_E	4590247	0.0116552	0.988329	1.56667e-05
Muller_E	4591539	0.0116486	0.988337	1.48175e-05
Muller_E	4593253	0.0116399	0.988346	1.36703e-05
Muller_E	4593508	0.0116386	0.988348	1.34977e-05
Muller_E	4593974	0.0116362	0.988351	1.31808e-05
Muller_E	4595111	0.0116304	0.988357	1.24003e-05
Muller_E	4595303	0.0116295	0.988358	1.22675e-05
Muller_E	4597548	0.011618	0.988371	1.06926e-05
Muller_E	4597833	0.0116165	0.988373	1.04897e-05
Muller_E	4600306	0.0116038	0.988387	8.70258e-06
Muller_E	4607273	0.0216996	0.9783	3.52886e-07
Muller_E	4607398	0.0115658	0.988431	3.41426e-06
Muller_E	4610441	0.0115163	0.98848	3.60934e-06
Muller_E	4611041	0.0115065	0.98849	3.63906e-06
Muller_E	4611562	0.011498	0.988498	3.66252e-06
Muller_E	4611697	0.0114958	0.988501	3.66825e-06
Muller_E	4612447	0.0114836	0.988513	3.69741e-06
Muller_E	4612733	0.0114789	0.988517	3.70734e-06
Muller_E	4612927	0.0114758	0.988521	3.71371e-06
Muller_E	4613148	0.0114722	0.988524	3.7206e-06
Muller_E	4614502	0.0114501	0.988546	3.75424e-06
Muller_E	4615888	0.0213224	0.978677	4.30549e-07
Muller_E	4616173	0.0114178	0.988578	4.08367e-06
Muller_E	4616508	0.0114063	0.988589	4.44745e-06
Muller_E	4616663	0.0114011	0.988594	4.61546e-06
Muller_E	4618190	0.011349	0.988645	6.26043e-06
Muller_E	4619781	0.0112948	0.988697	7.95457e-06
Muller_E	4622166	0.0112134	0.988776	1.04564e-05
Muller_E	4626314	0.0110718	0.988913	1.46996e-05
Muller_E	4626864	0.011053	0.988932	1.5252e-05
Muller_E	4627368	0.0110358	0.988948	1.5756e-05
Muller_E	4627488	0.0110317	0.988952	1.58757e-05
Muller_E	4633961	0.0108104	0.989167	2.21627e-05
Muller_E	4635834	0.0107463	0.98923	2.39195e-05
Muller_E	4636452	0.0107252	0.98925	2.44931e-05
Muller_E	4637295	0.0106963	0.989278	2.52705e-05
Muller_E	4640891	0.0105731	0.989398	2.85232e-05
Muller_E	4645727	0.0104073	0.98956	3.27349e-05
Muller_E	4646376	0.0103851	0.989582	3.32859e-05
Muller_E	4646798	0.0103706	0.989596	3.36424e-05
Muller_E	4653320	0.0101466	0.989814	3.89712e-05
Muller_E	4656520	0.0100366	0.989922	4.14616e-05
Muller_E	4672665	0.00948031	0.990467	5.27796e-05
Muller_E	4674140	0.00942938	0.990517	5.37098e-05
Muller_E	4675745	0.00937395	0.990571	5.47022e-05
Muller_E	4676485	0.00934839	0.990596	5.51529e-05
Muller_E	4677110	0.00932679	0.990618	5.55301e-05
Muller_E	4677655	0.00930796	0.990636	5.58564e-05
Muller_E	4678986	0.00926195	0.990681	5.66435e-05
Muller_E	4680223	0.00921918	0.990723	5.73624e-05
Muller_E	4682403	0.00914378	0.990798	5.85994e-05
Muller_E	4682621	0.00913624	0.990805	5.8721e-05
Muller_E	4684270	0.00907918	0.990861	5.96286e-05
Muller_E	4685491	0.00903691	0.990903	6.02866e-05
Muller_E	4686019	0.00901863	0.990921	6.05674e-05
Muller_E	4687101	0.00898116	0.990958	6.1136e-05
Muller_E	4689628	0.00889362	0.991044	6.24275e-05
Muller_E	4690052	0.00887892	0.991058	6.26392e-05
Muller_E	4690344	0.0088688	0.991068	6.27841e-05
Muller_E	4690905	0.00884936	0.991088	6.30607e-05
Muller_E	4691125	0.00139591	0.998487	0.000117306
Muller_E	4691712	0.00884218	0.991095	6.30821e-05
Muller_E	4691999	0.0088424	0.991095	6.30389e-05
Muller_E	4692111	0.00884248	0.991094	6.30218e-05
Muller_E	4693234	0.00884332	0.991094	6.28453e-05
Muller_E	4693620	0.00884361	0.991094	6.27823e-05
Muller_E	4693753	0.00884371	0.991094	6.27603e-05
Muller_E	4694021	0.0088439	0.991093	6.27156e-05
Muller_E	4694592	0.00884433	0.991093	6.26184e-05
Muller_E	4696429	0.00884566	0.991092	6.22878e-05
Muller_E	4696792	0.00884592	0.991092	6.22193e-05
Muller_E	4699402	0.00884776	0.991091	6.16955e-05
Muller_E	4700957	0.00884884	0.99109	6.13575e-05
Muller_E	4702606	0.00884995	0.991089	6.09778e-05
Muller_E	4708142	0.00885354	0.991087	5.95438e-05
Muller_E	4712097	0.00885595	0.991086	5.83687e-05
Muller_E	4713898	0.00885701	0.991085	5.77921e-05
Muller_E	4714194	0.00885718	0.991085	5.76948e-05
Muller_E	4717094	0.00885883	0.991084	5.67047e-05
Muller_E	4717794	0.00885921	0.991084	5.64557e-05
Muller_E	4720564	0.00886071	0.991084	5.54314e-05
Muller_E	4722390	0.00886166	0.991084	5.47226e-05
Muller_E	4727534	0.00886419	0.991083	5.2582e-05
Muller_E	4730688	0.00886564	0.991083	5.11645e-05
Muller_E	4731377	0.00886594	0.991083	5.08443e-05
Muller_E	4732944	0.00886663	0.991083	5.01017e-05
Muller_E	4738342	0.00886883	0.991084	4.7393e-05
Muller_E	4739398	0.00886923	0.991084	4.68358e-05
Muller_E	4742492	0.00887036	0.991084	4.51517e-05
Muller_E	4745718	0.00887146	0.991085	4.33139e-05
Muller_E	4746457	0.0088717	0.991085	4.28812e-05
Muller_E	4748015	0.00887219	0.991086	4.19546e-05
Muller_E	4748352	0.00887229	0.991086	4.17516e-05
Muller_E	4748630	0.00887238	0.991086	4.15834e-05
Muller_E	4751071	0.0088731	0.991087	4.00804e-05
Muller_E	4751685	0.00887327	0.991087	3.96948e-05
Muller_E	4751817	0.00887331	0.991087	3.96115e-05
Muller_E	4752607	0.00887353	0.991087	3.91101e-05
Muller_E	4752773	0.00887357	0.991087	3.90041e-05
Muller_E	4753826	0.00887385	0.991088	3.83266e-05
Muller_E	4754671	0.00887407	0.991088	3.77765e-05
Muller_E	4756619	0.00887456	0.991089	3.64865e-05
Muller_E	4759191	0.00887515	0.99109	3.47367e-05
Muller_E	4761262	0.00887559	0.991091	3.32891e-05
Muller_E	4761866	0.00887571	0.991091	3.28605e-05
Muller_E	4761985	0.00887574	0.991091	3.27757e-05
Muller_E	4763545	0.00887604	0.991092	3.16536e-05
Muller_E	4764509	0.00887621	0.991093	3.09504e-05
Muller_E	4765595	0.0088764	0.991093	3.01493e-05
Muller_E	4766291	0.0453242	0.954673	3.26572e-06
Muller_E	4766501	0.0088702	0.9911	2.98569e-05
Muller_E	4767354	0.00884455	0.991125	3.07712e-05
Muller_E	4769627	0.00877617	0.991191	3.31791e-05
Muller_E	4769950	0.00876645	0.9912	3.35179e-05
Muller_E	4772288	0.00869607	0.991268	3.59456e-05
Muller_E	4773763	0.00865164	0.991311	3.74547e-05
Muller_E	4773963	0.00864562	0.991317	3.7658e-05
Muller_E	4774375	0.00863321	0.991329	3.80757e-05
Muller_E	4774957	0.00861567	0.991346	3.86636e-05
Muller_E	4775479	0.00859994	0.991361	3.91885e-05
Muller_E	4776619	0.00856558	0.991394	4.03273e-05
Muller_E	4779373	0.00132417	0.998596	7.99712e-05
Muller_E	4781913	0.00848804	0.991468	4.38404e-05
Muller_E	4782620	0.00848957	0.991466	4.40552e-05
Muller_E	4783326	0.00849109	0.991465	4.42658e-05
Muller_E	4786044	0.00849692	0.991458	4.50389e-05
Muller_E	4786690	0.00849829	0.991456	4.52139e-05
Muller_E	4789453	0.00850414	0.99145	4.59247e-05
Muller_E	4790377	0.00850608	0.991448	4.61488e-05
Muller_E	4792360	0.00851022	0.991443	4.66065e-05
