chrom	position	2,0	1,1	0,2
Muller_E	62882	0.435325	0.351783	0.212891
Muller_E	267432	0.432925	0.35867	0.208406
Muller_E	441230	0.43099	0.36437	0.20464
Muller_E	511157	0.430239	0.366625	0.203136
Muller_E	557879	0.429745	0.368121	0.202135
Muller_E	581000	0.429503	0.368857	0.20164
Muller_E	709108	0.428192	0.372897	0.198911
Muller_E	768129	0.427605	0.374736	0.19766
Muller_E	785241	0.427436	0.375266	0.197298
Muller_E	787322	0.427416	0.37533	0.197254
Muller_E	787424	0.427415	0.375334	0.197251
Muller_E	788173	0.427408	0.375357	0.197236
Muller_E	788750	0.427402	0.375375	0.197223
Muller_E	788860	0.427401	0.375378	0.197221
Muller_E	791823	0.427372	0.37547	0.197158
Muller_E	802257	0.42727	0.375792	0.196938
Muller_E	893794	0.426388	0.378603	0.195008
Muller_E	894300	0.426384	0.378619	0.194998
Muller_E	896281	0.426365	0.378679	0.194956
Muller_E	897287	0.426355	0.37871	0.194935
Muller_E	897987	0.426349	0.378731	0.19492
Muller_E	901015	0.42632	0.378823	0.194857
Muller_E	901718	0.426313	0.378845	0.194842
Muller_E	923408	0.426109	0.379505	0.194386
Muller_E	923675	0.426106	0.379514	0.19438
Muller_E	924320	0.4261	0.379533	0.194367
Muller_E	927795	0.426067	0.379639	0.194294
Muller_E	948021	0.425878	0.380253	0.193869
Muller_E	948230	0.425876	0.380259	0.193865
Muller_E	958531	0.42578	0.380571	0.193649
Muller_E	967701	0.425695	0.380849	0.193457
Muller_E	969142	0.425681	0.380892	0.193427
Muller_E	1033237	0.425092	0.382822	0.192086
Muller_E	1120573	0.424309	0.385427	0.190264
Muller_E	1123171	0.424286	0.385504	0.19021
Muller_E	1146845	0.424077	0.386205	0.189718
Muller_E	1148492	0.424063	0.386253	0.189684
Muller_E	1168315	0.42389	0.386839	0.189272
Muller_E	1213395	0.423499	0.388164	0.188337
Muller_E	1262309	0.423083	0.389594	0.187324
Muller_E	1275111	0.422975	0.389967	0.187059
Muller_E	1275707	0.42297	0.389984	0.187047
Muller_E	1314313	0.422647	0.391105	0.186249
Muller_E	1318297	0.422613	0.39122	0.186167
Muller_E	1358440	0.422282	0.392379	0.185339
Muller_E	1358616	0.422281	0.392384	0.185335
Muller_E	1378824	0.422116	0.392965	0.184919
Muller_E	1480336	0.421303	0.395865	0.182832
Muller_E	1489232	0.421234	0.396117	0.18265
Muller_E	1645912	0.420037	0.400519	0.179444
Muller_E	1673398	0.419833	0.401283	0.178884
Muller_E	1718642	0.419503	0.402535	0.177962
Muller_E	1746815	0.4193	0.403312	0.177388
Muller_E	1763447	0.419181	0.403769	0.17705
Muller_E	1765039	0.419169	0.403813	0.177018
Muller_E	1765159	0.419169	0.403816	0.177015
Muller_E	1765369	0.419167	0.403822	0.177011
Muller_E	1771226	0.419125	0.403983	0.176892
Muller_E	1799036	0.418929	0.404745	0.176327
Muller_E	1802542	0.418904	0.404841	0.176255
Muller_E	1802678	0.418903	0.404844	0.176253
Muller_E	1803039	0.4189	0.404854	0.176245
Muller_E	1803347	0.418898	0.404863	0.176239
Muller_E	1805518	0.418883	0.404922	0.176195
Muller_E	1812938	0.418831	0.405125	0.176044
Muller_E	1813040	0.41883	0.405128	0.176042
Muller_E	1815234	0.418815	0.405187	0.175998
Muller_E	1815907	0.41881	0.405206	0.175984
Muller_E	1816383	0.418807	0.405219	0.175974
Muller_E	1831501	0.418701	0.405631	0.175667
Muller_E	1850978	0.418566	0.406162	0.175272
Muller_E	1851905	0.41856	0.406187	0.175253
Muller_E	1852166	0.418558	0.406194	0.175248
Muller_E	1857635	0.41852	0.406343	0.175137
Muller_E	1861157	0.418496	0.406438	0.175066
Muller_E	1861336	0.418495	0.406443	0.175062
Muller_E	1861880	0.418491	0.406458	0.175051
Muller_E	1866595	0.418458	0.406586	0.174956
Muller_E	1870209	0.418434	0.406684	0.174882
Muller_E	1871973	0.418422	0.406732	0.174847
Muller_E	1880064	0.418366	0.406951	0.174682
Muller_E	1889333	0.418303	0.407203	0.174495
Muller_E	1891195	0.41829	0.407253	0.174457
Muller_E	1894320	0.418269	0.407338	0.174394
Muller_E	1900363	0.418228	0.407501	0.174271
Muller_E	1904375	0.418201	0.40761	0.17419
Muller_E	1915469	0.418126	0.407909	0.173965
Muller_E	1927060	0.418047	0.408222	0.17373
Muller_E	1932459	0.418011	0.408368	0.173621
Muller_E	1944351	0.417932	0.408688	0.17338
Muller_E	1946702	0.417916	0.408751	0.173333
Muller_E	1961660	0.417816	0.409153	0.17303
Muller_E	1975567	0.417724	0.409527	0.172749
Muller_E	2011856	0.417486	0.410498	0.172015
Muller_E	2013122	0.417478	0.410532	0.17199
Muller_E	2044597	0.417274	0.411372	0.171354
Muller_E	2048236	0.417251	0.411469	0.171281
Muller_E	2048434	0.41725	0.411474	0.171277
Muller_E	2086567	0.417006	0.412487	0.170507
Muller_E	2103366	0.4169	0.412932	0.170168
Muller_E	2117584	0.416811	0.413307	0.169881
Muller_E	2126123	0.416758	0.413533	0.169709
Muller_E	2135792	0.416698	0.413788	0.169514
Muller_E	2140907	0.416666	0.413923	0.169411
Muller_E	2141169	0.416664	0.41393	0.169406
Muller_E	2142715	0.416655	0.41397	0.169375
Muller_E	2145389	0.416638	0.414041	0.169321
Muller_E	2146953	0.416628	0.414082	0.169289
Muller_E	2147057	0.416628	0.414085	0.169287
Muller_E	2201852	0.416292	0.415524	0.168184
Muller_E	2204792	0.416275	0.415601	0.168125
Muller_E	2219543	0.416186	0.415987	0.167828
Muller_E	2220290	0.416181	0.416006	0.167813
Muller_E	2241628	0.416053	0.416563	0.167384
Muller_E	2243471	0.416042	0.416611	0.167346
Muller_E	2531559	0.414422	0.424013	0.161564
Muller_E	2693610	0.413594	0.428086	0.15832
Muller_E	2696554	0.413579	0.42816	0.158261
Muller_E	2706179	0.413532	0.428399	0.158069
Muller_E	2713009	0.413498	0.42857	0.157932
Muller_E	2716202	0.413483	0.428649	0.157868
Muller_E	2721440	0.413457	0.428779	0.157763
Muller_E	2735475	0.413389	0.429128	0.157483
Muller_E	2763120	0.413256	0.429814	0.15693
Muller_E	2777976	0.413185	0.430182	0.156633
Muller_E	2779619	0.413178	0.430223	0.1566
Muller_E	2787347	0.413141	0.430414	0.156445
Muller_E	2788916	0.413134	0.430453	0.156414
Muller_E	2795398	0.413103	0.430613	0.156284
Muller_E	2798296	0.413089	0.430684	0.156226
Muller_E	2799305	0.413085	0.430709	0.156206
Muller_E	2800245	0.41308	0.430733	0.156187
Muller_E	2800507	0.413079	0.430739	0.156182
Muller_E	2800780	0.413078	0.430746	0.156177
Muller_E	2800932	0.413077	0.43075	0.156174
Muller_E	2801158	0.413076	0.430755	0.156169
Muller_E	2805736	0.413054	0.430868	0.156078
Muller_E	2807233	0.413047	0.430905	0.156048
Muller_E	2807795	0.413045	0.430919	0.156036
Muller_E	2808363	0.413042	0.430933	0.156025
Muller_E	2809031	0.413039	0.430949	0.156012
Muller_E	2809272	0.413038	0.430955	0.156007
Muller_E	2809909	0.413035	0.430971	0.155994
Muller_E	2811470	0.413028	0.43101	0.155963
Muller_E	2811776	0.413026	0.431017	0.155957
Muller_E	2812117	0.413024	0.431026	0.15595
Muller_E	2815676	0.413008	0.431113	0.155879
Muller_E	2816259	0.413005	0.431128	0.155867
Muller_E	2817070	0.413001	0.431148	0.155851
Muller_E	2817616	0.412999	0.431161	0.15584
Muller_E	2819402	0.41299	0.431205	0.155804
Muller_E	2820166	0.412987	0.431224	0.155789
Muller_E	2820386	0.412986	0.431229	0.155785
Muller_E	2820775	0.412984	0.431239	0.155777
Muller_E	2821135	0.412982	0.431248	0.15577
Muller_E	2821440	0.412981	0.431255	0.155764
Muller_E	2826939	0.412955	0.431391	0.155654
Muller_E	2831172	0.412936	0.431495	0.155569
Muller_E	2831515	0.412934	0.431504	0.155562
Muller_E	2832336	0.41293	0.431524	0.155546
Muller_E	2833070	0.412927	0.431542	0.155531
Muller_E	2850717	0.412846	0.431976	0.155178
Muller_E	2853215	0.412834	0.432038	0.155128
Muller_E	2856496	0.412819	0.432118	0.155063
Muller_E	2856945	0.412817	0.432129	0.155054
Muller_E	2857481	0.412815	0.432142	0.155043
Muller_E	2858163	0.412812	0.432159	0.155029
Muller_E	2859754	0.412804	0.432198	0.154998
Muller_E	2859987	0.412803	0.432204	0.154993
Muller_E	2862604	0.412791	0.432268	0.154941
Muller_E	2866488	0.412773	0.432364	0.154863
Muller_E	2867267	0.41277	0.432383	0.154847
Muller_E	2868557	0.412764	0.432414	0.154822
Muller_E	2870085	0.412757	0.432452	0.154791
Muller_E	2870623	0.412755	0.432465	0.15478
Muller_E	2876155	0.41273	0.432601	0.15467
Muller_E	2877151	0.412725	0.432625	0.15465
Muller_E	2886067	0.412685	0.432844	0.154472
Muller_E	2886534	0.412683	0.432855	0.154462
Muller_E	2887599	0.412678	0.432881	0.154441
Muller_E	2887882	0.412676	0.432888	0.154435
Muller_E	2888492	0.412674	0.432903	0.154423
Muller_E	2888607	0.412673	0.432906	0.154421
Muller_E	2890000	0.412667	0.43294	0.154393
Muller_E	2890387	0.412665	0.43295	0.154385
Muller_E	2890907	0.412663	0.432962	0.154375
Muller_E	2894764	0.412645	0.433057	0.154298
Muller_E	2899098	0.412626	0.433163	0.154211
Muller_E	2901481	0.412615	0.433221	0.154163
Muller_E	2901643	0.412615	0.433225	0.15416
Muller_E	2902627	0.41261	0.433249	0.15414
Muller_E	2903432	0.412607	0.433269	0.154124
Muller_E	2904998	0.4126	0.433307	0.154093
Muller_E	2905994	0.412595	0.433332	0.154073
Muller_E	2907134	0.41259	0.43336	0.15405
Muller_E	2908511	0.412584	0.433393	0.154023
Muller_E	2909452	0.41258	0.433416	0.154004
Muller_E	2910160	0.412576	0.433434	0.15399
Muller_E	2911022	0.412573	0.433455	0.153973
Muller_E	2911252	0.412572	0.43346	0.153968
Muller_E	2911992	0.412568	0.433478	0.153953
Muller_E	2914672	0.412556	0.433544	0.1539
Muller_E	2915489	0.412553	0.433564	0.153883
Muller_E	2918585	0.412539	0.43364	0.153821
Muller_E	2919015	0.412537	0.43365	0.153813
Muller_E	2919728	0.412534	0.433668	0.153799
Muller_E	2919971	0.412533	0.433673	0.153794
Muller_E	2921506	0.412526	0.433711	0.153763
Muller_E	2922564	0.412521	0.433737	0.153742
Muller_E	2922707	0.412521	0.43374	0.153739
Muller_E	2924226	0.412514	0.433777	0.153709
Muller_E	2925108	0.41251	0.433799	0.153691
Muller_E	2925552	0.412508	0.43381	0.153682
Muller_E	2928855	0.412493	0.43389	0.153616
Muller_E	2930674	0.412485	0.433935	0.15358
Muller_E	2931258	0.412483	0.433949	0.153568
Muller_E	2931592	0.412481	0.433957	0.153561
Muller_E	2931798	0.41248	0.433962	0.153557
Muller_E	2932326	0.412478	0.433975	0.153547
Muller_E	2945623	0.412419	0.4343	0.153281
Muller_E	2945753	0.412419	0.434303	0.153278
Muller_E	2945878	0.412418	0.434306	0.153276
Muller_E	2946001	0.412418	0.434309	0.153273
Muller_E	2955783	0.412375	0.434547	0.153078
Muller_E	2957997	0.412365	0.434601	0.153034
Muller_E	2959282	0.41236	0.434632	0.153008
Muller_E	2959697	0.412358	0.434642	0.153
Muller_E	2959819	0.412357	0.434645	0.152997
Muller_E	2960759	0.412353	0.434668	0.152978
Muller_E	2961667	0.412349	0.43469	0.15296
Muller_E	2961801	0.412349	0.434694	0.152958
Muller_E	2963254	0.412342	0.434729	0.152929
Muller_E	2963568	0.412341	0.434737	0.152922
Muller_E	2975263	0.41229	0.435021	0.152689
Muller_E	2976725	0.412284	0.435057	0.152659
Muller_E	2977784	0.412279	0.435082	0.152638
Muller_E	2982473	0.412259	0.435196	0.152544
Muller_E	2984283	0.412251	0.43524	0.152508
Muller_E	2985483	0.412246	0.43527	0.152484
Muller_E	2985658	0.412245	0.435274	0.152481
Muller_E	2985908	0.412244	0.43528	0.152476
Muller_E	2987685	0.412237	0.435323	0.15244
Muller_E	2992894	0.412214	0.43545	0.152336
Muller_E	2993313	0.412213	0.43546	0.152328
Muller_E	2993798	0.41221	0.435471	0.152318
Muller_E	2994137	0.412209	0.43548	0.152311
Muller_E	2994487	0.412207	0.435488	0.152304
Muller_E	2994615	0.412207	0.435491	0.152302
Muller_E	2995123	0.412205	0.435504	0.152292
Muller_E	2995701	0.412202	0.435518	0.15228
Muller_E	2996048	0.412201	0.435526	0.152273
Muller_E	2996738	0.412198	0.435543	0.152259
Muller_E	2996880	0.412197	0.435546	0.152256
Muller_E	2997113	0.412196	0.435552	0.152252
Muller_E	2999116	0.412188	0.435601	0.152212
Muller_E	2999459	0.412186	0.435609	0.152205
Muller_E	3001420	0.412178	0.435656	0.152166
Muller_E	3001578	0.412177	0.43566	0.152163
Muller_E	3001696	0.412177	0.435663	0.15216
Muller_E	3002579	0.412173	0.435685	0.152143
Muller_E	3003095	0.412171	0.435697	0.152132
Muller_E	3003540	0.412169	0.435708	0.152123
Muller_E	3004120	0.412166	0.435722	0.152112
Muller_E	3005221	0.412162	0.435749	0.15209
Muller_E	3007967	0.41215	0.435815	0.152035
Muller_E	3012773	0.412129	0.435932	0.151939
Muller_E	3013331	0.412127	0.435945	0.151928
Muller_E	3013618	0.412126	0.435952	0.151922
Muller_E	3014080	0.412124	0.435963	0.151913
Muller_E	3014783	0.412121	0.43598	0.151899
Muller_E	3016296	0.412114	0.436017	0.151868
Muller_E	3017214	0.412111	0.436039	0.15185
Muller_E	3018320	0.412106	0.436066	0.151828
Muller_E	3018982	0.412103	0.436082	0.151815
Muller_E	3019303	0.412102	0.43609	0.151808
Muller_E	3019831	0.4121	0.436103	0.151798
Muller_E	3021834	0.412091	0.436151	0.151758
Muller_E	3021944	0.412091	0.436154	0.151755
Muller_E	3023127	0.412086	0.436183	0.151732
Muller_E	3024474	0.41208	0.436215	0.151705
Muller_E	3024813	0.412078	0.436223	0.151698
Muller_E	3029421	0.412059	0.436335	0.151606
Muller_E	3029834	0.412057	0.436345	0.151598
Muller_E	3030101	0.412056	0.436351	0.151592
Muller_E	3033200	0.412043	0.436426	0.15153
Muller_E	3033901	0.41204	0.436443	0.151516
Muller_E	3034073	0.412039	0.436448	0.151513
Muller_E	3036032	0.412031	0.436495	0.151474
Muller_E	3038305	0.412022	0.43655	0.151428
Muller_E	3041816	0.412007	0.436635	0.151358
Muller_E	3044683	0.411995	0.436704	0.151301
Muller_E	3046757	0.411986	0.436754	0.151259
Muller_E	3046887	0.411986	0.436757	0.151257
Muller_E	3047900	0.411981	0.436782	0.151237
Muller_E	3048135	0.411981	0.436788	0.151232
Muller_E	3050664	0.41197	0.436849	0.151181
Muller_E	3051698	0.411966	0.436874	0.151161
Muller_E	3051968	0.411965	0.43688	0.151155
Muller_E	3052635	0.411962	0.436896	0.151142
Muller_E	3053197	0.411959	0.43691	0.151131
Muller_E	3056428	0.411946	0.436988	0.151066
Muller_E	3056712	0.411945	0.436995	0.15106
Muller_E	3058398	0.411938	0.437035	0.151027
Muller_E	3059687	0.411932	0.437067	0.151001
Muller_E	3061511	0.411925	0.437111	0.150965
Muller_E	3062406	0.411921	0.437132	0.150947
Muller_E	3062537	0.411921	0.437135	0.150944
Muller_E	3100018	0.411767	0.438039	0.150195
Muller_E	3100718	0.411764	0.438055	0.150181
Muller_E	3112367	0.411717	0.438335	0.149948
Muller_E	3112987	0.411714	0.43835	0.149935
Muller_E	3113420	0.411712	0.438361	0.149927
Muller_E	3116107	0.411702	0.438425	0.149873
Muller_E	3119432	0.411688	0.438505	0.149807
Muller_E	3119714	0.411687	0.438512	0.149801
Muller_E	3120862	0.411682	0.43854	0.149778
Muller_E	3122265	0.411677	0.438573	0.14975
Muller_E	3123364	0.411672	0.4386	0.149728
Muller_E	3124138	0.411669	0.438618	0.149713
Muller_E	3127464	0.411656	0.438698	0.149646
Muller_E	3128767	0.411651	0.438729	0.14962
Muller_E	3128895	0.41165	0.438732	0.149617
Muller_E	3129611	0.411647	0.43875	0.149603
Muller_E	3129743	0.411647	0.438753	0.1496
Muller_E	3130171	0.411645	0.438763	0.149592
Muller_E	3131529	0.41164	0.438796	0.149565
Muller_E	3137674	0.411615	0.438943	0.149442
Muller_E	3139976	0.411606	0.438998	0.149396
Muller_E	3143168	0.411593	0.439075	0.149332
Muller_E	3169152	0.41149	0.439697	0.148812
Muller_E	3170575	0.411485	0.439731	0.148784
Muller_E	3173857	0.411472	0.43981	0.148718
Muller_E	3192801	0.411398	0.440262	0.14834
Muller_E	3194086	0.411393	0.440293	0.148314
Muller_E	3194230	0.411393	0.440296	0.148311
Muller_E	3207603	0.411341	0.440615	0.148044
Muller_E	3207708	0.411341	0.440618	0.148041
Muller_E	3208070	0.411339	0.440627	0.148034
Muller_E	3208369	0.411338	0.440634	0.148028
Muller_E	3208507	0.411338	0.440637	0.148025
Muller_E	3208706	0.411337	0.440642	0.148021
Muller_E	3210124	0.411331	0.440676	0.147993
Muller_E	3211254	0.411327	0.440703	0.14797
Muller_E	3212088	0.411324	0.440722	0.147954
Muller_E	3216063	0.411309	0.440817	0.147874
Muller_E	3216461	0.411307	0.440827	0.147866
Muller_E	3217109	0.411305	0.440842	0.147853
Muller_E	3217441	0.411303	0.44085	0.147847
Muller_E	3217706	0.411302	0.440856	0.147841
Muller_E	3217825	0.411302	0.440859	0.147839
Muller_E	3218354	0.4113	0.440872	0.147828
Muller_E	3219292	0.411296	0.440894	0.14781
Muller_E	3219763	0.411294	0.440905	0.1478
Muller_E	3221459	0.411288	0.440946	0.147766
Muller_E	3222112	0.411285	0.440961	0.147753
Muller_E	3223012	0.411282	0.440983	0.147735
Muller_E	3223549	0.41128	0.440996	0.147725
Muller_E	3224815	0.411275	0.441026	0.147699
Muller_E	3226800	0.411268	0.441073	0.14766
Muller_E	3229718	0.411256	0.441142	0.147601
Muller_E	3240322	0.411216	0.441395	0.147389
Muller_E	3240918	0.411214	0.441409	0.147377
Muller_E	3241273	0.411213	0.441417	0.14737
Muller_E	3247835	0.411188	0.441573	0.147239
Muller_E	3251442	0.411174	0.441659	0.147167
Muller_E	3252203	0.411171	0.441677	0.147151
Muller_E	3254014	0.411165	0.44172	0.147115
Muller_E	3254518	0.411163	0.441732	0.147105
Muller_E	3255141	0.41116	0.441747	0.147093
Muller_E	3255365	0.41116	0.441752	0.147088
Muller_E	3259142	0.411145	0.441842	0.147013
Muller_E	3259935	0.411142	0.441861	0.146997
Muller_E	3262497	0.411133	0.441922	0.146945
Muller_E	3263708	0.411128	0.44195	0.146921
Muller_E	3264644	0.411125	0.441973	0.146902
Muller_E	3266132	0.411119	0.442008	0.146873
Muller_E	3266579	0.411118	0.442019	0.146864
Muller_E	3266806	0.411117	0.442024	0.146859
Muller_E	3269029	0.411108	0.442077	0.146815
Muller_E	3271700	0.411099	0.44214	0.146761
Muller_E	3271881	0.411098	0.442144	0.146758
Muller_E	3273894	0.41109	0.442192	0.146717
Muller_E	3275081	0.411086	0.44222	0.146694
Muller_E	3275989	0.411083	0.442242	0.146675
Muller_E	3278049	0.411075	0.442291	0.146634
Muller_E	3280894	0.411064	0.442358	0.146577
Muller_E	3282107	0.41106	0.442387	0.146553
Muller_E	3282973	0.411057	0.442407	0.146536
Muller_E	3284532	0.411051	0.442444	0.146505
Muller_E	3291321	0.411026	0.442605	0.146369
Muller_E	3291878	0.411024	0.442618	0.146358
Muller_E	3293351	0.411019	0.442653	0.146328
Muller_E	3293759	0.411017	0.442663	0.14632
Muller_E	3304917	0.410976	0.442927	0.146097
Muller_E	3306663	0.41097	0.442969	0.146062
Muller_E	3306880	0.410969	0.442974	0.146057
Muller_E	3310127	0.410957	0.44305	0.145992
Muller_E	3312301	0.410949	0.443102	0.145949
Muller_E	3312718	0.410948	0.443112	0.145941
Muller_E	3318766	0.410926	0.443255	0.145819
Muller_E	3323588	0.410908	0.443369	0.145723
Muller_E	3324201	0.410906	0.443383	0.145711
Muller_E	3324656	0.410904	0.443394	0.145702
Muller_E	3325091	0.410903	0.443404	0.145693
Muller_E	3326084	0.410899	0.443428	0.145673
Muller_E	3326190	0.410899	0.44343	0.145671
Muller_E	3330218	0.410884	0.443525	0.14559
Muller_E	3334866	0.410868	0.443635	0.145497
Muller_E	3337545	0.410858	0.443698	0.145444
Muller_E	3340268	0.410848	0.443763	0.145389
Muller_E	3340480	0.410848	0.443768	0.145385
Muller_E	3410593	0.410601	0.445418	0.143981
Muller_E	3431230	0.410531	0.445902	0.143567
Muller_E	3437416	0.41051	0.446047	0.143443
Muller_E	3456916	0.410444	0.446503	0.143053
Muller_E	3457694	0.410441	0.446521	0.143037
Muller_E	3459001	0.410437	0.446552	0.143011
Muller_E	3462300	0.410426	0.446629	0.142945
Muller_E	3464519	0.410419	0.446681	0.1429
Muller_E	3464673	0.410418	0.446685	0.142897
Muller_E	3477602	0.410375	0.446987	0.142638
Muller_E	3525631	0.410218	0.448107	0.141675
Muller_E	3546828	0.410151	0.4486	0.14125
Muller_E	3557059	0.410118	0.448837	0.141045
Muller_E	3566467	0.410089	0.449056	0.140856
Muller_E	3572057	0.410071	0.449185	0.140744
Muller_E	3572168	0.410071	0.449188	0.140741
Muller_E	3579272	0.410048	0.449353	0.140599
Muller_E	3579502	0.410048	0.449358	0.140594
Muller_E	3582419	0.410039	0.449426	0.140536
Muller_E	3590131	0.410015	0.449604	0.140381
Muller_E	3605233	0.409968	0.449954	0.140078
Muller_E	3610748	0.409951	0.450082	0.139967
Muller_E	3611776	0.409948	0.450105	0.139946
Muller_E	3615071	0.409938	0.450182	0.13988
Muller_E	3617701	0.40993	0.450242	0.139827
Muller_E	3617818	0.40993	0.450245	0.139825
Muller_E	3617948	0.409929	0.450248	0.139822
Muller_E	3623404	0.409913	0.450374	0.139713
Muller_E	3630035	0.409893	0.450527	0.13958
Muller_E	3631532	0.409888	0.450562	0.13955
Muller_E	3634067	0.409881	0.450621	0.139499
Muller_E	3642157	0.409856	0.450807	0.139336
Muller_E	3643438	0.409852	0.450837	0.139311
Muller_E	3645674	0.409846	0.450889	0.139266
Muller_E	3652519	0.409825	0.451047	0.139128
Muller_E	3655257	0.409817	0.45111	0.139073
Muller_E	3657953	0.409809	0.451172	0.139019
Muller_E	3660200	0.409803	0.451224	0.138974
Muller_E	3665461	0.409787	0.451345	0.138868
Muller_E	3670065	0.409773	0.451451	0.138776
Muller_E	3757777	0.409523	0.453466	0.137012
Muller_E	3766114	0.409499	0.453657	0.136844
Muller_E	3770199	0.409488	0.45375	0.136762
Muller_E	3771242	0.409485	0.453774	0.136741
Muller_E	3775369	0.409474	0.453869	0.136657
Muller_E	3781958	0.409456	0.454019	0.136525
Muller_E	3788305	0.409439	0.454164	0.136397
Muller_E	3788531	0.409438	0.45417	0.136392
Muller_E	3788717	0.409437	0.454174	0.136389
Muller_E	3791492	0.40943	0.454237	0.136333
Muller_E	3791929	0.409429	0.454247	0.136324
Muller_E	3794089	0.409423	0.454297	0.136281
Muller_E	3798034	0.409412	0.454387	0.136201
Muller_E	3805877	0.409391	0.454566	0.136043
Muller_E	3808116	0.409385	0.454617	0.135998
Muller_E	3837593	0.409307	0.455289	0.135404
Muller_E	3889492	0.409173	0.45647	0.134357
Muller_E	3892070	0.409166	0.456529	0.134305
Muller_E	3892768	0.409164	0.456544	0.134291
Muller_E	3893846	0.409161	0.456569	0.13427
Muller_E	3895236	0.409158	0.4566	0.134242
Muller_E	3896701	0.409154	0.456634	0.134212
Muller_E	3964144	0.408988	0.458162	0.13285
Muller_E	3964249	0.408988	0.458164	0.132848
Muller_E	3964701	0.408987	0.458174	0.132839
Muller_E	3965335	0.408985	0.458189	0.132826
Muller_E	3965537	0.408985	0.458193	0.132822
Muller_E	3971184	0.408971	0.458321	0.132708
Muller_E	4005791	0.40889	0.459102	0.132008
Muller_E	4007537	0.408886	0.459141	0.131973
Muller_E	4008073	0.408884	0.459154	0.131962
Muller_E	4008732	0.408883	0.459168	0.131949
Muller_E	4009275	0.408882	0.459181	0.131938
Muller_E	4009794	0.40888	0.459192	0.131927
Muller_E	4010462	0.408879	0.459207	0.131914
Muller_E	4011246	0.408877	0.459225	0.131898
Muller_E	4011350	0.408877	0.459227	0.131896
Muller_E	4011743	0.408876	0.459236	0.131888
Muller_E	4012926	0.408873	0.459263	0.131864
Muller_E	4015010	0.408868	0.45931	0.131822
Muller_E	4015956	0.408866	0.459331	0.131803
Muller_E	4016731	0.408864	0.459349	0.131787
Muller_E	4017133	0.408863	0.459358	0.131779
Muller_E	4017640	0.408862	0.459369	0.131769
Muller_E	4021078	0.408854	0.459447	0.131699
Muller_E	4021876	0.408852	0.459465	0.131683
Muller_E	4022513	0.408851	0.459479	0.13167
Muller_E	4022928	0.40885	0.459488	0.131662
Muller_E	4024532	0.408846	0.459525	0.131629
Muller_E	4024639	0.408846	0.459527	0.131627
Muller_E	4025270	0.408845	0.459541	0.131614
Muller_E	4027169	0.40884	0.459584	0.131576
Muller_E	4027437	0.40884	0.45959	0.13157
Muller_E	4027764	0.408839	0.459597	0.131564
Muller_E	4029270	0.408836	0.459631	0.131533
Muller_E	4032202	0.408829	0.459697	0.131474
Muller_E	4032327	0.408829	0.4597	0.131471
Muller_E	4033521	0.408826	0.459727	0.131447
Muller_E	4033797	0.408825	0.459733	0.131442
Muller_E	4036360	0.408819	0.459791	0.13139
Muller_E	4037138	0.408818	0.459808	0.131374
Muller_E	4037610	0.408817	0.459819	0.131364
Muller_E	4040496	0.40881	0.459884	0.131306
Muller_E	4040949	0.408809	0.459894	0.131297
Muller_E	4045900	0.408798	0.460006	0.131197
Muller_E	4046078	0.408797	0.46001	0.131193
Muller_E	4046843	0.408796	0.460027	0.131178
Muller_E	4047581	0.408794	0.460043	0.131163
Muller_E	4048275	0.408792	0.460059	0.131149
Muller_E	4048700	0.408791	0.460069	0.13114
Muller_E	4053592	0.40878	0.460179	0.131041
Muller_E	4056223	0.408775	0.460238	0.130988
Muller_E	4056545	0.408774	0.460245	0.130981
Muller_E	4056951	0.408773	0.460254	0.130973
Muller_E	4057601	0.408771	0.460269	0.13096
Muller_E	4057720	0.408771	0.460271	0.130957
Muller_E	4058043	0.40877	0.460279	0.130951
Muller_E	4058149	0.40877	0.460281	0.130949
Muller_E	4058704	0.408769	0.460294	0.130937
Muller_E	4059417	0.408767	0.46031	0.130923
Muller_E	4059965	0.408766	0.460322	0.130912
Muller_E	4061381	0.408763	0.460354	0.130883
Muller_E	4061745	0.408762	0.460362	0.130876
Muller_E	4062020	0.408762	0.460368	0.13087
Muller_E	4062507	0.408761	0.460379	0.13086
Muller_E	4062941	0.40876	0.460389	0.130852
Muller_E	4064035	0.408757	0.460413	0.130829
Muller_E	4064680	0.408756	0.460428	0.130816
Muller_E	4064829	0.408755	0.460431	0.130813
Muller_E	4065474	0.408754	0.460446	0.1308
Muller_E	4065574	0.408754	0.460448	0.130798
Muller_E	4066028	0.408753	0.460458	0.130789
Muller_E	4067541	0.408749	0.460492	0.130758
Muller_E	4067967	0.408748	0.460502	0.13075
Muller_E	4068535	0.408747	0.460515	0.130738
Muller_E	4069245	0.408746	0.460531	0.130724
Muller_E	4070105	0.408744	0.46055	0.130706
Muller_E	4071088	0.408741	0.460572	0.130687
Muller_E	4071641	0.40874	0.460584	0.130675
Muller_E	4072126	0.408739	0.460595	0.130666
Muller_E	4072768	0.408738	0.46061	0.130653
Muller_E	4072973	0.408737	0.460614	0.130648
Muller_E	4073359	0.408736	0.460623	0.130641
Muller_E	4075135	0.408733	0.460663	0.130605
Muller_E	4075254	0.408732	0.460666	0.130602
Muller_E	4076053	0.408731	0.460683	0.130586
Muller_E	4077160	0.408728	0.460708	0.130564
Muller_E	4078165	0.408726	0.460731	0.130543
Muller_E	4078690	0.408725	0.460743	0.130533
Muller_E	4078900	0.408724	0.460747	0.130528
Muller_E	4079010	0.408724	0.46075	0.130526
Muller_E	4079297	0.408723	0.460756	0.13052
Muller_E	4081728	0.408718	0.460811	0.130471
Muller_E	4082079	0.408717	0.460819	0.130464
Muller_E	4083988	0.408713	0.460862	0.130425
Muller_E	4085715	0.408709	0.4609	0.13039
Muller_E	4089306	0.408701	0.460981	0.130317
Muller_E	4089803	0.4087	0.460992	0.130307
Muller_E	4092778	0.408694	0.461059	0.130247
Muller_E	4092894	0.408694	0.461062	0.130245
Muller_E	4098915	0.408681	0.461197	0.130123
Muller_E	4109650	0.408658	0.461437	0.129905
Muller_E	4113217	0.40865	0.461517	0.129833
Muller_E	4113538	0.408649	0.461525	0.129826
Muller_E	4114422	0.408647	0.461544	0.129808
Muller_E	4114803	0.408646	0.461553	0.129801
Muller_E	4115118	0.408646	0.46156	0.129794
Muller_E	4116856	0.408642	0.461599	0.129759
Muller_E	4117074	0.408642	0.461604	0.129754
Muller_E	4117473	0.408641	0.461613	0.129746
Muller_E	4118970	0.408638	0.461646	0.129716
Muller_E	4121851	0.408631	0.461711	0.129658
Muller_E	4122071	0.408631	0.461716	0.129653
Muller_E	4122393	0.40863	0.461723	0.129647
Muller_E	4122818	0.408629	0.461733	0.129638
Muller_E	4124318	0.408626	0.461766	0.129608
Muller_E	4124418	0.408626	0.461768	0.129606
Muller_E	4126492	0.408622	0.461815	0.129563
Muller_E	4127527	0.408619	0.461838	0.129542
Muller_E	4127720	0.408619	0.461842	0.129539
Muller_E	4128101	0.408618	0.461851	0.129531
Muller_E	4128234	0.408618	0.461854	0.129528
Muller_E	4130334	0.408614	0.461901	0.129486
Muller_E	4132221	0.40861	0.461943	0.129447
Muller_E	4134741	0.408604	0.462	0.129396
Muller_E	4134982	0.408604	0.462005	0.129391
Muller_E	4136547	0.4086	0.46204	0.129359
Muller_E	4140224	0.408593	0.462122	0.129285
Muller_E	4140902	0.408591	0.462137	0.129271
Muller_E	4141485	0.40859	0.462151	0.129259
Muller_E	4143836	0.408585	0.462203	0.129212
Muller_E	4144350	0.408584	0.462215	0.129201
Muller_E	4144848	0.408583	0.462226	0.129191
Muller_E	4150850	0.408571	0.46236	0.129069
Muller_E	4151927	0.408568	0.462384	0.129047
Muller_E	4154621	0.408563	0.462444	0.128993
Muller_E	4159745	0.408552	0.462559	0.128889
Muller_E	4159958	0.408552	0.462564	0.128884
Muller_E	4160923	0.40855	0.462585	0.128865
Muller_E	4161787	0.408548	0.462605	0.128847
Muller_E	4162162	0.408547	0.462613	0.12884
Muller_E	4163984	0.408544	0.462654	0.128803
Muller_E	4164218	0.408543	0.462659	0.128798
Muller_E	4164859	0.408542	0.462673	0.128785
Muller_E	4165033	0.408541	0.462677	0.128781
Muller_E	4165157	0.408541	0.46268	0.128779
Muller_E	4165383	0.408541	0.462685	0.128774
Muller_E	4165808	0.40854	0.462695	0.128766
Muller_E	4165958	0.40854	0.462698	0.128763
Muller_E	4166062	0.408539	0.4627	0.12876
Muller_E	4166243	0.408539	0.462704	0.128757
Muller_E	4166628	0.408538	0.462713	0.128749
Muller_E	4168755	0.408534	0.46276	0.128706
Muller_E	4172546	0.408526	0.462845	0.128629
Muller_E	4172827	0.408526	0.462851	0.128623
Muller_E	4173860	0.408523	0.462874	0.128602
Muller_E	4176100	0.408519	0.462925	0.128557
Muller_E	4176326	0.408518	0.46293	0.128552
Muller_E	4176826	0.408517	0.462941	0.128542
Muller_E	4177022	0.408517	0.462945	0.128538
Muller_E	4178339	0.408514	0.462975	0.128511
Muller_E	4178608	0.408514	0.462981	0.128506
Muller_E	4179326	0.408512	0.462997	0.128491
Muller_E	4180712	0.40851	0.463028	0.128463
Muller_E	4180966	0.408509	0.463033	0.128458
Muller_E	4184926	0.408501	0.463122	0.128377
Muller_E	4185178	0.408501	0.463127	0.128372
Muller_E	4185319	0.4085	0.46313	0.128369
Muller_E	4185532	0.4085	0.463135	0.128365
Muller_E	4187632	0.408496	0.463182	0.128322
Muller_E	4188227	0.408494	0.463195	0.12831
Muller_E	4188670	0.408494	0.463205	0.128301
Muller_E	4192621	0.408486	0.463293	0.128221
Muller_E	4193546	0.408484	0.463314	0.128202
Muller_E	4194407	0.408482	0.463333	0.128185
Muller_E	4195783	0.408479	0.463364	0.128157
Muller_E	4196010	0.408479	0.463369	0.128152
Muller_E	4197440	0.408476	0.463401	0.128123
Muller_E	4198223	0.408474	0.463418	0.128107
Muller_E	4199021	0.408473	0.463436	0.128091
Muller_E	4199203	0.408473	0.46344	0.128087
Muller_E	4199424	0.408472	0.463445	0.128083
Muller_E	4199639	0.408472	0.46345	0.128078
Muller_E	4199983	0.408471	0.463458	0.128071
Muller_E	4203293	0.408464	0.463532	0.128004
Muller_E	4205814	0.408459	0.463588	0.127953
Muller_E	4206134	0.408459	0.463595	0.127946
Muller_E	4207588	0.408456	0.463627	0.127917
Muller_E	4210680	0.40845	0.463696	0.127854
Muller_E	4210928	0.408449	0.463702	0.127849
Muller_E	4211312	0.408449	0.46371	0.127841
Muller_E	4211755	0.408448	0.46372	0.127832
Muller_E	4213444	0.408444	0.463758	0.127798
Muller_E	4216650	0.408438	0.463829	0.127733
Muller_E	4217058	0.408437	0.463838	0.127724
Muller_E	4217453	0.408437	0.463847	0.127716
Muller_E	4217565	0.408436	0.46385	0.127714
Muller_E	4217669	0.408436	0.463852	0.127712
Muller_E	4217825	0.408436	0.463856	0.127709
Muller_E	4218923	0.408434	0.46388	0.127686
Muller_E	4225215	0.408421	0.46402	0.127558
Muller_E	4232774	0.408407	0.464189	0.127405
Muller_E	4235298	0.408402	0.464245	0.127353
Muller_E	4245993	0.408381	0.464483	0.127136
Muller_E	4252835	0.408368	0.464635	0.126996
Muller_E	4253725	0.408367	0.464655	0.126978
Muller_E	4256197	0.408362	0.46471	0.126928
Muller_E	4261234	0.408353	0.464822	0.126825
Muller_E	4262892	0.408349	0.464859	0.126792
Muller_E	4263238	0.408349	0.464867	0.126785
Muller_E	4263588	0.408348	0.464874	0.126778
Muller_E	4264621	0.408346	0.464897	0.126757
Muller_E	4266950	0.408342	0.464949	0.126709
Muller_E	4267529	0.408341	0.464962	0.126697
Muller_E	4276223	0.408325	0.465155	0.12652
Muller_E	4311688	0.40826	0.465943	0.125798
Muller_E	4311965	0.408259	0.465949	0.125792
Muller_E	4312254	0.408259	0.465955	0.125786
Muller_E	4312510	0.408258	0.465961	0.125781
Muller_E	4334492	0.408219	0.466448	0.125333
Muller_E	4352032	0.408189	0.466837	0.124975
Muller_E	4353438	0.408186	0.466868	0.124946
Muller_E	4356857	0.40818	0.466943	0.124876
Muller_E	4360054	0.408175	0.467014	0.124811
Muller_E	4374783	0.40815	0.46734	0.12451
Muller_E	4374946	0.40815	0.467344	0.124507
Muller_E	4381350	0.408139	0.467485	0.124376
Muller_E	4558836	0.407867	0.471393	0.12074
Muller_E	4562012	0.407863	0.471463	0.120675
Muller_E	4564083	0.40786	0.471508	0.120632
Muller_E	4564194	0.40786	0.47151	0.12063
Muller_E	4568491	0.407854	0.471605	0.120542
Muller_E	4569115	0.407853	0.471618	0.120529
Muller_E	4569749	0.407852	0.471632	0.120516
Muller_E	4570340	0.407851	0.471645	0.120504
Muller_E	4571890	0.407849	0.471679	0.120472
Muller_E	4572624	0.407848	0.471695	0.120457
Muller_E	4573491	0.407847	0.471714	0.120439
Muller_E	4573809	0.407847	0.471721	0.120432
Muller_E	4577361	0.407842	0.471799	0.120359
Muller_E	4577462	0.407842	0.471801	0.120357
Muller_E	4578308	0.40784	0.47182	0.12034
Muller_E	4580664	0.407837	0.471871	0.120291
Muller_E	4580954	0.407837	0.471878	0.120285
Muller_E	4581769	0.407836	0.471896	0.120269
Muller_E	4581909	0.407836	0.471899	0.120266
Muller_E	4583019	0.407834	0.471923	0.120243
Muller_E	4583393	0.407834	0.471931	0.120235
Muller_E	4583516	0.407833	0.471934	0.120233
Muller_E	4584473	0.407832	0.471955	0.120213
Muller_E	4589180	0.407826	0.472058	0.120116
Muller_E	4590247	0.407824	0.472081	0.120094
Muller_E	4591539	0.407823	0.47211	0.120068
Muller_E	4593253	0.40782	0.472147	0.120032
Muller_E	4593508	0.40782	0.472153	0.120027
Muller_E	4593974	0.407819	0.472163	0.120018
Muller_E	4595111	0.407818	0.472188	0.119994
Muller_E	4595303	0.407818	0.472192	0.11999
Muller_E	4597548	0.407815	0.472241	0.119944
Muller_E	4597833	0.407814	0.472247	0.119938
Muller_E	4600306	0.407811	0.472302	0.119887
Muller_E	4607273	0.407802	0.472454	0.119744
Muller_E	4607398	0.407802	0.472457	0.119741
Muller_E	4610441	0.407798	0.472523	0.119679
Muller_E	4611041	0.407797	0.472537	0.119666
Muller_E	4611562	0.407796	0.472548	0.119656
Muller_E	4611697	0.407796	0.472551	0.119653
Muller_E	4612447	0.407795	0.472567	0.119637
Muller_E	4612733	0.407795	0.472574	0.119632
Muller_E	4612927	0.407795	0.472578	0.119628
Muller_E	4613148	0.407794	0.472583	0.119623
Muller_E	4614502	0.407793	0.472612	0.119595
Muller_E	4615888	0.407791	0.472643	0.119567
Muller_E	4616173	0.40779	0.472649	0.119561
Muller_E	4616508	0.40779	0.472656	0.119554
Muller_E	4616663	0.40779	0.47266	0.119551
Muller_E	4618190	0.407788	0.472693	0.119519
Muller_E	4619781	0.407786	0.472728	0.119486
Muller_E	4622166	0.407783	0.47278	0.119437
Muller_E	4626314	0.407777	0.472871	0.119352
Muller_E	4626864	0.407777	0.472883	0.119341
Muller_E	4627368	0.407776	0.472894	0.11933
Muller_E	4627488	0.407776	0.472896	0.119328
Muller_E	4633961	0.407768	0.473038	0.119194
Muller_E	4635834	0.407765	0.473079	0.119156
Muller_E	4636452	0.407764	0.473092	0.119143
Muller_E	4637295	0.407763	0.473111	0.119126
Muller_E	4640891	0.407759	0.473189	0.119052
Muller_E	4645727	0.407753	0.473295	0.118952
Muller_E	4646376	0.407752	0.473309	0.118939
Muller_E	4646798	0.407752	0.473319	0.11893
Muller_E	4653320	0.407743	0.473461	0.118795
Muller_E	4656520	0.40774	0.473531	0.118729
Muller_E	4672665	0.40772	0.473884	0.118397
Muller_E	4674140	0.407718	0.473916	0.118366
Muller_E	4675745	0.407716	0.473951	0.118333
Muller_E	4676485	0.407715	0.473967	0.118318
Muller_E	4677110	0.407715	0.473981	0.118305
Muller_E	4677655	0.407714	0.473992	0.118294
Muller_E	4678986	0.407712	0.474021	0.118266
Muller_E	4680223	0.407711	0.474048	0.118241
Muller_E	4682403	0.407708	0.474096	0.118196
Muller_E	4682621	0.407708	0.474101	0.118191
Muller_E	4684270	0.407706	0.474137	0.118157
Muller_E	4685491	0.407705	0.474163	0.118132
Muller_E	4686019	0.407704	0.474175	0.118121
Muller_E	4687101	0.407703	0.474199	0.118099
Muller_E	4689628	0.4077	0.474254	0.118047
Muller_E	4690052	0.407699	0.474263	0.118038
Muller_E	4690344	0.407699	0.474269	0.118032
Muller_E	4690905	0.407698	0.474282	0.11802
Muller_E	4691125	0.407698	0.474286	0.118016
Muller_E	4691712	0.407697	0.474299	0.118003
Muller_E	4691999	0.407697	0.474305	0.117998
Muller_E	4692111	0.407697	0.474308	0.117995
Muller_E	4693234	0.407696	0.474332	0.117972
Muller_E	4693620	0.407695	0.474341	0.117964
Muller_E	4693753	0.407695	0.474344	0.117961
Muller_E	4694021	0.407695	0.47435	0.117956
Muller_E	4694592	0.407694	0.474362	0.117944
Muller_E	4696429	0.407692	0.474402	0.117906
Muller_E	4696792	0.407691	0.47441	0.117899
Muller_E	4699402	0.407688	0.474467	0.117845
Muller_E	4700957	0.407687	0.474501	0.117813
Muller_E	4702606	0.407685	0.474537	0.117779
Muller_E	4708142	0.407678	0.474657	0.117664
Muller_E	4712097	0.407674	0.474744	0.117583
Muller_E	4713898	0.407672	0.474783	0.117545
Muller_E	4714194	0.407671	0.474789	0.117539
Muller_E	4717094	0.407668	0.474853	0.117479
Muller_E	4717794	0.407667	0.474868	0.117465
Muller_E	4720564	0.407664	0.474928	0.117408
Muller_E	4722390	0.407662	0.474968	0.11737
Muller_E	4727534	0.407656	0.47508	0.117264
Muller_E	4730688	0.407653	0.475149	0.117198
Muller_E	4731377	0.407652	0.475164	0.117184
Muller_E	4732944	0.40765	0.475198	0.117152
Muller_E	4738342	0.407644	0.475315	0.11704
Muller_E	4739398	0.407643	0.475338	0.117018
Muller_E	4742492	0.40764	0.475406	0.116954
Muller_E	4745718	0.407636	0.475476	0.116888
Muller_E	4746457	0.407636	0.475492	0.116872
Muller_E	4748015	0.407634	0.475526	0.11684
Muller_E	4748352	0.407634	0.475533	0.116833
Muller_E	4748630	0.407633	0.475539	0.116827
Muller_E	4751071	0.407631	0.475593	0.116777
Muller_E	4751685	0.40763	0.475606	0.116764
Muller_E	4751817	0.40763	0.475609	0.116761
Muller_E	4752607	0.407629	0.475626	0.116745
Muller_E	4752773	0.407629	0.47563	0.116742
Muller_E	4753826	0.407628	0.475653	0.11672
Muller_E	4754671	0.407627	0.475671	0.116702
Muller_E	4756619	0.407625	0.475713	0.116662
Muller_E	4759191	0.407622	0.475769	0.116609
Muller_E	4761262	0.40762	0.475814	0.116566
Muller_E	4761866	0.407619	0.475828	0.116553
Muller_E	4761985	0.407619	0.47583	0.116551
Muller_E	4763545	0.407617	0.475864	0.116519
Muller_E	4764509	0.407616	0.475885	0.116499
Muller_E	4765595	0.407615	0.475909	0.116476
Muller_E	4766291	0.407614	0.475924	0.116462
Muller_E	4766501	0.407614	0.475928	0.116457
Muller_E	4767354	0.407613	0.475947	0.11644
Muller_E	4769627	0.407611	0.475996	0.116393
Muller_E	4769950	0.407611	0.476003	0.116386
Muller_E	4772288	0.407608	0.476054	0.116338
Muller_E	4773763	0.407607	0.476086	0.116307
Muller_E	4773963	0.407606	0.476091	0.116303
Muller_E	4774375	0.407606	0.4761	0.116294
Muller_E	4774957	0.407605	0.476112	0.116282
Muller_E	4775479	0.407605	0.476124	0.116272
Muller_E	4776619	0.407604	0.476148	0.116248
Muller_E	4779373	0.407601	0.476208	0.116191
Muller_E	4781913	0.407598	0.476264	0.116138
Muller_E	4782620	0.407597	0.476279	0.116124
Muller_E	4783326	0.407597	0.476294	0.116109
Muller_E	4786044	0.407594	0.476353	0.116053
Muller_E	4786690	0.407593	0.476367	0.116039
Muller_E	4789453	0.40759	0.476427	0.115982
Muller_E	4790377	0.407589	0.476448	0.115963
Muller_E	4792360	0.407587	0.476491	0.115922
Muller_E	4792549	0.407587	0.476495	0.115918
Muller_E	4792702	0.407587	0.476498	0.115915
Muller_E	4822723	0.407557	0.47715	0.115292
Muller_E	4832155	0.407548	0.477355	0.115097
Muller_E	4834924	0.407546	0.477415	0.115039
Muller_E	4838041	0.407543	0.477483	0.114974
Muller_E	4839031	0.407542	0.477504	0.114954
Muller_E	4840034	0.407541	0.477526	0.114933
Muller_E	4843722	0.407537	0.477606	0.114857
Muller_E	4844215	0.407537	0.477617	0.114846
Muller_E	4846930	0.407534	0.477676	0.11479
Muller_E	4847984	0.407534	0.477698	0.114768
Muller_E	4849699	0.407532	0.477736	0.114732
Muller_E	4849916	0.407532	0.47774	0.114728
Muller_E	4850646	0.407531	0.477756	0.114713
Muller_E	4851102	0.407531	0.477766	0.114703
Muller_E	4851280	0.40753	0.47777	0.1147
Muller_E	4852753	0.407529	0.477802	0.114669
Muller_E	4853630	0.407528	0.477821	0.114651
Muller_E	4855355	0.407527	0.477858	0.114615
Muller_E	4859608	0.407523	0.477951	0.114527
Muller_E	4860728	0.407522	0.477975	0.114503
Muller_E	4862947	0.40752	0.478023	0.114457
Muller_E	4865598	0.407517	0.47808	0.114402
Muller_E	4865718	0.407517	0.478083	0.1144
Muller_E	4866182	0.407517	0.478093	0.11439
Muller_E	4867670	0.407516	0.478125	0.114359
Muller_E	4869382	0.407514	0.478162	0.114324
Muller_E	4875634	0.407508	0.478298	0.114194
Muller_E	4875860	0.407508	0.478303	0.114189
Muller_E	4876983	0.407507	0.478327	0.114165
Muller_E	4877350	0.407507	0.478335	0.114158
Muller_E	4878065	0.407506	0.478351	0.114143
Muller_E	4879381	0.407505	0.478379	0.114116
Muller_E	4880635	0.407504	0.478406	0.11409
Muller_E	4881487	0.407503	0.478425	0.114072
Muller_E	4881936	0.407503	0.478435	0.114063
Muller_E	4884468	0.407501	0.478489	0.11401
Muller_E	4888342	0.407497	0.478573	0.113929
Muller_E	4889910	0.407496	0.478607	0.113897
Muller_E	4890915	0.407495	0.478629	0.113876
Muller_E	4891113	0.407495	0.478633	0.113872
Muller_E	4891366	0.407495	0.478639	0.113866
Muller_E	4891615	0.407495	0.478644	0.113861
Muller_E	4892655	0.407494	0.478667	0.11384
Muller_E	4894761	0.407492	0.478712	0.113796
Muller_E	4895681	0.407491	0.478732	0.113777
Muller_E	4895913	0.407491	0.478737	0.113772
Muller_E	4896016	0.407491	0.47874	0.11377
Muller_E	4896306	0.407491	0.478746	0.113764
Muller_E	4896909	0.40749	0.478759	0.113751
Muller_E	4897149	0.40749	0.478764	0.113746
Muller_E	4897396	0.40749	0.478769	0.113741
Muller_E	4899238	0.407488	0.478809	0.113703
Muller_E	4899448	0.407488	0.478814	0.113698
Muller_E	4899730	0.407488	0.47882	0.113692
Muller_E	4900388	0.407487	0.478834	0.113679
Muller_E	4901136	0.407486	0.47885	0.113663
Muller_E	4901310	0.407486	0.478854	0.113659
Muller_E	4902057	0.407486	0.47887	0.113644
Muller_E	4902851	0.407485	0.478888	0.113627
Muller_E	4903242	0.407485	0.478896	0.113619
Muller_E	4905649	0.407483	0.478948	0.113569
Muller_E	4906999	0.407482	0.478977	0.113541
