chrom	position	2,0	1,1	0,2
Muller_E	62882	0.872721	0.112758	0.0145211
Muller_E	267432	0.878882	0.10848	0.0126378
Muller_E	441230	0.884441	0.104428	0.0111308
Muller_E	511157	0.886763	0.102689	0.0105489
Muller_E	557879	0.888341	0.101491	0.0101679
Muller_E	581000	0.88913	0.100889	0.00998176
Muller_E	709108	0.893599	0.0974229	0.00897838
Muller_E	768129	0.895713	0.0957543	0.00853231
Muller_E	785241	0.896333	0.095262	0.0084049
Muller_E	787322	0.896409	0.0952019	0.00838947
Muller_E	787424	0.896412	0.0951989	0.00838871
Muller_E	788173	0.89644	0.0951773	0.00838316
Muller_E	788750	0.896461	0.0951606	0.00837888
Muller_E	788860	0.896465	0.0951574	0.00837807
Muller_E	791823	0.896572	0.0950716	0.00835613
Muller_E	802257	0.896952	0.0947687	0.00827907
Muller_E	893794	0.900334	0.0920494	0.00761692
Muller_E	894300	0.900353	0.092034	0.00761333
Muller_E	896281	0.900427	0.091974	0.00759928
Muller_E	897287	0.900464	0.0919434	0.00759215
Muller_E	897987	0.900491	0.0919222	0.00758719
Muller_E	901015	0.900604	0.0918302	0.00756575
Muller_E	901718	0.90063	0.0918088	0.00756078
Muller_E	923408	0.901446	0.091146	0.00740806
Muller_E	923675	0.901456	0.0911378	0.00740619
Muller_E	924320	0.90148	0.091118	0.00740167
Muller_E	927795	0.901612	0.0910111	0.00737734
Muller_E	948021	0.902377	0.0903863	0.00723647
Muller_E	948230	0.902385	0.0903798	0.00723502
Muller_E	958531	0.902777	0.0900594	0.00716376
Muller_E	967701	0.903126	0.0897731	0.00710059
Muller_E	969142	0.903181	0.089728	0.00709068
Muller_E	1033237	0.90565	0.0876939	0.00665651
Muller_E	1120573	0.909081	0.0848338	0.00608502
Muller_E	1123171	0.909184	0.0847472	0.00606838
Muller_E	1146845	0.910129	0.0839534	0.00591768
Muller_E	1148492	0.910195	0.0838979	0.00590726
Muller_E	1168315	0.91099	0.0832271	0.0057825
Muller_E	1213395	0.912815	0.0816817	0.00550329
Muller_E	1262309	0.914819	0.0799737	0.00520747
Muller_E	1275111	0.915347	0.0795213	0.00513128
Muller_E	1275707	0.915372	0.0795002	0.00512775
Muller_E	1314313	0.916977	0.0781221	0.00490116
Muller_E	1318297	0.917143	0.0779787	0.00487804
Muller_E	1358440	0.91883	0.0765219	0.00464789
Muller_E	1358616	0.918838	0.0765155	0.0046469
Muller_E	1378824	0.919693	0.0757737	0.00453298
Muller_E	1480336	0.924057	0.0719626	0.00398034
Muller_E	1489232	0.924445	0.0716218	0.00393348
Muller_E	1645912	0.931411	0.0654391	0.00315007
Muller_E	1673398	0.93266	0.064319	0.00302089
Muller_E	1718642	0.934734	0.0624519	0.00281367
Muller_E	1746815	0.936037	0.0612747	0.00268806
Muller_E	1763447	0.93681	0.0605744	0.00261515
Muller_E	1765039	0.936885	0.0605072	0.00260822
Muller_E	1765159	0.93689	0.0605021	0.0026077
Muller_E	1765369	0.9369	0.0604932	0.00260678
Muller_E	1771226	0.937173	0.0602455	0.00258136
Muller_E	1799036	0.938475	0.0590627	0.00246223
Muller_E	1802542	0.93864	0.0589128	0.00244739
Muller_E	1802678	0.938646	0.058907	0.00244682
Muller_E	1803039	0.938663	0.0588916	0.00244529
Muller_E	1803347	0.938678	0.0588784	0.00244399
Muller_E	1805518	0.93878	0.0587855	0.00243483
Muller_E	1812938	0.939129	0.0584673	0.00240365
Muller_E	1813040	0.939134	0.0584629	0.00240322
Muller_E	1815234	0.939237	0.0583687	0.00239403
Muller_E	1815907	0.939269	0.0583398	0.00239122
Muller_E	1816383	0.939291	0.0583194	0.00238923
Muller_E	1831501	0.940006	0.057668	0.00232643
Muller_E	1850978	0.940929	0.056824	0.00224667
Muller_E	1851905	0.940973	0.0567837	0.0022429
Muller_E	1852166	0.940986	0.0567723	0.00224185
Muller_E	1857635	0.941246	0.0565342	0.0022197
Muller_E	1861157	0.941414	0.0563807	0.00220549
Muller_E	1861336	0.941422	0.0563729	0.00220477
Muller_E	1861880	0.941448	0.0563492	0.00220258
Muller_E	1866595	0.941673	0.0561433	0.00218364
Muller_E	1870209	0.941846	0.0559853	0.00216917
Muller_E	1871973	0.94193	0.0559081	0.00216212
Muller_E	1880064	0.942317	0.0555534	0.00212994
Muller_E	1889333	0.942761	0.055146	0.00209334
Muller_E	1891195	0.94285	0.055064	0.00208602
Muller_E	1894320	0.943	0.0549262	0.00207377
Muller_E	1900363	0.94329	0.0546595	0.00205017
Muller_E	1904375	0.943483	0.0544821	0.00203457
Muller_E	1915469	0.944018	0.0539904	0.00199172
Muller_E	1927060	0.944578	0.0534747	0.0019474
Muller_E	1932459	0.944839	0.0532339	0.00192691
Muller_E	1944351	0.945416	0.0527019	0.00188213
Muller_E	1946702	0.94553	0.0525965	0.00187334
Muller_E	1961660	0.946258	0.0519239	0.00181782
Muller_E	1975567	0.946937	0.0512957	0.0017669
Muller_E	2011856	0.94872	0.0496432	0.00163715
Muller_E	2013122	0.948782	0.0495852	0.00163271
Muller_E	2044597	0.95034	0.0481358	0.001524
Muller_E	2048236	0.950521	0.0479673	0.00151166
Muller_E	2048434	0.950531	0.0479581	0.00151099
Muller_E	2086567	0.952435	0.0461805	0.00138441
Muller_E	2103366	0.953279	0.0453906	0.00133027
Muller_E	2117584	0.953996	0.0447188	0.00128521
Muller_E	2126123	0.954428	0.0443139	0.00125849
Muller_E	2135792	0.954917	0.0438542	0.00122855
Muller_E	2140907	0.955177	0.0436104	0.00121284
Muller_E	2141169	0.95519	0.0435979	0.00121204
Muller_E	2142715	0.955269	0.0435241	0.00120731
Muller_E	2145389	0.955404	0.0433965	0.00119916
Muller_E	2146953	0.955484	0.0433217	0.0011944
Muller_E	2147057	0.955489	0.0433168	0.00119408
Muller_E	2201852	0.958291	0.040676	0.00103282
Muller_E	2204792	0.958443	0.040533	0.00102447
Muller_E	2219543	0.959203	0.0398138	0.000983042
Muller_E	2220290	0.959242	0.0397773	0.000980964
Muller_E	2241628	0.960347	0.038731	0.000922464
Muller_E	2243471	0.960442	0.0386403	0.000917488
Muller_E	2531559	0.975875	0.0238334	0.000291809
Muller_E	2693610	0.984979	0.0149444	7.61441e-05
Muller_E	2696554	0.985148	0.0147791	7.31571e-05
Muller_E	2706179	0.985699	0.0142378	6.36256e-05
Muller_E	2713009	0.98609	0.0138528	5.70798e-05
Muller_E	2716202	0.986273	0.0136725	5.40818e-05
Muller_E	2721440	0.986574	0.0133765	4.92494e-05
Muller_E	2735475	0.987382	0.0125812	3.68271e-05
Muller_E	2763120	0.98898	0.0110055	1.46057e-05
Muller_E	2777976	0.989842	0.0101538	3.89953e-06
Muller_E	2779619	0.994652	0.00534826	1.62189e-07
Muller_E	2787347	0.990169	0.00982903	2.20131e-06
Muller_E	2788916	0.990216	0.00978221	2.08725e-06
Muller_E	2795398	0.9948	0.00520018	1.29983e-07
Muller_E	2798296	0.990452	0.00954633	1.60584e-06
Muller_E	2799305	0.990467	0.00953161	1.60076e-06
Muller_E	2800245	0.990481	0.00951789	1.59597e-06
Muller_E	2800507	0.990484	0.00951406	1.59463e-06
Muller_E	2800780	0.990488	0.00951008	1.59323e-06
Muller_E	2800932	0.990491	0.00950786	1.59244e-06
Muller_E	2801158	0.990494	0.00950455	1.59128e-06
Muller_E	2805736	0.990561	0.0094376	1.56701e-06
Muller_E	2807233	0.990583	0.00941567	1.55883e-06
Muller_E	2807795	0.990591	0.00940743	1.55572e-06
Muller_E	2808363	0.990599	0.0093991	1.55257e-06
Muller_E	2809031	0.990609	0.00938931	1.54883e-06
Muller_E	2809272	0.990613	0.00938577	1.54748e-06
Muller_E	2809909	0.990622	0.00937642	1.54389e-06
Muller_E	2811470	0.990645	0.0093535	1.53499e-06
Muller_E	2811776	0.990649	0.00934901	1.53323e-06
Muller_E	2812117	0.990654	0.009344	1.53126e-06
Muller_E	2815676	0.990707	0.00929165	1.51035e-06
Muller_E	2816259	0.990715	0.00928307	1.50686e-06
Muller_E	2817070	0.990727	0.00927112	1.50198e-06
Muller_E	2817616	0.990735	0.00926307	1.49867e-06
Muller_E	2819402	0.990762	0.00923674	1.48773e-06
Muller_E	2820166	0.990773	0.00922547	1.483e-06
Muller_E	2820386	0.990776	0.00922222	1.48163e-06
Muller_E	2820775	0.990782	0.00921648	1.47921e-06
Muller_E	2821135	0.990787	0.00921116	1.47696e-06
Muller_E	2821440	0.990792	0.00920666	1.47505e-06
Muller_E	2826939	0.990873	0.00912533	1.43973e-06
Muller_E	2831172	0.990936	0.00906256	1.41148e-06
Muller_E	2831515	0.990941	0.00905747	1.40915e-06
Muller_E	2832336	0.990953	0.00904528	1.40355e-06
Muller_E	2833070	0.990964	0.00903437	1.39851e-06
Muller_E	2850717	0.991228	0.00877091	1.26938e-06
Muller_E	2853215	0.991265	0.00873341	1.24988e-06
Muller_E	2856496	0.991315	0.00868409	1.22382e-06
Muller_E	2856945	0.991321	0.00867733	1.22022e-06
Muller_E	2857481	0.99133	0.00866927	1.2159e-06
Muller_E	2858163	0.99134	0.008659	1.2104e-06
Muller_E	2859754	0.991364	0.00863503	1.19746e-06
Muller_E	2859987	0.991367	0.00863152	1.19555e-06
Muller_E	2862604	0.991407	0.00859204	1.17399e-06
Muller_E	2866488	0.991466	0.00853336	1.14143e-06
Muller_E	2867267	0.991477	0.00852157	1.13481e-06
Muller_E	2868557	0.991497	0.00850205	1.1238e-06
Muller_E	2870085	0.99152	0.0084789	1.11066e-06
Muller_E	2870623	0.991528	0.00847075	1.10601e-06
Muller_E	2876155	0.991612	0.00838677	1.05747e-06
Muller_E	2877151	0.991627	0.00837163	1.04859e-06
Muller_E	2886067	0.991763	0.0082357	9.67229e-07
Muller_E	2886534	0.99177	0.00822856	9.62877e-07
Muller_E	2887599	0.991787	0.00821228	9.52918e-07
Muller_E	2887882	0.991791	0.00820795	9.50264e-07
Muller_E	2888492	0.9918	0.00819862	9.44532e-07
Muller_E	2888607	0.991802	0.00819686	9.43449e-07
Muller_E	2890000	0.991824	0.00817554	9.30297e-07
Muller_E	2890387	0.991829	0.00816961	9.26629e-07
Muller_E	2890907	0.991837	0.00816165	9.21691e-07
Muller_E	2894764	0.991897	0.0081025	8.84728e-07
Muller_E	2899098	0.991963	0.0080359	8.42496e-07
Muller_E	2901481	0.992	0.00799922	8.18965e-07
Muller_E	2901643	0.992002	0.00799672	8.17358e-07
Muller_E	2902627	0.992018	0.00798156	8.07572e-07
Muller_E	2903432	0.99203	0.00796915	7.99539e-07
Muller_E	2904998	0.992054	0.007945	7.83842e-07
Muller_E	2905994	0.99207	0.00792962	7.73811e-07
Muller_E	2907134	0.992087	0.00791202	7.62284e-07
Muller_E	2908511	0.992109	0.00789074	7.48297e-07
Muller_E	2909452	0.992123	0.00787619	7.38698e-07
Muller_E	2910160	0.992134	0.00786524	7.31455e-07
Muller_E	2911022	0.992147	0.0078519	7.22611e-07
Muller_E	2911252	0.992151	0.00784834	7.20247e-07
Muller_E	2911992	0.992162	0.00783688	7.12627e-07
Muller_E	2914672	0.992204	0.00779534	6.84867e-07
Muller_E	2915489	0.992217	0.00778267	6.76353e-07
Muller_E	2918585	0.995777	0.0042228	5.6909e-08
Muller_E	2919015	0.992267	0.00773195	6.47413e-07
Muller_E	2919728	0.992272	0.00772757	6.53255e-07
Muller_E	2919971	0.992273	0.00772607	6.5524e-07
Muller_E	2921506	0.992283	0.0077166	6.677e-07
Muller_E	2922564	0.992289	0.00771007	6.76212e-07
Muller_E	2922707	0.99229	0.00770919	6.77358e-07
Muller_E	2924226	0.9923	0.00769979	6.89458e-07
Muller_E	2925108	0.992305	0.00769432	6.96426e-07
Muller_E	2925552	0.992308	0.00769157	6.99917e-07
Muller_E	2928855	0.992328	0.00767103	7.25545e-07
Muller_E	2930674	0.99234	0.00765969	7.39402e-07
Muller_E	2931258	0.992343	0.00765604	7.43812e-07
Muller_E	2931592	0.992345	0.00765395	7.46326e-07
Muller_E	2931798	0.992347	0.00765266	7.47874e-07
Muller_E	2932326	0.99235	0.00764936	7.51829e-07
Muller_E	2945623	0.992434	0.00756545	8.46434e-07
Muller_E	2945753	0.992435	0.00756462	8.47312e-07
Muller_E	2945878	0.992435	0.00756383	8.48155e-07
Muller_E	2946001	0.992436	0.00756304	8.48984e-07
Muller_E	2955783	0.992499	0.00750039	9.12298e-07
Muller_E	2957997	0.992513	0.0074861	9.25921e-07
Muller_E	2959282	0.992521	0.00747779	9.33709e-07
Muller_E	2959697	0.992524	0.00747511	9.36206e-07
Muller_E	2959819	0.992525	0.00747432	9.36938e-07
Muller_E	2960759	0.992531	0.00746823	9.42553e-07
Muller_E	2961667	0.992537	0.00746234	9.47933e-07
Muller_E	2961801	0.992538	0.00746147	9.48723e-07
Muller_E	2963254	0.992547	0.00745203	9.57232e-07
Muller_E	2963568	0.992549	0.00744998	9.59056e-07
Muller_E	2975263	0.992626	0.00737336	1.02334e-06
Muller_E	2976725	0.992635	0.0073637	1.03088e-06
Muller_E	2977784	0.992642	0.0073567	1.03627e-06
Muller_E	2982473	0.992673	0.00732558	1.05945e-06
Muller_E	2984283	0.992685	0.00731352	1.0681e-06
Muller_E	2985483	0.992693	0.00730551	1.07375e-06
Muller_E	2985658	0.992695	0.00730434	1.07456e-06
Muller_E	2985908	0.992696	0.00730267	1.07573e-06
Muller_E	2987685	0.992708	0.00729078	1.08391e-06
Muller_E	2992894	0.992743	0.00725579	1.10698e-06
Muller_E	2993313	0.992746	0.00725296	1.10878e-06
Muller_E	2993798	0.992749	0.00724969	1.11085e-06
Muller_E	2994137	0.992751	0.00724741	1.11229e-06
Muller_E	2994487	0.992754	0.00724504	1.11377e-06
Muller_E	2994615	0.992755	0.00724418	1.11431e-06
Muller_E	2995123	0.992758	0.00724075	1.11644e-06
Muller_E	2995701	0.992762	0.00723684	1.11885e-06
Muller_E	2996048	0.992764	0.0072345	1.12029e-06
Muller_E	2996738	0.992769	0.00722983	1.12314e-06
Muller_E	2996880	0.99277	0.00722887	1.12372e-06
Muller_E	2997113	0.992772	0.00722729	1.12468e-06
Muller_E	2999116	0.992785	0.00721371	1.13276e-06
Muller_E	2999459	0.992787	0.00721138	1.13413e-06
Muller_E	3001420	0.992801	0.00719805	1.14182e-06
Muller_E	3001578	0.992802	0.00719697	1.14244e-06
Muller_E	3001696	0.992803	0.00719617	1.14289e-06
Muller_E	3002579	0.992809	0.00719016	1.14628e-06
Muller_E	3003095	0.992812	0.00718664	1.14824e-06
Muller_E	3003540	0.992815	0.0071836	1.14993e-06
Muller_E	3004120	0.992819	0.00717964	1.15211e-06
Muller_E	3005221	0.992827	0.00717212	1.1562e-06
Muller_E	3007967	0.992846	0.00715332	1.16614e-06
Muller_E	3012773	0.992879	0.00712027	1.18265e-06
Muller_E	3013331	0.992882	0.00711642	1.1845e-06
Muller_E	3013618	0.992884	0.00711444	1.18544e-06
Muller_E	3014080	0.992888	0.00711125	1.18695e-06
Muller_E	3014783	0.992892	0.00710639	1.18923e-06
Muller_E	3016296	0.992903	0.00709592	1.19405e-06
Muller_E	3017214	0.992909	0.00708956	1.19692e-06
Muller_E	3018320	0.992917	0.00708189	1.20033e-06
Muller_E	3018982	0.992922	0.0070773	1.20234e-06
Muller_E	3019303	0.992924	0.00707507	1.2033e-06
Muller_E	3019831	0.992927	0.0070714	1.20488e-06
Muller_E	3021834	0.992941	0.00705746	1.21076e-06
Muller_E	3021944	0.992942	0.00705669	1.21108e-06
Muller_E	3023127	0.99295	0.00704844	1.21445e-06
Muller_E	3024474	0.99296	0.00703903	1.21821e-06
Muller_E	3024813	0.992962	0.00703666	1.21914e-06
Muller_E	3029421	0.992994	0.00700436	1.23128e-06
Muller_E	3029834	0.992997	0.00700146	1.23232e-06
Muller_E	3030101	0.992999	0.00699958	1.23299e-06
Muller_E	3033200	0.993021	0.00697774	1.24049e-06
Muller_E	3033901	0.993026	0.00697279	1.24212e-06
Muller_E	3034073	0.993027	0.00697158	1.24252e-06
Muller_E	3036032	0.993041	0.00695772	1.24695e-06
Muller_E	3038305	0.993057	0.0069416	1.25187e-06
Muller_E	3041816	0.993082	0.00691663	1.259e-06
Muller_E	3044683	0.993103	0.00689616	1.2644e-06
Muller_E	3046757	0.993117	0.00688132	1.26807e-06
Muller_E	3046887	0.993118	0.00688039	1.2683e-06
Muller_E	3047900	0.993126	0.00687312	1.27001e-06
Muller_E	3048135	0.993127	0.00687144	1.27041e-06
Muller_E	3050664	0.993145	0.00685326	1.27446e-06
Muller_E	3051698	0.993153	0.00684581	1.27604e-06
Muller_E	3051968	0.993155	0.00684387	1.27644e-06
Muller_E	3052635	0.99316	0.00683906	1.27742e-06
Muller_E	3053197	0.993164	0.006835	1.27824e-06
Muller_E	3056428	0.993187	0.00681164	1.28263e-06
Muller_E	3056712	0.993189	0.00680958	1.28299e-06
Muller_E	3058398	0.993201	0.00679736	1.28508e-06
Muller_E	3059687	0.993211	0.00678799	1.28659e-06
Muller_E	3061511	0.993224	0.00677472	1.2886e-06
Muller_E	3062406	0.993231	0.0067682	1.28953e-06
Muller_E	3062537	0.993231	0.00676724	1.28967e-06
Muller_E	3100018	0.99351	0.00648835	1.29756e-06
Muller_E	3100718	0.993516	0.00648303	1.29715e-06
Muller_E	3112367	0.993605	0.00639401	1.28739e-06
Muller_E	3112987	0.993609	0.00638924	1.28672e-06
Muller_E	3113420	0.993613	0.00638591	1.28624e-06
Muller_E	3116107	0.993634	0.0063652	1.28312e-06
Muller_E	3119432	0.993659	0.00633949	1.27885e-06
Muller_E	3119714	0.993661	0.00633731	1.27847e-06
Muller_E	3120862	0.99367	0.00632841	1.27688e-06
Muller_E	3122265	0.993681	0.00631752	1.27488e-06
Muller_E	3123364	0.99369	0.00630898	1.27325e-06
Muller_E	3124138	0.993696	0.00630296	1.27208e-06
Muller_E	3127464	0.993722	0.00627703	1.26678e-06
Muller_E	3128767	0.993732	0.00626685	1.26459e-06
Muller_E	3128895	0.993733	0.00626585	1.26437e-06
Muller_E	3129611	0.993738	0.00626024	1.26314e-06
Muller_E	3129743	0.99374	0.00625921	1.26291e-06
Muller_E	3130171	0.993743	0.00625586	1.26216e-06
Muller_E	3131529	0.993754	0.00624522	1.25973e-06
Muller_E	3137674	0.993802	0.00619688	1.24789e-06
Muller_E	3139976	0.99382	0.0061787	1.24309e-06
Muller_E	3143168	0.993845	0.00615341	1.23611e-06
Muller_E	3169152	0.994054	0.00594456	1.1657e-06
Muller_E	3170575	0.994066	0.00593297	1.16116e-06
Muller_E	3173857	0.994093	0.00590617	1.15043e-06
Muller_E	3192801	0.994249	0.00574979	1.08154e-06
Muller_E	3194086	0.99426	0.00573908	1.07644e-06
Muller_E	3194230	0.994261	0.00573788	1.07587e-06
Muller_E	3207603	0.994373	0.00562561	1.01974e-06
Muller_E	3207708	0.994374	0.00562473	1.01928e-06
Muller_E	3208070	0.994377	0.00562167	1.01768e-06
Muller_E	3208369	0.99438	0.00561914	1.01636e-06
Muller_E	3208507	0.994381	0.00561797	1.01575e-06
Muller_E	3208706	0.994383	0.00561629	1.01486e-06
Muller_E	3210124	0.994395	0.00560429	1.00854e-06
Muller_E	3211254	0.994404	0.00559471	1.00346e-06
Muller_E	3212088	0.994411	0.00558764	9.99689e-07
Muller_E	3216063	0.994445	0.00555385	9.81419e-07
Muller_E	3216461	0.994449	0.00555046	9.79564e-07
Muller_E	3217109	0.994454	0.00554494	9.76534e-07
Muller_E	3217441	0.994457	0.00554211	9.74976e-07
Muller_E	3217706	0.994459	0.00553985	9.73731e-07
Muller_E	3217825	0.99446	0.00553883	9.73171e-07
Muller_E	3218354	0.994465	0.00553432	9.70677e-07
Muller_E	3219292	0.994473	0.00552631	9.66235e-07
Muller_E	3219763	0.994477	0.00552229	9.63995e-07
Muller_E	3221459	0.994491	0.00550778	9.55876e-07
Muller_E	3222112	0.994497	0.00550219	9.52727e-07
Muller_E	3223012	0.994505	0.00549448	9.48368e-07
Muller_E	3223549	0.994509	0.00548988	9.45756e-07
Muller_E	3224815	0.99452	0.00547901	9.39565e-07
Muller_E	3226800	0.994537	0.00546195	9.29766e-07
Muller_E	3229718	0.994562	0.00543682	9.1516e-07
Muller_E	3240322	0.994654	0.0053449	8.60096e-07
Muller_E	3240918	0.994659	0.00533971	8.5691e-07
Muller_E	3241273	0.994663	0.00533662	8.55008e-07
Muller_E	3247835	0.99472	0.00527924	8.19248e-07
Muller_E	3251442	0.994752	0.00524755	7.99112e-07
Muller_E	3252203	0.994758	0.00524085	7.9482e-07
Muller_E	3254014	0.994774	0.00522489	7.84549e-07
Muller_E	3254518	0.994779	0.00522045	7.81676e-07
Muller_E	3255141	0.994784	0.00521495	7.78115e-07
Muller_E	3255365	0.994786	0.00521297	7.76832e-07
Muller_E	3259142	0.99482	0.00517956	7.55015e-07
Muller_E	3259935	0.994827	0.00517253	7.50389e-07
Muller_E	3262497	0.994849	0.00514979	7.35338e-07
Muller_E	3263708	0.99486	0.00513902	7.28168e-07
Muller_E	3264644	0.994869	0.00513069	7.22601e-07
Muller_E	3266132	0.994882	0.00511743	7.13708e-07
Muller_E	3266579	0.994886	0.00511344	7.11026e-07
Muller_E	3266806	0.994888	0.00511142	7.09662e-07
Muller_E	3269029	0.994908	0.00509156	6.96242e-07
Muller_E	3271700	0.994932	0.00506766	6.79961e-07
Muller_E	3271881	0.994933	0.00506603	6.78851e-07
Muller_E	3273894	0.994951	0.00504797	6.66462e-07
Muller_E	3275081	0.994962	0.00503731	6.59112e-07
Muller_E	3275989	0.99497	0.00502915	6.53468e-07
Muller_E	3278049	0.994989	0.0050106	6.40593e-07
Muller_E	3280894	0.995014	0.00498493	6.22652e-07
Muller_E	3282107	0.995025	0.00497396	6.14947e-07
Muller_E	3282973	0.995033	0.00496612	6.09427e-07
Muller_E	3284532	0.995047	0.004952	5.99446e-07
Muller_E	3291321	0.995109	0.00489028	5.55363e-07
Muller_E	3291878	0.995114	0.0048852	5.51702e-07
Muller_E	3293351	0.995128	0.00487175	5.41989e-07
Muller_E	3293759	0.995131	0.00486803	5.39291e-07
Muller_E	3304917	0.995234	0.00476556	4.64161e-07
Muller_E	3306663	0.99525	0.00474944	4.52177e-07
Muller_E	3306880	0.995252	0.00474743	4.50684e-07
Muller_E	3310127	0.995282	0.00471738	4.28226e-07
Muller_E	3312301	0.995302	0.00469721	4.13076e-07
Muller_E	3312718	0.995306	0.00469333	4.1016e-07
Muller_E	3318766	0.997514	0.00248627	2.57983e-08
Muller_E	3323588	0.995376	0.00462366	3.93963e-07
Muller_E	3324201	0.995378	0.00462195	3.97275e-07
Muller_E	3324656	0.995379	0.00462068	3.99726e-07
Muller_E	3325091	0.99538	0.00461946	4.02062e-07
Muller_E	3326084	0.995383	0.00461668	4.07374e-07
Muller_E	3326190	0.995383	0.00461638	4.07939e-07
Muller_E	3330218	0.995395	0.00460501	4.29155e-07
Muller_E	3334866	0.995408	0.00459173	4.53004e-07
Muller_E	3337545	0.995416	0.004584	4.66444e-07
Muller_E	3340268	0.995423	0.00457608	4.79877e-07
Muller_E	3340480	0.995424	0.00457546	4.80913e-07
Muller_E	3410593	0.995648	0.004351	7.49395e-07
Muller_E	3431230	0.995722	0.00427744	8.01357e-07
Muller_E	3437416	0.995744	0.00425472	8.14648e-07
Muller_E	3456916	0.995818	0.00418111	8.49815e-07
Muller_E	3457694	0.995821	0.00417811	8.5101e-07
Muller_E	3459001	0.995826	0.00417306	8.52981e-07
Muller_E	3462300	0.995839	0.00416025	8.57757e-07
Muller_E	3464519	0.995848	0.00415159	8.60812e-07
Muller_E	3464673	0.995848	0.00415098	8.61019e-07
Muller_E	3477602	0.995899	0.00409969	8.76254e-07
Muller_E	3525631	0.996102	0.00389743	8.96846e-07
Muller_E	3546828	0.996197	0.00380227	8.88923e-07
Muller_E	3557059	0.996244	0.00375506	8.81599e-07
Muller_E	3566467	0.996288	0.0037109	8.72924e-07
Muller_E	3572057	0.996315	0.00368432	8.66908e-07
Muller_E	3572168	0.996315	0.00368379	8.66782e-07
Muller_E	3579272	0.996349	0.00364965	8.58216e-07
Muller_E	3579502	0.996351	0.00364854	8.57922e-07
Muller_E	3582419	0.996365	0.0036344	8.54102e-07
Muller_E	3590131	0.996402	0.00359668	8.43206e-07
Muller_E	3605233	0.996478	0.00352144	8.18609e-07
Muller_E	3610748	0.996506	0.0034935	8.08584e-07
Muller_E	3611776	0.996511	0.00348827	8.06655e-07
Muller_E	3615071	0.996528	0.00347144	8.00346e-07
Muller_E	3617701	0.996541	0.00345794	7.95174e-07
Muller_E	3617818	0.996542	0.00345734	7.94941e-07
Muller_E	3617948	0.996543	0.00345667	7.94682e-07
Muller_E	3623404	0.996571	0.00342847	7.83546e-07
Muller_E	3630035	0.996605	0.00339389	7.69331e-07
Muller_E	3631532	0.996613	0.00338603	7.6602e-07
Muller_E	3634067	0.996627	0.00337269	7.60329e-07
Muller_E	3642157	0.99667	0.00332975	7.4147e-07
Muller_E	3643438	0.996676	0.00332291	7.38388e-07
Muller_E	3645674	0.996688	0.00331092	7.32946e-07
Muller_E	3652519	0.996725	0.00327399	7.15806e-07
Muller_E	3655257	0.99674	0.00325911	7.0875e-07
Muller_E	3657953	0.996755	0.0032444	7.01693e-07
Muller_E	3660200	0.996767	0.0032321	6.95728e-07
Muller_E	3665461	0.996796	0.00320313	6.81476e-07
Muller_E	3670065	0.996822	0.0031776	6.68679e-07
Muller_E	3757777	0.997341	0.00265859	3.761e-07
Muller_E	3766114	0.997394	0.00260603	3.44433e-07
Muller_E	3770199	0.99742	0.00258007	3.28736e-07
Muller_E	3771242	0.997426	0.00257342	3.2471e-07
Muller_E	3775369	0.997453	0.00254703	3.08709e-07
Muller_E	3781958	0.997495	0.0025046	2.82941e-07
Muller_E	3788305	0.997536	0.0024634	2.57881e-07
Muller_E	3788531	0.997538	0.00246193	2.56985e-07
Muller_E	3788717	0.997539	0.00246072	2.56247e-07
Muller_E	3791492	0.997557	0.00244259	2.45216e-07
Muller_E	3791929	0.998631	0.00136903	2.95108e-08
Muller_E	3794089	0.997565	0.00243512	2.46657e-07
Muller_E	3798034	0.997573	0.00242658	2.52279e-07
Muller_E	3805877	0.99759	0.00240925	2.62737e-07
Muller_E	3808116	0.997596	0.00240421	2.65549e-07
Muller_E	3837593	0.997666	0.0023341	2.95532e-07
Muller_E	3889492	0.997806	0.00219367	3.18328e-07
Muller_E	3892070	0.997814	0.00218612	3.18527e-07
Muller_E	3892768	0.997816	0.00218407	3.18566e-07
Muller_E	3893846	0.997819	0.0021809	3.18614e-07
Muller_E	3895236	0.997823	0.00217679	3.18655e-07
Muller_E	3896701	0.997827	0.00217244	3.18672e-07
Muller_E	3964144	0.998046	0.0019536	2.9237e-07
Muller_E	3964249	0.998046	0.00195324	2.92291e-07
Muller_E	3964701	0.998048	0.00195164	2.91949e-07
Muller_E	3965335	0.99805	0.00194941	2.91467e-07
Muller_E	3965537	0.998051	0.0019487	2.91312e-07
Muller_E	3971184	0.998071	0.00192865	2.86832e-07
Muller_E	4005791	0.9982	0.00180015	2.53038e-07
Muller_E	4007537	0.998206	0.00179342	2.51065e-07
Muller_E	4008073	0.998208	0.00179134	2.50454e-07
Muller_E	4008732	0.998211	0.00178879	2.497e-07
Muller_E	4009275	0.998213	0.00178668	2.49076e-07
Muller_E	4009794	0.998215	0.00178467	2.48478e-07
Muller_E	4010462	0.998218	0.00178207	2.47705e-07
Muller_E	4011246	0.998221	0.00177902	2.46793e-07
Muller_E	4011350	0.998221	0.00177861	2.46671e-07
Muller_E	4011743	0.998223	0.00177708	2.46212e-07
Muller_E	4012926	0.998227	0.00177246	2.44823e-07
Muller_E	4015010	0.998235	0.0017643	2.42349e-07
Muller_E	4015956	0.998239	0.00176058	2.41216e-07
Muller_E	4016731	0.998242	0.00175753	2.40282e-07
Muller_E	4017133	0.998244	0.00175594	2.39796e-07
Muller_E	4017640	0.998246	0.00175394	2.39181e-07
Muller_E	4021078	0.998259	0.00174032	2.34962e-07
Muller_E	4021876	0.998263	0.00173714	2.33971e-07
Muller_E	4022513	0.998265	0.0017346	2.33176e-07
Muller_E	4022928	0.998267	0.00173295	2.32657e-07
Muller_E	4024532	0.998273	0.00172654	2.30638e-07
Muller_E	4024639	0.998274	0.00172611	2.30502e-07
Muller_E	4025270	0.998276	0.00172358	2.29703e-07
Muller_E	4027169	0.998284	0.00171595	2.27279e-07
Muller_E	4027437	0.998285	0.00171487	2.26935e-07
Muller_E	4027764	0.998286	0.00171356	2.26515e-07
Muller_E	4029270	0.998292	0.00170748	2.24569e-07
Muller_E	4032202	0.998304	0.00169559	2.20736e-07
Muller_E	4032327	0.998305	0.00169508	2.20572e-07
Muller_E	4033521	0.99831	0.00169022	2.18993e-07
Muller_E	4033797	0.998311	0.0016891	2.18627e-07
Muller_E	4036360	0.998321	0.00167862	2.15203e-07
Muller_E	4037138	0.998324	0.00167543	2.14155e-07
Muller_E	4037610	0.998326	0.00167349	2.13517e-07
Muller_E	4040496	0.998338	0.00166159	2.09587e-07
Muller_E	4040949	0.99834	0.00165972	2.08965e-07
Muller_E	4045900	0.998361	0.00163914	2.02088e-07
Muller_E	4046078	0.998361	0.0016384	2.01838e-07
Muller_E	4046843	0.998365	0.0016352	2.00762e-07
Muller_E	4047581	0.998368	0.00163211	1.9972e-07
Muller_E	4048275	0.998371	0.0016292	1.98737e-07
Muller_E	4048700	0.998372	0.00162742	1.98134e-07
Muller_E	4053592	0.998393	0.00160678	1.91115e-07
Muller_E	4056223	0.998404	0.0015956	1.87284e-07
Muller_E	4056545	0.998406	0.00159423	1.86812e-07
Muller_E	4056951	0.998407	0.0015925	1.86217e-07
Muller_E	4057601	0.99841	0.00158972	1.85262e-07
Muller_E	4057720	0.998411	0.00158922	1.85087e-07
Muller_E	4058043	0.998412	0.00158784	1.84611e-07
Muller_E	4058149	0.998412	0.00158738	1.84455e-07
Muller_E	4058704	0.998415	0.00158501	1.83636e-07
Muller_E	4059417	0.998418	0.00158196	1.82582e-07
Muller_E	4059965	0.99842	0.00157961	1.8177e-07
Muller_E	4061381	0.998426	0.00157352	1.79664e-07
Muller_E	4061745	0.998428	0.00157196	1.79121e-07
Muller_E	4062020	0.998429	0.00157077	1.7871e-07
Muller_E	4062507	0.998431	0.00156867	1.77982e-07
Muller_E	4062941	0.998433	0.0015668	1.77332e-07
Muller_E	4064035	0.998438	0.00156208	1.75689e-07
Muller_E	4064680	0.998441	0.00155929	1.74717e-07
Muller_E	4064829	0.998441	0.00155864	1.74493e-07
Muller_E	4065474	0.998444	0.00155585	1.73519e-07
Muller_E	4065574	0.998444	0.00155542	1.73367e-07
Muller_E	4066028	0.998446	0.00155345	1.7268e-07
Muller_E	4067541	0.998453	0.00154687	1.70383e-07
Muller_E	4067967	0.998455	0.00154502	1.69734e-07
Muller_E	4068535	0.998457	0.00154255	1.68868e-07
Muller_E	4069245	0.99846	0.00153945	1.67783e-07
Muller_E	4070105	0.998464	0.00153569	1.66465e-07
Muller_E	4071088	0.998468	0.00153139	1.64954e-07
Muller_E	4071641	0.998471	0.00152897	1.64103e-07
Muller_E	4072126	0.998473	0.00152684	1.63354e-07
Muller_E	4072768	0.998476	0.00152402	1.62362e-07
Muller_E	4072973	0.998477	0.00152312	1.62045e-07
Muller_E	4073359	0.998478	0.00152142	1.61447e-07
Muller_E	4075135	0.998486	0.0015136	1.58688e-07
Muller_E	4075254	0.998487	0.00151307	1.58503e-07
Muller_E	4076053	0.99849	0.00150955	1.57256e-07
Muller_E	4077160	0.998495	0.00150465	1.55525e-07
Muller_E	4078165	0.9985	0.00150019	1.53948e-07
Muller_E	4078690	0.998502	0.00149786	1.53123e-07
Muller_E	4078900	0.998503	0.00149693	1.52793e-07
Muller_E	4079010	0.998503	0.00149644	1.52619e-07
Muller_E	4079297	0.998505	0.00149517	1.52167e-07
Muller_E	4081728	0.998516	0.00148433	1.48324e-07
Muller_E	4082079	0.998517	0.00148277	1.47767e-07
Muller_E	4083988	0.998526	0.00147422	1.4473e-07
Muller_E	4085715	0.998533	0.00146647	1.41969e-07
Muller_E	4089306	0.99855	0.00145026	1.36191e-07
Muller_E	4089803	0.998552	0.00144801	1.35388e-07
Muller_E	4092778	0.998565	0.0014345	1.3056e-07
Muller_E	4092894	0.998566	0.00143397	1.30371e-07
Muller_E	4098915	0.998593	0.00140639	1.20503e-07
Muller_E	4109650	0.998643	0.0013565	1.02632e-07
Muller_E	4113217	0.99866	0.00133971	9.66251e-08
Muller_E	4113538	0.998662	0.0013382	9.6083e-08
Muller_E	4114422	0.998666	0.00133402	9.45888e-08
Muller_E	4114803	0.998668	0.00133222	9.39443e-08
Muller_E	4115118	0.998669	0.00133072	9.34112e-08
Muller_E	4116856	0.998677	0.00132248	9.04656e-08
Muller_E	4117074	0.998678	0.00132145	9.00957e-08
Muller_E	4117473	0.99868	0.00131955	8.94183e-08
Muller_E	4118970	0.998687	0.00131242	8.6874e-08
Muller_E	4121851	0.998701	0.00129866	8.19648e-08
Muller_E	4122071	0.998702	0.0012976	8.15893e-08
Muller_E	4122393	0.998704	0.00129606	8.10395e-08
Muller_E	4122818	0.998706	0.00129402	8.03135e-08
Muller_E	4124318	0.998713	0.00128682	7.77486e-08
Muller_E	4124418	0.998714	0.00128634	7.75775e-08
Muller_E	4126492	0.998724	0.00127634	7.40245e-08
Muller_E	4127527	0.998729	0.00127134	7.22488e-08
Muller_E	4127720	0.99873	0.00127041	7.19175e-08
Muller_E	4128101	0.998731	0.00126856	7.12633e-08
Muller_E	4128234	0.998732	0.00126792	7.10349e-08
Muller_E	4130334	0.998742	0.00125773	6.74249e-08
Muller_E	4132221	0.998751	0.00124855	6.41758e-08
Muller_E	4134741	0.998764	0.00123624	5.983e-08
Muller_E	4134982	0.998765	0.00123507	5.9414e-08
Muller_E	4136547	0.998773	0.00122739	5.6711e-08
Muller_E	4140224	0.998791	0.00120929	5.03511e-08
Muller_E	4140902	0.998794	0.00120594	4.91772e-08
Muller_E	4141485	0.998797	0.00120306	4.81674e-08
Muller_E	4143836	0.998809	0.0011914	4.40933e-08
Muller_E	4144350	0.998811	0.00118884	4.32021e-08
Muller_E	4144848	0.998814	0.00118637	4.23385e-08
Muller_E	4150850	0.998844	0.00115636	3.19228e-08
Muller_E	4151927	0.999387	0.000612706	1.92835e-09
Muller_E	4154621	0.998853	0.00114659	3.11617e-08
Muller_E	4159745	0.998862	0.00113816	3.31139e-08
Muller_E	4159958	0.998862	0.0011378	3.31906e-08
Muller_E	4160923	0.998864	0.00113619	3.35339e-08
Muller_E	4161787	0.998865	0.00113473	3.38351e-08
Muller_E	4162162	0.998866	0.0011341	3.3964e-08
Muller_E	4163984	0.998869	0.00113102	3.45752e-08
Muller_E	4164218	0.998869	0.00113062	3.46518e-08
Muller_E	4164859	0.99887	0.00112952	3.48596e-08
Muller_E	4165033	0.998871	0.00112923	3.49155e-08
Muller_E	4165157	0.998871	0.00112902	3.49551e-08
Muller_E	4165383	0.998871	0.00112863	3.50272e-08
Muller_E	4165808	0.998872	0.0011279	3.51615e-08
Muller_E	4165958	0.998872	0.00112764	3.52086e-08
Muller_E	4166062	0.998873	0.00112746	3.52411e-08
Muller_E	4166243	0.998873	0.00112715	3.52976e-08
Muller_E	4166628	0.998873	0.00112649	3.54168e-08
Muller_E	4168755	0.998877	0.00112281	3.60554e-08
Muller_E	4172546	0.998884	0.00111615	3.71088e-08
Muller_E	4172827	0.998884	0.00111566	3.71826e-08
Muller_E	4173860	0.998886	0.00111382	3.74488e-08
Muller_E	4176100	0.99889	0.00110981	3.79988e-08
Muller_E	4176326	0.998891	0.0011094	3.80523e-08
Muller_E	4176826	0.998891	0.0011085	3.81691e-08
Muller_E	4177022	0.998892	0.00110815	3.82144e-08
Muller_E	4178339	0.998894	0.00110576	3.85115e-08
Muller_E	4178608	0.998895	0.00110527	3.85706e-08
Muller_E	4179326	0.998896	0.00110397	3.87258e-08
Muller_E	4180712	0.998899	0.00110143	3.90147e-08
Muller_E	4180966	0.998899	0.00110096	3.90661e-08
Muller_E	4184926	0.998906	0.00109362	3.98072e-08
Muller_E	4185178	0.998907	0.00109315	3.98505e-08
Muller_E	4185319	0.998907	0.00109288	3.98745e-08
Muller_E	4185532	0.998907	0.00109248	3.99106e-08
Muller_E	4187632	0.998911	0.00108853	4.02485e-08
Muller_E	4188227	0.998913	0.0010874	4.03385e-08
Muller_E	4188670	0.998913	0.00108656	4.04039e-08
Muller_E	4192621	0.998921	0.00107899	4.09256e-08
Muller_E	4193546	0.998923	0.0010772	4.10318e-08
Muller_E	4194407	0.998924	0.00107552	4.11253e-08
Muller_E	4195783	0.998927	0.00107284	4.1264e-08
Muller_E	4196010	0.998928	0.00107239	4.12856e-08
Muller_E	4197440	0.99893	0.00106958	4.14136e-08
Muller_E	4198223	0.998932	0.00106803	4.14776e-08
Muller_E	4199021	0.998934	0.00106645	4.15386e-08
Muller_E	4199203	0.998934	0.00106609	4.15519e-08
Muller_E	4199424	0.998934	0.00106565	4.15677e-08
Muller_E	4199639	0.998935	0.00106523	4.15828e-08
Muller_E	4199983	0.998935	0.00106454	4.16062e-08
Muller_E	4203293	0.998942	0.0010579	4.17908e-08
Muller_E	4205814	0.998947	0.00105279	4.18816e-08
Muller_E	4206134	0.998948	0.00105214	4.189e-08
Muller_E	4207588	0.998951	0.00104916	4.19199e-08
Muller_E	4210680	0.998957	0.00104277	4.19366e-08
Muller_E	4210928	0.998958	0.00104226	4.19352e-08
Muller_E	4211312	0.998959	0.00104146	4.19323e-08
Muller_E	4211755	0.998959	0.00104053	4.19277e-08
Muller_E	4213444	0.998963	0.001037	4.18983e-08
Muller_E	4216650	0.99897	0.00103022	4.17916e-08
Muller_E	4217058	0.998971	0.00102935	4.17733e-08
Muller_E	4217453	0.998971	0.00102851	4.17545e-08
Muller_E	4217565	0.998972	0.00102827	4.1749e-08
Muller_E	4217669	0.998972	0.00102805	4.17438e-08
Muller_E	4217825	0.998972	0.00102772	4.17359e-08
Muller_E	4218923	0.998975	0.00102536	4.16758e-08
Muller_E	4225215	0.998988	0.00101171	4.11847e-08
Muller_E	4232774	0.999005	0.000994881	4.02705e-08
Muller_E	4235298	0.999011	0.000989159	3.98883e-08
Muller_E	4245993	0.999036	0.000964342	3.78548e-08
Muller_E	4252835	0.999052	0.000947981	3.62141e-08
Muller_E	4253725	0.999054	0.000945825	3.59818e-08
Muller_E	4256197	0.99906	0.000939803	3.53141e-08
Muller_E	4261234	0.999073	0.00092738	3.38533e-08
Muller_E	4262892	0.999077	0.000923245	3.33436e-08
Muller_E	4263238	0.999078	0.00092238	3.32354e-08
Muller_E	4263588	0.999078	0.000921503	3.31254e-08
Muller_E	4264621	0.999081	0.000918911	3.2797e-08
Muller_E	4266950	0.999087	0.000913033	3.20367e-08
Muller_E	4267529	0.999088	0.000911565	3.18434e-08
Muller_E	4276223	0.999111	0.000889198	2.87442e-08
Muller_E	4311688	0.999208	0.000791625	1.26359e-08
Muller_E	4311965	0.999209	0.000790823	1.24906e-08
Muller_E	4312254	0.99921	0.000789985	1.23388e-08
Muller_E	4312510	0.999582	0.000418474	7.33122e-10
Muller_E	4334492	0.999221	0.000778848	2.22868e-08
Muller_E	4352032	0.999232	0.000767753	2.86263e-08
Muller_E	4353438	0.999233	0.000766756	2.90702e-08
Muller_E	4356857	0.999236	0.000764264	3.01105e-08
Muller_E	4360054	0.999238	0.000761849	3.10331e-08
Muller_E	4374783	0.99925	0.000749656	3.46669e-08
Muller_E	4374946	0.99925	0.000749511	3.47015e-08
Muller_E	4381350	0.999256	0.000743654	3.59663e-08
Muller_E	4558836	0.999551	0.00044937	1.24885e-08
Muller_E	4562012	0.999558	0.000441783	1.13983e-08
Muller_E	4564083	0.999563	0.000436792	1.06829e-08
Muller_E	4564194	0.999563	0.000436524	1.06444e-08
Muller_E	4568491	0.999574	0.000426053	9.14964e-09
Muller_E	4569115	0.999575	0.00042452	8.93155e-09
Muller_E	4569749	0.999577	0.00042296	8.70972e-09
Muller_E	4570340	0.999578	0.000421502	8.50272e-09
Muller_E	4571890	0.999582	0.000417665	7.9589e-09
Muller_E	4572624	0.999584	0.000415841	7.70093e-09
Muller_E	4573491	0.999586	0.000413682	7.39586e-09
Muller_E	4573809	0.999587	0.000412888	7.28387e-09
Muller_E	4577361	0.999596	0.000403967	6.03002e-09
Muller_E	4577462	0.999596	0.000403712	5.99429e-09
Muller_E	4578308	0.999598	0.000401571	5.6949e-09
Muller_E	4580664	0.999604	0.00039558	4.85995e-09
Muller_E	4580954	0.999605	0.000394839	4.75707e-09
Muller_E	4581769	0.999607	0.000392754	4.46783e-09
Muller_E	4581909	0.999608	0.000392395	4.41812e-09
Muller_E	4583019	0.99961	0.000389546	4.02392e-09
Muller_E	4583393	0.999611	0.000388583	3.89104e-09
Muller_E	4583516	0.999612	0.000388267	3.84734e-09
Muller_E	4584473	0.999614	0.000385798	3.5072e-09
Muller_E	4589180	0.9998	0.000199892	1.28415e-10
Muller_E	4590247	0.999627	0.000372739	1.8428e-09
Muller_E	4591539	0.999628	0.000371747	1.85072e-09
Muller_E	4593253	0.99963	0.00037041	1.85439e-09
Muller_E	4593508	0.99963	0.00037021	1.85428e-09
Muller_E	4593974	0.99963	0.000369841	1.85363e-09
Muller_E	4595111	0.999631	0.000368935	1.84964e-09
Muller_E	4595303	0.999631	0.00036878	1.84864e-09
Muller_E	4597548	0.999633	0.000366956	1.82973e-09
Muller_E	4597833	0.999633	0.000366722	1.82639e-09
Muller_E	4600306	0.999635	0.00036466	1.78864e-09
Muller_E	4607273	0.999641	0.000358584	1.59849e-09
Muller_E	4607398	0.999642	0.000358472	1.59396e-09
Muller_E	4610441	0.999644	0.000355692	1.47183e-09
Muller_E	4611041	0.999645	0.000355135	1.44506e-09
Muller_E	4611562	0.999645	0.000354649	1.42109e-09
Muller_E	4611697	0.999645	0.000354522	1.41478e-09
Muller_E	4612447	0.999646	0.000353818	1.37887e-09
Muller_E	4612733	0.999646	0.000353548	1.36482e-09
Muller_E	4612927	0.999647	0.000353365	1.35517e-09
Muller_E	4613148	0.999647	0.000353156	1.34407e-09
Muller_E	4614502	0.999648	0.000351865	1.27349e-09
Muller_E	4615888	0.999814	0.000186012	7.31882e-11
Muller_E	4616173	0.999649	0.000350691	1.2474e-09
Muller_E	4616508	0.999649	0.00035088	1.30681e-09
Muller_E	4616663	0.999649	0.000350968	1.33422e-09
Muller_E	4618190	0.999648	0.000351819	1.60169e-09
Muller_E	4619781	0.999647	0.000352686	1.87535e-09
Muller_E	4622166	0.999646	0.000353948	2.27593e-09
Muller_E	4626314	0.999644	0.000356032	2.94481e-09
Muller_E	4626864	0.999644	0.000356298	3.03083e-09
Muller_E	4627368	0.999643	0.000356539	3.1091e-09
Muller_E	4627488	0.999643	0.000356597	3.12766e-09
Muller_E	4633961	0.99964	0.000359509	4.08406e-09
Muller_E	4635834	0.99964	0.000360289	4.34432e-09
Muller_E	4636452	0.999639	0.00036054	4.42856e-09
Muller_E	4637295	0.999639	0.000360877	4.54216e-09
Muller_E	4640891	0.999638	0.000362252	5.00967e-09
Muller_E	4645727	0.999636	0.000363936	5.59452e-09
Muller_E	4646376	0.999636	0.000364147	5.66916e-09
Muller_E	4646798	0.999636	0.000364283	5.7172e-09
Muller_E	4653320	0.999634	0.000366198	6.41022e-09
Muller_E	4656520	0.999633	0.000367011	6.71613e-09
Muller_E	4672665	0.99963	0.000369852	7.91304e-09
Muller_E	4674140	0.99963	0.000370006	7.99336e-09
Muller_E	4675745	0.99963	0.000370154	8.07521e-09
Muller_E	4676485	0.99963	0.000370215	8.111e-09
Muller_E	4677110	0.99963	0.000370264	8.14027e-09
Muller_E	4677655	0.99963	0.000370303	8.16508e-09
Muller_E	4678986	0.99963	0.000370389	8.22286e-09
Muller_E	4680223	0.99963	0.000370457	8.27298e-09
Muller_E	4682403	0.999629	0.000370546	8.35294e-09
Muller_E	4682621	0.999629	0.000370552	8.36035e-09
Muller_E	4684270	0.999629	0.000370591	8.41292e-09
Muller_E	4685491	0.999629	0.000370605	8.4479e-09
Muller_E	4686019	0.999629	0.000370608	8.46198e-09
Muller_E	4687101	0.999629	0.000370606	8.48889e-09
Muller_E	4689628	0.999629	0.000370564	8.54146e-09
Muller_E	4690052	0.999629	0.000370552	8.54888e-09
Muller_E	4690344	0.999629	0.000370543	8.55375e-09
Muller_E	4690905	0.999629	0.000370524	8.56256e-09
Muller_E	4691125	0.999629	0.000370515	8.56583e-09
Muller_E	4691712	0.99963	0.000370491	8.574e-09
Muller_E	4691999	0.99963	0.000370479	8.57772e-09
Muller_E	4692111	0.99963	0.000370473	8.57912e-09
Muller_E	4693234	0.99963	0.000370416	8.5916e-09
Muller_E	4693620	0.99963	0.000370394	8.59523e-09
Muller_E	4693753	0.99963	0.000370386	8.5964e-09
Muller_E	4694021	0.99963	0.000370369	8.59865e-09
Muller_E	4694592	0.99963	0.000370333	8.60289e-09
Muller_E	4696429	0.99963	0.000370196	8.61158e-09
Muller_E	4696792	0.99963	0.000370166	8.6124e-09
Muller_E	4699402	0.99963	0.000369918	8.60957e-09
Muller_E	4700957	0.99963	0.000369744	8.60063e-09
Muller_E	4702606	0.99963	0.000369538	8.58522e-09
Muller_E	4708142	0.999631	0.000368685	8.48902e-09
Muller_E	4712097	0.999632	0.000367924	8.37846e-09
Muller_E	4713898	0.999632	0.000367535	8.3166e-09
Muller_E	4714194	0.999633	0.000367469	8.30575e-09
Muller_E	4717094	0.999633	0.000366781	8.18916e-09
Muller_E	4717794	0.999633	0.000366605	8.15824e-09
Muller_E	4720564	0.999634	0.000365869	8.0253e-09
Muller_E	4722390	0.999635	0.00036535	7.92846e-09
Muller_E	4727534	0.999636	0.000363742	7.61649e-09
Muller_E	4730688	0.999637	0.000362651	7.39681e-09
Muller_E	4731377	0.999638	0.000362402	7.34596e-09
Muller_E	4732944	0.999638	0.000361821	7.22652e-09
Muller_E	4738342	0.99964	0.000359667	6.77485e-09
Muller_E	4739398	0.999641	0.000359218	6.67924e-09
Muller_E	4742492	0.999642	0.000357851	6.38559e-09
Muller_E	4745718	0.999644	0.000356343	6.05804e-09
Muller_E	4746457	0.999644	0.000355986	5.97996e-09
Muller_E	4748015	0.999645	0.000355218	5.81162e-09
Muller_E	4748352	0.999645	0.00035505	5.77455e-09
Muller_E	4748630	0.999645	0.00035491	5.7438e-09
Muller_E	4751071	0.999646	0.000353655	5.46691e-09
Muller_E	4751685	0.999647	0.000353332	5.39534e-09
Muller_E	4751817	0.999647	0.000353262	5.37985e-09
Muller_E	4752607	0.999647	0.000352841	5.28642e-09
Muller_E	4752773	0.999647	0.000352752	5.26663e-09
Muller_E	4753826	0.999648	0.000352182	5.13977e-09
Muller_E	4754671	0.999648	0.000351717	5.03634e-09
Muller_E	4756619	0.999649	0.000350625	4.7924e-09
