chrom	position	2,0	1,1	0,2
Muller_E	62882	0.565874	0.335771	0.0983558
Muller_E	267432	0.564996	0.341909	0.0930954
Muller_E	441230	0.564397	0.346956	0.0886474
Muller_E	511157	0.564194	0.348944	0.0868626
Muller_E	557879	0.56407	0.350259	0.0856715
Muller_E	581000	0.564012	0.350906	0.0850825
Muller_E	709108	0.563734	0.354443	0.0818232
Muller_E	768129	0.56363	0.356046	0.080324
Muller_E	785241	0.563602	0.356508	0.0798895
Muller_E	787322	0.563599	0.356564	0.0798367
Muller_E	787424	0.563599	0.356567	0.0798341
Muller_E	788173	0.563598	0.356587	0.0798151
Muller_E	788750	0.563597	0.356603	0.0798005
Muller_E	788860	0.563597	0.356606	0.0797977
Muller_E	791823	0.563592	0.356685	0.0797225
Muller_E	802257	0.563576	0.356966	0.0794577
Muller_E	893794	0.563457	0.359407	0.077136
Muller_E	894300	0.563457	0.35942	0.0771232
Muller_E	896281	0.563455	0.359472	0.077073
Muller_E	897287	0.563454	0.359499	0.0770475
Muller_E	897987	0.563453	0.359517	0.0770297
Muller_E	901015	0.56345	0.359597	0.076953
Muller_E	901718	0.563449	0.359616	0.0769352
Muller_E	923408	0.563427	0.360188	0.0763855
Muller_E	923675	0.563426	0.360195	0.0763787
Muller_E	924320	0.563426	0.360212	0.0763624
Muller_E	927795	0.563422	0.360303	0.0762743
Muller_E	948021	0.563404	0.360834	0.0757619
Muller_E	948230	0.563404	0.36084	0.0757566
Muller_E	958531	0.563395	0.361109	0.0754957
Muller_E	967701	0.563387	0.361349	0.0752634
Muller_E	969142	0.563386	0.361387	0.0752269
Muller_E	1033237	0.563345	0.363051	0.0736042
Muller_E	1120573	0.563316	0.36529	0.0713946
Muller_E	1123171	0.563315	0.365356	0.0713288
Muller_E	1146845	0.563313	0.365957	0.0707302
Muller_E	1148492	0.563313	0.365998	0.0706885
Muller_E	1168315	0.563313	0.366499	0.0701873
Muller_E	1213395	0.56332	0.367632	0.0690477
Muller_E	1262309	0.563336	0.368852	0.0678115
Muller_E	1275111	0.563342	0.36917	0.067488
Muller_E	1275707	0.563343	0.369184	0.0674729
Muller_E	1314313	0.563365	0.370138	0.0664975
Muller_E	1318297	0.563368	0.370236	0.0663969
Muller_E	1358440	0.563398	0.371219	0.0653828
Muller_E	1358616	0.563398	0.371224	0.0653783
Muller_E	1378824	0.563416	0.371716	0.0648679
Muller_E	1480336	0.56353	0.374166	0.062304
Muller_E	1489232	0.563542	0.374379	0.0620793
Muller_E	1645912	0.563806	0.378072	0.0581219
Muller_E	1673398	0.563863	0.378709	0.0574275
Muller_E	1718642	0.563963	0.379753	0.0562844
Muller_E	1746815	0.564029	0.380398	0.0555725
Muller_E	1763447	0.56407	0.380778	0.0551522
Muller_E	1765039	0.564074	0.380814	0.055112
Muller_E	1765159	0.564074	0.380817	0.0551089
Muller_E	1765369	0.564074	0.380822	0.0551036
Muller_E	1771226	0.564089	0.380955	0.0549556
Muller_E	1799036	0.56416	0.381587	0.0542527
Muller_E	1802542	0.564169	0.381667	0.054164
Muller_E	1802678	0.56417	0.38167	0.0541606
Muller_E	1803039	0.564171	0.381678	0.0541515
Muller_E	1803347	0.564172	0.381685	0.0541437
Muller_E	1805518	0.564177	0.381734	0.0540888
Muller_E	1812938	0.564197	0.381902	0.0539012
Muller_E	1813040	0.564197	0.381904	0.0538986
Muller_E	1815234	0.564203	0.381954	0.0538432
Muller_E	1815907	0.564205	0.381969	0.0538262
Muller_E	1816383	0.564206	0.38198	0.0538141
Muller_E	1831501	0.564247	0.382321	0.0534319
Muller_E	1850978	0.564301	0.382759	0.0529394
Muller_E	1851905	0.564304	0.38278	0.052916
Muller_E	1852166	0.564305	0.382786	0.0529094
Muller_E	1857635	0.56432	0.382909	0.0527711
Muller_E	1861157	0.56433	0.382988	0.052682
Muller_E	1861336	0.564331	0.382992	0.0526775
Muller_E	1861880	0.564333	0.383004	0.0526638
Muller_E	1866595	0.564346	0.383109	0.0525445
Muller_E	1870209	0.564357	0.38319	0.0524531
Muller_E	1871973	0.195813	0.645752	0.158435
Muller_E	1880064	0.565537	0.38245	0.0520131
Muller_E	1889333	0.566885	0.381554	0.0515615
Muller_E	1891195	0.567156	0.381373	0.0514709
Muller_E	1894320	0.567611	0.38107	0.0513191
Muller_E	1900363	0.568491	0.380483	0.051026
Muller_E	1904375	0.569076	0.380092	0.0508317
Muller_E	1915469	0.570695	0.379009	0.0502961
Muller_E	1927060	0.57239	0.377871	0.0497386
Muller_E	1932459	0.57318	0.37734	0.0494798
Muller_E	1944351	0.574924	0.376165	0.0489114
Muller_E	1946702	0.575269	0.375932	0.0487993
Muller_E	1961660	0.577466	0.374445	0.0480885
Muller_E	1975567	0.579514	0.373055	0.0474311
Muller_E	2011856	0.584876	0.369392	0.0457315
Muller_E	2013122	0.585064	0.369264	0.0456726
Muller_E	2044597	0.589739	0.366043	0.0442177
Muller_E	2048236	0.590281	0.365668	0.0440506
Muller_E	2048434	0.59031	0.365648	0.0440415
Muller_E	2086567	0.596007	0.361689	0.0423044
Muller_E	2103366	0.598526	0.359926	0.0415472
Muller_E	2117584	0.600664	0.358426	0.0409102
Muller_E	2126123	0.601949	0.357521	0.0405294
Muller_E	2135792	0.603407	0.356493	0.0400996
Muller_E	2140907	0.604179	0.355948	0.0398729
Muller_E	2141169	0.604219	0.35592	0.0398613
Muller_E	2142715	0.604452	0.355755	0.0397929
Muller_E	2145389	0.604856	0.355469	0.0396747
Muller_E	2146953	0.605093	0.355302	0.0396056
Muller_E	2147057	0.605108	0.355291	0.039601
Muller_E	2201852	0.613423	0.34937	0.0372073
Muller_E	2204792	0.613871	0.349049	0.0370804
Muller_E	2219543	0.616121	0.347433	0.0364457
Muller_E	2220290	0.616235	0.347351	0.0364137
Muller_E	2241628	0.6195	0.344997	0.0355027
Muller_E	2243471	0.619782	0.344793	0.0354244
Muller_E	2531559	0.664874	0.311204	0.0239224
Muller_E	2693610	0.691076	0.29082	0.0181037
Muller_E	2696554	0.691558	0.290439	0.0180024
Muller_E	2706179	0.693134	0.289193	0.0176722
Muller_E	2713009	0.694254	0.288307	0.0174389
Muller_E	2716202	0.694778	0.287892	0.0173302
Muller_E	2721440	0.695638	0.28721	0.0171521
Muller_E	2735475	0.697946	0.285377	0.0166775
Muller_E	2763120	0.702504	0.281742	0.0157532
Muller_E	2777976	0.704962	0.279776	0.0152623
Muller_E	2779619	0.705234	0.279558	0.0152082
Muller_E	2787347	0.706515	0.278531	0.0149546
Muller_E	2788916	0.706775	0.278322	0.0149033
Muller_E	2795398	0.70785	0.277458	0.0146916
Muller_E	2798296	0.708331	0.277071	0.0145972
Muller_E	2799305	0.708499	0.276937	0.0145644
Muller_E	2800245	0.708655	0.276811	0.0145338
Muller_E	2800507	0.708699	0.276776	0.0145253
Muller_E	2800780	0.708744	0.27674	0.0145164
Muller_E	2800932	0.708769	0.276719	0.0145115
Muller_E	2801158	0.708807	0.276689	0.0145041
Muller_E	2805736	0.709568	0.276077	0.0143556
Muller_E	2807233	0.709817	0.275876	0.0143071
Muller_E	2807795	0.70991	0.275801	0.0142889
Muller_E	2808363	0.710004	0.275725	0.0142705
Muller_E	2809031	0.710116	0.275636	0.0142489
Muller_E	2809272	0.710156	0.275603	0.0142411
Muller_E	2809909	0.710262	0.275518	0.0142205
Muller_E	2811470	0.710521	0.275309	0.0141701
Muller_E	2811776	0.710572	0.275268	0.0141602
Muller_E	2812117	0.710629	0.275222	0.0141492
Muller_E	2815676	0.711221	0.274744	0.0140344
Muller_E	2816259	0.711318	0.274666	0.0140156
Muller_E	2817070	0.711453	0.274557	0.0139895
Muller_E	2817616	0.711544	0.274484	0.0139719
Muller_E	2819402	0.711842	0.274244	0.0139144
Muller_E	2820166	0.711969	0.274141	0.0138899
Muller_E	2820386	0.712006	0.274111	0.0138828
Muller_E	2820775	0.712071	0.274059	0.0138703
Muller_E	2821135	0.712131	0.274011	0.0138587
Muller_E	2821440	0.712181	0.27397	0.0138489
Muller_E	2826939	0.713098	0.273229	0.0136726
Muller_E	2831172	0.713804	0.272659	0.0135372
Muller_E	2831515	0.713861	0.272612	0.0135262
Muller_E	2832336	0.713998	0.272502	0.0135
Muller_E	2833070	0.714121	0.272403	0.0134766
Muller_E	2850717	0.71707	0.270014	0.0129164
Muller_E	2853215	0.717488	0.269675	0.0128375
Muller_E	2856496	0.718037	0.269229	0.0127341
Muller_E	2856945	0.718112	0.269168	0.01272
Muller_E	2857481	0.718202	0.269095	0.0127031
Muller_E	2858163	0.718316	0.269002	0.0126817
Muller_E	2859754	0.718583	0.268785	0.0126317
Muller_E	2859987	0.718622	0.268754	0.0126243
Muller_E	2862604	0.719061	0.268397	0.0125422
Muller_E	2866488	0.719712	0.267868	0.0124205
Muller_E	2867267	0.719842	0.267762	0.0123961
Muller_E	2868557	0.720059	0.267585	0.0123558
Muller_E	2870085	0.720315	0.267377	0.012308
Muller_E	2870623	0.720405	0.267303	0.0122912
Muller_E	2876155	0.721334	0.266547	0.0121188
Muller_E	2877151	0.721501	0.266411	0.0120878
Muller_E	2886067	0.723	0.265189	0.0118113
Muller_E	2886534	0.723078	0.265125	0.0117968
Muller_E	2887599	0.723257	0.264979	0.0117639
Muller_E	2887882	0.723305	0.26494	0.0117551
Muller_E	2888492	0.723408	0.264856	0.0117363
Muller_E	2888607	0.723427	0.26484	0.0117327
Muller_E	2890000	0.723661	0.264649	0.0116897
Muller_E	2890387	0.723727	0.264596	0.0116778
Muller_E	2890907	0.723814	0.264524	0.0116618
Muller_E	2894764	0.724463	0.263994	0.0115429
Muller_E	2899098	0.725193	0.263397	0.0114097
Muller_E	2901481	0.725595	0.263069	0.0113366
Muller_E	2901643	0.725622	0.263046	0.0113316
Muller_E	2902627	0.725788	0.26291	0.0113015
Muller_E	2903432	0.725924	0.262799	0.0112768
Muller_E	2904998	0.726188	0.262583	0.0112289
Muller_E	2905994	0.726356	0.262446	0.0111984
Muller_E	2907134	0.726548	0.262288	0.0111636
Muller_E	2908511	0.72678	0.262098	0.0111215
Muller_E	2909452	0.726939	0.261968	0.0110928
Muller_E	2910160	0.727059	0.26187	0.0110712
Muller_E	2911022	0.727204	0.261751	0.011045
Muller_E	2911252	0.727243	0.261719	0.0110379
Muller_E	2911992	0.727368	0.261617	0.0110154
Muller_E	2914672	0.72782	0.261246	0.0109338
Muller_E	2915489	0.727958	0.261133	0.010909
Muller_E	2918585	0.728481	0.260704	0.010815
Muller_E	2919015	0.728554	0.260644	0.0108019
Muller_E	2919728	0.728674	0.260545	0.0107803
Muller_E	2919971	0.728715	0.260512	0.0107729
Muller_E	2921506	0.728975	0.260299	0.0107264
Muller_E	2922564	0.729154	0.260152	0.0106944
Muller_E	2922707	0.729178	0.260132	0.0106901
Muller_E	2924226	0.729435	0.259921	0.0106441
Muller_E	2925108	0.729584	0.259799	0.0106175
Muller_E	2925552	0.729659	0.259737	0.0106041
Muller_E	2928855	0.730218	0.259278	0.0105044
Muller_E	2930674	0.730526	0.259025	0.0104496
Muller_E	2931258	0.730624	0.258944	0.010432
Muller_E	2931592	0.730681	0.258897	0.0104219
Muller_E	2931798	0.730716	0.258868	0.0104157
Muller_E	2932326	0.730805	0.258795	0.0103998
Muller_E	2945623	0.733059	0.25694	0.0100014
Muller_E	2945753	0.733081	0.256922	0.00999752
Muller_E	2945878	0.733102	0.256904	0.00999379
Muller_E	2946001	0.733123	0.256887	0.00999012
Muller_E	2955783	0.734783	0.255518	0.00969917
Muller_E	2957997	0.735159	0.255207	0.00963356
Muller_E	2959282	0.735378	0.255027	0.00959553
Muller_E	2959697	0.735448	0.254969	0.00958325
Muller_E	2959819	0.735469	0.254952	0.00957964
Muller_E	2960759	0.735629	0.25482	0.00955185
Muller_E	2961667	0.735783	0.254692	0.00952501
Muller_E	2961801	0.735806	0.254673	0.00952105
Muller_E	2963254	0.736053	0.254469	0.00947815
Muller_E	2963568	0.736106	0.254425	0.00946888
Muller_E	2975263	0.738097	0.252778	0.00912503
Muller_E	2976725	0.738346	0.252572	0.00908222
Muller_E	2977784	0.738526	0.252423	0.00905124
Muller_E	2982473	0.739325	0.25176	0.0089143
Muller_E	2984283	0.739634	0.251504	0.00886155
Muller_E	2985483	0.739839	0.251335	0.00882662
Muller_E	2985658	0.739869	0.25131	0.00882152
Muller_E	2985908	0.739911	0.251274	0.00881425
Muller_E	2987685	0.740215	0.251023	0.00876257
Muller_E	2992894	0.741104	0.250285	0.00861143
Muller_E	2993313	0.741175	0.250225	0.0085993
Muller_E	2993798	0.741258	0.250157	0.00858525
Muller_E	2994137	0.741316	0.250109	0.00857544
Muller_E	2994487	0.741376	0.250059	0.00856531
Muller_E	2994615	0.741398	0.250041	0.00856161
Muller_E	2995123	0.741484	0.249969	0.00854691
Muller_E	2995701	0.741583	0.249887	0.00853019
Muller_E	2996048	0.741642	0.249837	0.00852016
Muller_E	2996738	0.74176	0.249739	0.00850022
Muller_E	2996880	0.741785	0.249719	0.00849612
Muller_E	2997113	0.741824	0.249686	0.00848938
Muller_E	2999116	0.742167	0.249402	0.00843156
Muller_E	2999459	0.742225	0.249353	0.00842166
Muller_E	3001420	0.742561	0.249074	0.00836513
Muller_E	3001578	0.742588	0.249052	0.00836058
Muller_E	3001696	0.742608	0.249035	0.00835718
Muller_E	3002579	0.742759	0.248909	0.00833175
Muller_E	3003095	0.742847	0.248836	0.0083169
Muller_E	3003540	0.742923	0.248773	0.0083041
Muller_E	3004120	0.743022	0.24869	0.00828741
Muller_E	3005221	0.743211	0.248534	0.00825576
Muller_E	3007967	0.74368	0.248143	0.00817691
Muller_E	3012773	0.744503	0.247457	0.00803925
Muller_E	3013331	0.744599	0.247378	0.0080233
Muller_E	3013618	0.744648	0.247337	0.0080151
Muller_E	3014080	0.744727	0.247271	0.00800189
Muller_E	3014783	0.744848	0.247171	0.00798181
Muller_E	3016296	0.745107	0.246955	0.00793862
Muller_E	3017214	0.745264	0.246824	0.00791243
Muller_E	3018320	0.745454	0.246665	0.0078809
Muller_E	3018982	0.745567	0.246571	0.00786204
Muller_E	3019303	0.745622	0.246525	0.0078529
Muller_E	3019831	0.745713	0.24645	0.00783787
Muller_E	3021834	0.746056	0.246163	0.00778088
Muller_E	3021944	0.746075	0.246147	0.00777776
Muller_E	3023127	0.746278	0.245978	0.00774414
Muller_E	3024474	0.746509	0.245785	0.00770589
Muller_E	3024813	0.746567	0.245737	0.00769627
Muller_E	3029421	0.747358	0.245077	0.00756571
Muller_E	3029834	0.747429	0.245017	0.00755403
Muller_E	3030101	0.747474	0.244979	0.00754648
Muller_E	3033200	0.748007	0.244534	0.00745894
Muller_E	3033901	0.748127	0.244434	0.00743916
Muller_E	3034073	0.748157	0.244409	0.00743431
Muller_E	3036032	0.748493	0.244128	0.0073791
Muller_E	3038305	0.748884	0.243801	0.00731512
Muller_E	3041816	0.749487	0.243296	0.00721649
Muller_E	3044683	0.749981	0.242883	0.00713612
Muller_E	3046757	0.750337	0.242585	0.00707807
Muller_E	3046887	0.75036	0.242566	0.00707444
Muller_E	3047900	0.750534	0.24242	0.00704612
Muller_E	3048135	0.750575	0.242386	0.00703955
Muller_E	3050664	0.75101	0.242021	0.00696895
Muller_E	3051698	0.751188	0.241872	0.00694011
Muller_E	3051968	0.751235	0.241833	0.00693259
Muller_E	3052635	0.751349	0.241737	0.006914
Muller_E	3053197	0.751446	0.241655	0.00689835
Muller_E	3056428	0.752003	0.241189	0.00680847
Muller_E	3056712	0.752052	0.241148	0.00680058
Muller_E	3058398	0.752342	0.240904	0.00675376
Muller_E	3059687	0.752565	0.240717	0.00671801
Muller_E	3061511	0.752879	0.240453	0.00666746
Muller_E	3062406	0.753033	0.240324	0.00664269
Muller_E	3062537	0.753056	0.240305	0.00663906
Muller_E	3100018	0.759538	0.234847	0.00561491
Muller_E	3100718	0.75966	0.234744	0.00559603
Muller_E	3112367	0.761681	0.233035	0.00528322
Muller_E	3112987	0.761789	0.232944	0.00526664
Muller_E	3113420	0.761864	0.232881	0.00525507
Muller_E	3116107	0.762331	0.232485	0.00518333
Muller_E	3119432	0.762909	0.231996	0.00509474
Muller_E	3119714	0.762958	0.231954	0.00508724
Muller_E	3120862	0.763158	0.231785	0.00505671
Muller_E	3122265	0.763402	0.231578	0.00501943
Muller_E	3123364	0.763593	0.231416	0.00499025
Muller_E	3124138	0.763728	0.231302	0.00496971
Muller_E	3127464	0.764307	0.230812	0.0048816
Muller_E	3128767	0.764534	0.230619	0.00484714
Muller_E	3128895	0.764556	0.2306	0.00484375
Muller_E	3129611	0.764681	0.230495	0.00482483
Muller_E	3129743	0.764704	0.230475	0.00482134
Muller_E	3130171	0.764778	0.230412	0.00481004
Muller_E	3131529	0.765015	0.230211	0.00477419
Muller_E	3137674	0.766086	0.229302	0.0046124
Muller_E	3139976	0.766487	0.228961	0.00455198
Muller_E	3143168	0.767044	0.228488	0.00446836
Muller_E	3169152	0.771586	0.224619	0.00379476
Muller_E	3170575	0.771835	0.224407	0.00375824
Muller_E	3173857	0.77241	0.223916	0.00367414
Muller_E	3192801	0.775734	0.221073	0.00319272
Muller_E	3194086	0.77596	0.220879	0.00316031
Muller_E	3194230	0.775986	0.220858	0.00315668
Muller_E	3207603	0.778338	0.21884	0.00282126
Muller_E	3207708	0.778357	0.218825	0.00281864
Muller_E	3208070	0.77842	0.21877	0.00280961
Muller_E	3208369	0.778473	0.218725	0.00280215
Muller_E	3208507	0.778497	0.218704	0.00279871
Muller_E	3208706	0.778532	0.218674	0.00279374
Muller_E	3210124	0.778782	0.218459	0.0027584
Muller_E	3211254	0.778981	0.218288	0.00273027
Muller_E	3212088	0.779128	0.218162	0.00270952
Muller_E	3216063	0.779829	0.21756	0.00261081
Muller_E	3216461	0.779899	0.2175	0.00260094
Muller_E	3217109	0.780013	0.217402	0.00258488
Muller_E	3217441	0.780072	0.217351	0.00257665
Muller_E	3217706	0.780119	0.217311	0.00257009
Muller_E	3217825	0.78014	0.217293	0.00256714
Muller_E	3218354	0.780233	0.217213	0.00255405
Muller_E	3219292	0.780398	0.217071	0.00253084
Muller_E	3219763	0.780481	0.216999	0.00251919
Muller_E	3221459	0.780781	0.216742	0.00247728
Muller_E	3222112	0.780896	0.216643	0.00246116
Muller_E	3223012	0.781055	0.216506	0.00243895
Muller_E	3223549	0.781149	0.216425	0.00242571
Muller_E	3224815	0.781373	0.216233	0.00239451
Muller_E	3226800	0.781723	0.215931	0.00234565
Muller_E	3229718	0.782239	0.215487	0.00227397
Muller_E	3240322	0.784113	0.213872	0.00201483
Muller_E	3240918	0.784219	0.213781	0.00200032
Muller_E	3241273	0.784282	0.213727	0.00199169
Muller_E	3247835	0.785443	0.212724	0.00183251
Muller_E	3251442	0.786082	0.212172	0.00174535
Muller_E	3252203	0.786217	0.212056	0.001727
Muller_E	3254014	0.786538	0.211779	0.00168336
Muller_E	3254518	0.786627	0.211701	0.00167123
Muller_E	3255141	0.786738	0.211606	0.00165623
Muller_E	3255365	0.786777	0.211572	0.00165085
Muller_E	3259142	0.787447	0.210993	0.00156013
Muller_E	3259935	0.787588	0.210871	0.00154112
Muller_E	3262497	0.788043	0.210478	0.00147978
Muller_E	3263708	0.788258	0.210292	0.00145083
Muller_E	3264644	0.788424	0.210148	0.00142847
Muller_E	3266132	0.92737	0.0725913	3.8495e-05
Muller_E	3266579	0.788706	0.209902	0.00139238
Muller_E	3266806	0.788715	0.209893	0.00139209
Muller_E	3269029	0.788806	0.209805	0.00138922
Muller_E	3271700	0.788915	0.209699	0.00138576
Muller_E	3271881	0.788922	0.209692	0.00138552
Muller_E	3273894	0.789004	0.209613	0.00138291
Muller_E	3275081	0.789053	0.209566	0.00138137
Muller_E	3275989	0.78909	0.20953	0.00138019
Muller_E	3278049	0.789174	0.209449	0.0013775
Muller_E	3280894	0.78929	0.209336	0.00137379
Muller_E	3282107	0.789339	0.209289	0.0013722
Muller_E	3282973	0.789375	0.209254	0.00137107
Muller_E	3284532	0.789438	0.209193	0.00136903
Muller_E	3291321	0.789716	0.208924	0.0013601
Muller_E	3291878	0.789738	0.208902	0.00135936
Muller_E	3293351	0.789799	0.208844	0.00135742
Muller_E	3293759	0.789815	0.208828	0.00135688
Muller_E	3304917	0.790272	0.208386	0.00134205
Muller_E	3306663	0.790343	0.208317	0.00133972
Muller_E	3306880	0.790352	0.208309	0.00133943
Muller_E	3310127	0.790485	0.20818	0.00133508
Muller_E	3312301	0.790574	0.208094	0.00133217
Muller_E	3312718	0.790591	0.208077	0.00133161
Muller_E	3318766	0.790839	0.207837	0.00132346
Muller_E	3323588	0.791037	0.207646	0.00131693
Muller_E	3324201	0.791062	0.207622	0.0013161
Muller_E	3324656	0.791081	0.207604	0.00131548
Muller_E	3325091	0.791099	0.207587	0.00131489
Muller_E	3326084	0.791139	0.207547	0.00131354
Muller_E	3326190	0.791144	0.207543	0.0013134
Muller_E	3330218	0.791309	0.207383	0.00130791
Muller_E	3334866	0.7915	0.207198	0.00130156
Muller_E	3337545	0.79161	0.207092	0.00129789
Muller_E	3340268	0.791722	0.206984	0.00129415
Muller_E	3340480	0.791731	0.206975	0.00129386
Muller_E	3410593	0.794627	0.204178	0.00119467
Muller_E	3431230	0.795485	0.203351	0.00116444
Muller_E	3437416	0.795742	0.203103	0.00115529
Muller_E	3456916	0.796555	0.202319	0.00112617
Muller_E	3457694	0.796587	0.202288	0.001125
Muller_E	3459001	0.796642	0.202235	0.00112303
Muller_E	3462300	0.79678	0.202102	0.00111805
Muller_E	3464519	0.796872	0.202013	0.0011147
Muller_E	3464673	0.796879	0.202007	0.00111447
Muller_E	3477602	0.79742	0.201486	0.00109483
Muller_E	3525631	0.799436	0.199544	0.0010203
Muller_E	3546828	0.80033	0.198684	0.000986648
Muller_E	3557059	0.800762	0.198268	0.000970236
Muller_E	3566467	0.80116	0.197885	0.00095505
Muller_E	3572057	0.801397	0.197657	0.000945983
Muller_E	3572168	0.801402	0.197653	0.000945803
Muller_E	3579272	0.801703	0.197363	0.000934234
Muller_E	3579502	0.801712	0.197354	0.000933859
Muller_E	3582419	0.801836	0.197235	0.000929093
Muller_E	3590131	0.802164	0.19692	0.000916451
Muller_E	3605233	0.802805	0.196303	0.000891522
Muller_E	3610748	0.80304	0.196077	0.00088236
Muller_E	3611776	0.803084	0.196035	0.000880649
Muller_E	3615071	0.803224	0.195901	0.000875158
Muller_E	3617701	0.803336	0.195793	0.000870767
Muller_E	3617818	0.803341	0.195788	0.000870572
Muller_E	3617948	0.803347	0.195783	0.000870354
Muller_E	3623404	0.803579	0.195559	0.000861222
Muller_E	3630035	0.803862	0.195288	0.000850083
Muller_E	3631532	0.803926	0.195226	0.000847562
Muller_E	3634067	0.804035	0.195122	0.000843288
Muller_E	3642157	0.80438	0.19479	0.000829607
Muller_E	3643438	0.804435	0.194738	0.000827435
Muller_E	3645674	0.804531	0.194646	0.000823639
Muller_E	3652519	0.804823	0.194365	0.000811989
Muller_E	3655257	0.804941	0.194252	0.000807316
Muller_E	3657953	0.805056	0.194141	0.000802708
Muller_E	3660200	0.805152	0.194049	0.000798861
Muller_E	3665461	0.805378	0.193832	0.000789836
Muller_E	3670065	0.805575	0.193643	0.000781916
Muller_E	3757777	0.80936	0.190013	0.000627139
Muller_E	3766114	0.809722	0.189666	0.00061205
Muller_E	3770199	0.8099	0.189496	0.000604633
Muller_E	3771242	0.809945	0.189452	0.000602736
Muller_E	3775369	0.810124	0.18928	0.000595223
Muller_E	3781958	0.810411	0.189006	0.000583196
Muller_E	3788305	0.810687	0.188741	0.000571572
Muller_E	3788531	0.810697	0.188732	0.000571158
Muller_E	3788717	0.810705	0.188724	0.000570816
Muller_E	3791492	0.810826	0.188608	0.000565722
Muller_E	3791929	0.810845	0.18859	0.000564919
Muller_E	3794089	0.81094	0.188499	0.000560948
Muller_E	3798034	0.811112	0.188335	0.000553683
Muller_E	3805877	0.811454	0.188007	0.0005392
Muller_E	3808116	0.811552	0.187913	0.000535055
Muller_E	3837593	0.812842	0.186678	0.000480063
Muller_E	3889492	0.815125	0.184494	0.000381365
Muller_E	3892070	0.815239	0.184385	0.000376401
Muller_E	3892768	0.81527	0.184355	0.000375056
Muller_E	3893846	0.815317	0.18431	0.000372978
Muller_E	3895236	0.815379	0.184251	0.000370297
Muller_E	3896701	0.815443	0.184189	0.00036747
Muller_E	3964144	0.818436	0.181329	0.000235325
Muller_E	3964249	0.818441	0.181324	0.000235117
Muller_E	3964701	0.818461	0.181305	0.000234218
Muller_E	3965335	0.818489	0.181278	0.000232957
Muller_E	3965537	0.818498	0.181269	0.000232556
Muller_E	3971184	0.81875	0.181029	0.000221312
Muller_E	4005791	0.820298	0.179551	0.000151832
Muller_E	4007537	0.820376	0.179476	0.000148301
Muller_E	4008073	0.8204	0.179453	0.000147216
Muller_E	4008732	0.820429	0.179425	0.000145883
Muller_E	4009275	0.820454	0.179402	0.000144784
Muller_E	4009794	0.820477	0.179379	0.000143733
Muller_E	4010462	0.820507	0.179351	0.00014238
Muller_E	4011246	0.820542	0.179317	0.000140792
Muller_E	4011350	0.820547	0.179313	0.000140581
Muller_E	4011743	0.820564	0.179296	0.000139784
Muller_E	4012926	0.820617	0.179245	0.000137387
Muller_E	4015010	0.820711	0.179156	0.000133159
Muller_E	4015956	0.820753	0.179115	0.000131239
Muller_E	4016731	0.820788	0.179082	0.000129666
Muller_E	4017133	0.820806	0.179065	0.00012885
Muller_E	4017640	0.820829	0.179043	0.00012782
Muller_E	4021078	0.820983	0.178896	0.000120832
Muller_E	4021876	0.821019	0.178862	0.000119208
Muller_E	4022513	0.821048	0.178834	0.000117912
Muller_E	4022928	0.821066	0.178817	0.000117067
Muller_E	4024532	0.821138	0.178748	0.000113801
Muller_E	4024639	0.821143	0.178743	0.000113583
Muller_E	4025270	0.821172	0.178716	0.000112298
Muller_E	4027169	0.821257	0.178635	0.000108428
Muller_E	4027437	0.821269	0.178623	0.000107881
Muller_E	4027764	0.821284	0.178609	0.000107214
Muller_E	4029270	0.821351	0.178545	0.000104142
Muller_E	4032202	0.821483	0.178419	9.81556e-05
Muller_E	4032327	0.821489	0.178413	9.79003e-05
Muller_E	4033521	0.821542	0.178362	9.54604e-05
Muller_E	4033797	0.821555	0.17835	9.48962e-05
Muller_E	4036360	0.82167	0.17824	8.96544e-05
Muller_E	4037138	0.821705	0.178207	8.80622e-05
Muller_E	4037610	0.821726	0.178186	8.7096e-05
Muller_E	4040496	0.821856	0.178063	8.11845e-05
Muller_E	4040949	0.821877	0.178043	8.0256e-05
Muller_E	4045900	0.8948	0.105194	6.63448e-06
Muller_E	4046078	0.822102	0.177828	7.00654e-05
Muller_E	4046843	0.82211	0.17782	6.99266e-05
Muller_E	4047581	0.822118	0.177813	6.9792e-05
Muller_E	4048275	0.822125	0.177805	6.96647e-05
Muller_E	4048700	0.82213	0.177801	6.95864e-05
Muller_E	4053592	0.822182	0.177749	6.86675e-05
Muller_E	4056223	0.82221	0.177721	6.81598e-05
Muller_E	4056545	0.822214	0.177718	6.8097e-05
Muller_E	4056951	0.822218	0.177714	6.80176e-05
Muller_E	4057601	0.822225	0.177707	6.78901e-05
Muller_E	4057720	0.822226	0.177706	6.78667e-05
Muller_E	4058043	0.82223	0.177702	6.78031e-05
Muller_E	4058149	0.822231	0.177701	6.77822e-05
Muller_E	4058704	0.822237	0.177695	6.76724e-05
Muller_E	4059417	0.822245	0.177688	6.75308e-05
Muller_E	4059965	0.822251	0.177682	6.74214e-05
Muller_E	4061381	0.822266	0.177667	6.7137e-05
Muller_E	4061745	0.82227	0.177663	6.70635e-05
Muller_E	4062020	0.822273	0.17766	6.70078e-05
Muller_E	4062507	0.822278	0.177655	6.6909e-05
Muller_E	4062941	0.822283	0.17765	6.68206e-05
Muller_E	4064035	0.822295	0.177639	6.65967e-05
Muller_E	4064680	0.822302	0.177632	6.64639e-05
Muller_E	4064829	0.822303	0.17763	6.64331e-05
Muller_E	4065474	0.82231	0.177624	6.62996e-05
Muller_E	4065574	0.822311	0.177623	6.62789e-05
Muller_E	4066028	0.822316	0.177618	6.61845e-05
Muller_E	4067541	0.822332	0.177602	6.58681e-05
Muller_E	4067967	0.822337	0.177597	6.57784e-05
Muller_E	4068535	0.822343	0.177591	6.56584e-05
Muller_E	4069245	0.822351	0.177584	6.55079e-05
Muller_E	4070105	0.82236	0.177574	6.53246e-05
Muller_E	4071088	0.822371	0.177564	6.51139e-05
Muller_E	4071641	0.822377	0.177558	6.49948e-05
Muller_E	4072126	0.822382	0.177553	6.48899e-05
Muller_E	4072768	0.822389	0.177546	6.47507e-05
Muller_E	4072973	0.822391	0.177544	6.47061e-05
Muller_E	4073359	0.822395	0.17754	6.4622e-05
Muller_E	4075135	0.822415	0.177521	6.42324e-05
Muller_E	4075254	0.822416	0.17752	6.42062e-05
Muller_E	4076053	0.822425	0.177511	6.40294e-05
Muller_E	4077160	0.822437	0.1775	6.3783e-05
Muller_E	4078165	0.822448	0.177489	6.35579e-05
Muller_E	4078690	0.822453	0.177483	6.34398e-05
Muller_E	4078900	0.822456	0.177481	6.33924e-05
Muller_E	4079010	0.822457	0.17748	6.33676e-05
Muller_E	4079297	0.82246	0.177477	6.33027e-05
Muller_E	4081728	0.822486	0.177451	6.27487e-05
Muller_E	4082079	0.82249	0.177447	6.2668e-05
Muller_E	4083988	0.822511	0.177427	6.22265e-05
Muller_E	4085715	0.82253	0.177408	6.18227e-05
Muller_E	4089306	0.822569	0.17737	6.09702e-05
Muller_E	4089803	0.822574	0.177365	6.08508e-05
Muller_E	4092778	0.822607	0.177333	6.01292e-05
Muller_E	4092894	0.822608	0.177332	6.01008e-05
Muller_E	4098915	0.822674	0.177267	5.86026e-05
Muller_E	4109650	0.822792	0.177152	5.58091e-05
Muller_E	4113217	0.822832	0.177113	5.48463e-05
Muller_E	4113538	0.822835	0.17711	5.47588e-05
Muller_E	4114422	0.822845	0.1771	5.45171e-05
Muller_E	4114803	0.822849	0.177096	5.44126e-05
Muller_E	4115118	0.822853	0.177093	5.43261e-05
Muller_E	4116856	0.822872	0.177074	5.38462e-05
Muller_E	4117074	0.822875	0.177072	5.37857e-05
Muller_E	4117473	0.822879	0.177067	5.36748e-05
Muller_E	4118970	0.822896	0.177051	5.32569e-05
Muller_E	4121851	0.822928	0.17702	5.24441e-05
Muller_E	4122071	0.82293	0.177018	5.23816e-05
Muller_E	4122393	0.822934	0.177014	5.229e-05
Muller_E	4122818	0.822938	0.17701	5.21688e-05
Muller_E	4124318	0.822955	0.176993	5.17392e-05
Muller_E	4124418	0.822956	0.176992	5.17104e-05
Muller_E	4126492	0.822979	0.17697	5.11111e-05
Muller_E	4127527	0.822991	0.176959	5.08099e-05
Muller_E	4127720	0.822993	0.176956	5.07535e-05
Muller_E	4128101	0.822997	0.176952	5.06422e-05
Muller_E	4128234	0.822998	0.176951	5.06032e-05
Muller_E	4130334	0.823022	0.176928	4.99855e-05
Muller_E	4132221	0.823043	0.176908	4.94254e-05
Muller_E	4134741	0.823071	0.17688	4.86697e-05
Muller_E	4134982	0.823074	0.176878	4.8597e-05
Muller_E	4136547	0.823091	0.176861	4.81229e-05
Muller_E	4140224	0.823132	0.176821	4.6996e-05
Muller_E	4140902	0.82314	0.176813	4.67862e-05
Muller_E	4141485	0.823147	0.176807	4.66053e-05
Muller_E	4143836	0.823173	0.176781	4.58711e-05
Muller_E	4144350	0.823179	0.176776	4.57096e-05
Muller_E	4144848	0.823184	0.17677	4.55528e-05
Muller_E	4150850	0.823252	0.176705	4.36363e-05
Muller_E	4151927	0.823264	0.176693	4.32873e-05
Muller_E	4154621	0.823294	0.176663	4.24073e-05
Muller_E	4159745	0.823352	0.176607	4.07065e-05
Muller_E	4159958	0.823354	0.176605	4.0635e-05
Muller_E	4160923	0.823365	0.176594	4.03105e-05
Muller_E	4161787	0.823375	0.176585	4.00188e-05
Muller_E	4162162	0.823379	0.176581	3.98919e-05
Muller_E	4163984	0.8234	0.176561	3.92726e-05
Muller_E	4164218	0.823403	0.176558	3.91928e-05
Muller_E	4164859	0.82341	0.176551	3.89736e-05
Muller_E	4165033	0.823412	0.176549	3.8914e-05
Muller_E	4165157	0.823413	0.176548	3.88716e-05
Muller_E	4165383	0.823416	0.176545	3.87941e-05
Muller_E	4165808	0.823421	0.176541	3.86482e-05
Muller_E	4165958	0.823422	0.176539	3.85966e-05
Muller_E	4166062	0.823424	0.176538	3.85609e-05
Muller_E	4166243	0.823426	0.176536	3.84986e-05
Muller_E	4166628	0.82343	0.176532	3.8366e-05
Muller_E	4168755	0.823454	0.176508	3.76298e-05
Muller_E	4172546	0.823497	0.176467	3.63024e-05
Muller_E	4172827	0.8235	0.176463	3.62033e-05
Muller_E	4173860	0.823512	0.176452	3.58378e-05
Muller_E	4176100	0.823538	0.176427	3.50405e-05
Muller_E	4176326	0.82354	0.176425	3.49596e-05
Muller_E	4176826	0.823546	0.176419	3.47806e-05
Muller_E	4177022	0.823548	0.176417	3.47103e-05
Muller_E	4178339	0.823563	0.176403	3.42367e-05
Muller_E	4178608	0.823566	0.1764	3.41397e-05
Muller_E	4179326	0.823574	0.176392	3.38802e-05
Muller_E	4180712	0.82359	0.176376	3.33774e-05
Muller_E	4180966	0.823593	0.176374	3.3285e-05
Muller_E	4184926	0.823638	0.17633	3.18328e-05
Muller_E	4185178	0.823641	0.176327	3.17397e-05
Muller_E	4185319	0.898093	0.101905	2.07484e-06
Muller_E	4185532	0.823639	0.17633	3.17777e-05
Muller_E	4187632	0.823597	0.176371	3.26641e-05
Muller_E	4188227	0.823585	0.176382	3.29141e-05
Muller_E	4188670	0.823576	0.176391	3.31e-05
Muller_E	4192621	0.823497	0.176468	3.47462e-05
Muller_E	4193546	0.823479	0.176486	3.51287e-05
Muller_E	4194407	0.823461	0.176503	3.54836e-05
Muller_E	4195783	0.823434	0.17653	3.60488e-05
Muller_E	4196010	0.823429	0.176534	3.61418e-05
Muller_E	4197440	0.823401	0.176562	3.67261e-05
Muller_E	4198223	0.823385	0.176578	3.70449e-05
Muller_E	4199021	0.82337	0.176593	3.73689e-05
Muller_E	4199203	0.823366	0.176597	3.74427e-05
Muller_E	4199424	0.823361	0.176601	3.75322e-05
Muller_E	4199639	0.823357	0.176605	3.76193e-05
Muller_E	4199983	0.82335	0.176612	3.77584e-05
Muller_E	4203293	0.823285	0.176676	3.90892e-05
Muller_E	4205814	0.823234	0.176726	4.0093e-05
Muller_E	4206134	0.823228	0.176732	4.02198e-05
Muller_E	4207588	0.823199	0.17676	4.07943e-05
Muller_E	4210680	0.823138	0.17682	4.20066e-05
Muller_E	4210928	0.823133	0.176825	4.21033e-05
Muller_E	4211312	0.823125	0.176833	4.22529e-05
Muller_E	4211755	0.823116	0.176841	4.24251e-05
Muller_E	4213444	0.823083	0.176874	4.30796e-05
Muller_E	4216650	0.823019	0.176936	4.43113e-05
Muller_E	4217058	0.823011	0.176944	4.44671e-05
Muller_E	4217453	0.823003	0.176952	4.46177e-05
Muller_E	4217565	0.823001	0.176954	4.46603e-05
Muller_E	4217669	0.822999	0.176956	4.46999e-05
Muller_E	4217825	0.822996	0.176959	4.47593e-05
Muller_E	4218923	0.822974	0.17698	4.51763e-05
Muller_E	4225215	0.82285	0.177103	4.75347e-05
Muller_E	4232774	0.822701	0.177249	5.02981e-05
Muller_E	4235298	0.822651	0.177298	5.12038e-05
Muller_E	4245993	0.82244	0.177505	5.49469e-05
Muller_E	4252835	0.822306	0.177637	5.72611e-05
Muller_E	4253725	0.822288	0.177654	5.75575e-05
Muller_E	4256197	0.82224	0.177702	5.83753e-05
Muller_E	4261234	0.822141	0.177799	6.00161e-05
Muller_E	4262892	0.822109	0.177831	6.05487e-05
Muller_E	4263238	0.822102	0.177837	6.06594e-05
Muller_E	4263588	0.822095	0.177844	6.07712e-05
Muller_E	4264621	0.822075	0.177864	6.11002e-05
Muller_E	4266950	0.822029	0.177909	6.18367e-05
Muller_E	4267529	0.822018	0.17792	6.20187e-05
Muller_E	4276223	0.821848	0.178087	6.46969e-05
Muller_E	4311688	0.82116	0.178765	7.45649e-05
Muller_E	4311965	0.821155	0.17877	7.46353e-05
Muller_E	4312254	0.821149	0.178776	7.47086e-05
Muller_E	4312510	0.821144	0.178781	7.47734e-05
Muller_E	4334492	0.820721	0.179199	8.001e-05
Muller_E	4352032	0.820386	0.179531	8.37167e-05
Muller_E	4353438	0.820359	0.179557	8.39957e-05
Muller_E	4356857	0.820294	0.179622	8.46628e-05
Muller_E	4360054	0.820233	0.179682	8.52721e-05
Muller_E	4374783	0.819953	0.17996	8.78989e-05
Muller_E	4374946	0.819949	0.179963	8.79263e-05
Muller_E	4381350	0.819828	0.180083	8.89743e-05
Muller_E	4558836	0.816549	0.183356	9.54258e-05
Muller_E	4562012	0.816492	0.183413	9.51401e-05
Muller_E	4564083	0.816454	0.183451	9.49461e-05
Muller_E	4564194	0.816452	0.183453	9.49355e-05
Muller_E	4568491	0.816375	0.18353	9.4513e-05
Muller_E	4569115	0.816364	0.183541	9.44494e-05
Muller_E	4569749	0.816353	0.183553	9.43843e-05
Muller_E	4570340	0.816342	0.183564	9.43231e-05
Muller_E	4571890	0.816314	0.183592	9.41602e-05
Muller_E	4572624	0.816301	0.183605	9.40819e-05
Muller_E	4573491	0.816286	0.18362	9.39884e-05
Muller_E	4573809	0.81628	0.183626	9.39539e-05
Muller_E	4577361	0.816216	0.18369	9.35582e-05
Muller_E	4577462	0.816214	0.183692	9.35467e-05
Muller_E	4578308	0.816199	0.183707	9.34497e-05
Muller_E	4580664	0.816157	0.18375	9.31742e-05
Muller_E	4580954	0.816152	0.183755	9.31398e-05
Muller_E	4581769	0.816137	0.18377	9.30423e-05
Muller_E	4581909	0.816135	0.183772	9.30255e-05
Muller_E	4583019	0.816115	0.183792	9.2891e-05
Muller_E	4583393	0.816108	0.183799	9.28453e-05
Muller_E	4583516	0.816106	0.183801	9.28302e-05
Muller_E	4584473	0.816089	0.183818	9.27122e-05
Muller_E	4589180	0.816005	0.183903	9.21129e-05
Muller_E	4590247	0.815986	0.183922	9.19727e-05
Muller_E	4591539	0.815963	0.183946	9.18008e-05
Muller_E	4593253	0.815932	0.183976	9.1569e-05
Muller_E	4593508	0.815928	0.183981	9.15341e-05
Muller_E	4593974	0.815919	0.183989	9.14702e-05
Muller_E	4595111	0.815899	0.18401	9.1313e-05
Muller_E	4595303	0.815896	0.184013	9.12863e-05
Muller_E	4597548	0.815856	0.184053	9.09699e-05
Muller_E	4597833	0.81585	0.184059	9.09292e-05
Muller_E	4600306	0.815806	0.184103	9.05714e-05
Muller_E	4607273	0.815683	0.184228	8.95166e-05
Muller_E	4607398	0.81568	0.18423	8.9497e-05
Muller_E	4610441	0.815626	0.184285	8.90141e-05
Muller_E	4611041	0.815616	0.184295	8.89174e-05
Muller_E	4611562	0.815606	0.184305	8.88329e-05
Muller_E	4611697	0.815604	0.184307	8.8811e-05
Muller_E	4612447	0.815591	0.184321	8.86886e-05
Muller_E	4612733	0.815586	0.184326	8.86417e-05
Muller_E	4612927	0.815582	0.184329	8.86099e-05
Muller_E	4613148	0.815578	0.184333	8.85735e-05
Muller_E	4614502	0.815554	0.184357	8.83492e-05
Muller_E	4615888	0.81553	0.184382	8.81168e-05
Muller_E	4616173	0.815525	0.184387	8.80687e-05
Muller_E	4616508	0.815519	0.184393	8.8012e-05
Muller_E	4616663	0.815516	0.184396	8.79857e-05
Muller_E	4618190	0.815489	0.184423	8.77249e-05
Muller_E	4619781	0.815461	0.184452	8.74497e-05
Muller_E	4622166	0.815419	0.184494	8.70302e-05
Muller_E	4626314	0.815345	0.184568	8.62815e-05
Muller_E	4626864	0.815336	0.184578	8.61804e-05
Muller_E	4627368	0.815327	0.184587	8.60873e-05
Muller_E	4627488	0.815325	0.184589	8.60651e-05
Muller_E	4633961	0.81521	0.184705	8.48368e-05
Muller_E	4635834	0.815177	0.184738	8.44702e-05
Muller_E	4636452	0.815167	0.184749	8.43482e-05
Muller_E	4637295	0.815152	0.184764	8.41808e-05
Muller_E	4640891	0.815088	0.184828	8.34555e-05
Muller_E	4645727	0.815003	0.184914	8.24509e-05
Muller_E	4646376	0.814992	0.184926	8.23135e-05
Muller_E	4646798	0.814985	0.184933	8.22239e-05
Muller_E	4653320	0.81487	0.185049	8.0806e-05
Muller_E	4656520	0.814814	0.185106	8.00881e-05
Muller_E	4672665	0.814532	0.185392	7.6242e-05
Muller_E	4674140	0.814507	0.185418	7.5872e-05
Muller_E	4675745	0.814479	0.185446	7.54658e-05
Muller_E	4676485	0.814466	0.185459	7.52773e-05
Muller_E	4677110	0.814455	0.18547	7.51175e-05
Muller_E	4677655	0.814445	0.18548	7.49776e-05
Muller_E	4678986	0.814422	0.185503	7.46343e-05
Muller_E	4680223	0.814401	0.185525	7.4313e-05
Muller_E	4682403	0.814363	0.185563	7.37413e-05
Muller_E	4682621	0.814359	0.185567	7.36838e-05
Muller_E	4684270	0.81433	0.185596	7.32463e-05
Muller_E	4685491	0.814309	0.185618	7.29198e-05
Muller_E	4686019	0.8143	0.185627	7.2778e-05
Muller_E	4687101	0.814281	0.185646	7.24861e-05
Muller_E	4689628	0.814237	0.185691	7.17978e-05
Muller_E	4690052	0.81423	0.185698	7.16814e-05
Muller_E	4690344	0.814225	0.185703	7.16011e-05
Muller_E	4690905	0.814215	0.185713	7.14465e-05
Muller_E	4691125	0.814212	0.185717	7.13857e-05
Muller_E	4691712	0.814201	0.185727	7.12232e-05
Muller_E	4691999	0.814196	0.185732	7.11436e-05
Muller_E	4692111	0.814194	0.185734	7.11125e-05
Muller_E	4693234	0.814175	0.185754	7.07997e-05
Muller_E	4693620	0.814168	0.185761	7.06917e-05
Muller_E	4693753	0.814166	0.185763	7.06545e-05
Muller_E	4694021	0.814161	0.185768	7.05794e-05
Muller_E	4694592	0.814151	0.185778	7.04189e-05
Muller_E	4696429	0.81412	0.18581	6.98997e-05
Muller_E	4696792	0.814113	0.185817	6.97965e-05
Muller_E	4699402	0.814068	0.185863	6.9049e-05
Muller_E	4700957	0.814041	0.18589	6.8599e-05
Muller_E	4702606	0.814013	0.185919	6.81179e-05
Muller_E	4708142	0.813917	0.186016	6.64743e-05
Muller_E	4712097	0.813849	0.186085	6.5273e-05
Muller_E	4713898	0.813818	0.186117	6.47184e-05
Muller_E	4714194	0.813813	0.186122	6.46268e-05
Muller_E	4717094	0.813763	0.186173	6.37228e-05
Muller_E	4717794	0.813751	0.186185	6.35028e-05
Muller_E	4720564	0.813704	0.186234	6.26251e-05
Muller_E	4722390	0.813672	0.186266	6.20405e-05
Muller_E	4727534	0.813584	0.186356	6.03676e-05
Muller_E	4730688	0.81353	0.186411	5.9323e-05
Muller_E	4731377	0.813518	0.186423	5.90928e-05
Muller_E	4732944	0.813491	0.18645	5.85669e-05
Muller_E	4738342	0.813399	0.186544	5.67279e-05
Muller_E	4739398	0.813381	0.186563	5.63632e-05
Muller_E	4742492	0.813328	0.186616	5.52853e-05
Muller_E	4745718	0.813273	0.186673	5.41467e-05
Muller_E	4746457	0.813261	0.186685	5.38837e-05
Muller_E	4748015	0.813234	0.186713	5.33267e-05
Muller_E	4748352	0.813228	0.186718	5.32058e-05
Muller_E	4748630	0.813224	0.186723	5.31059e-05
Muller_E	4751071	0.813182	0.186766	5.22239e-05
Muller_E	4751685	0.813172	0.186776	5.20007e-05
Muller_E	4751817	0.813169	0.186779	5.19527e-05
Muller_E	4752607	0.813156	0.186792	5.16645e-05
Muller_E	4752773	0.813153	0.186795	5.16039e-05
Muller_E	4753826	0.813135	0.186814	5.12181e-05
Muller_E	4754671	0.813121	0.186828	5.09074e-05
Muller_E	4756619	0.813088	0.186862	5.01872e-05
Muller_E	4759191	0.813044	0.186907	4.92278e-05
Muller_E	4761262	0.813009	0.186943	4.84483e-05
Muller_E	4761866	0.812999	0.186953	4.82198e-05
Muller_E	4761985	0.812997	0.186955	4.81747e-05
Muller_E	4763545	0.81297	0.186982	4.75818e-05
Muller_E	4764509	0.812954	0.186999	4.72136e-05
Muller_E	4765595	0.812935	0.187018	4.67972e-05
Muller_E	4766291	0.812924	0.18703	4.65295e-05
Muller_E	4766501	0.81292	0.187033	4.64485e-05
Muller_E	4767354	0.812906	0.187048	4.61191e-05
Muller_E	4769627	0.812867	0.187088	4.52363e-05
Muller_E	4769950	0.812862	0.187093	4.51102e-05
Muller_E	4772288	0.812822	0.187134	4.41931e-05
Muller_E	4773763	0.812797	0.187159	4.36104e-05
Muller_E	4773963	0.812794	0.187163	4.35312e-05
Muller_E	4774375	0.812787	0.18717	4.33677e-05
Muller_E	4774957	0.812777	0.18718	4.31364e-05
Muller_E	4775479	0.812768	0.187189	4.29286e-05
Muller_E	4776619	0.812749	0.187209	4.24732e-05
Muller_E	4779373	0.812702	0.187256	4.13653e-05
Muller_E	4781913	0.81266	0.1873	4.03337e-05
Muller_E	4782620	0.812648	0.187312	4.00449e-05
Muller_E	4783326	0.812636	0.187324	3.97558e-05
Muller_E	4786044	0.81259	0.187371	3.86358e-05
Muller_E	4786690	0.812579	0.187383	3.83681e-05
Muller_E	4789453	0.812533	0.18743	3.72159e-05
Muller_E	4790377	0.812517	0.187446	3.68282e-05
Muller_E	4792360	0.812484	0.18748	3.59917e-05
Muller_E	4792549	0.812481	0.187484	3.59117e-05
Muller_E	4792702	0.812478	0.187486	3.58469e-05
Muller_E	4822723	0.811976	0.188002	2.24655e-05
Muller_E	4832155	0.811819	0.188163	1.79884e-05
Muller_E	4834924	0.811773	0.18821	1.66492e-05
Muller_E	4838041	0.811721	0.188264	1.51282e-05
Muller_E	4839031	0.811705	0.18828	1.46421e-05
Muller_E	4840034	0.811688	0.188298	1.41482e-05
Muller_E	4843722	0.811627	0.18836	1.23193e-05
Muller_E	4844215	0.811619	0.188369	1.20733e-05
Muller_E	4846930	0.811574	0.188415	1.07121e-05
Muller_E	4847984	0.811557	0.188433	1.01807e-05
Muller_E	4849699	0.811528	0.188462	9.31267e-06
Muller_E	4849916	0.811525	0.188466	9.20252e-06
Muller_E	4850646	0.811513	0.188478	8.83147e-06
Muller_E	4851102	0.811505	0.188486	8.59929e-06
Muller_E	4851280	0.811502	0.188489	8.50857e-06
Muller_E	4852753	0.811478	0.188514	7.75609e-06
