chrom	position	2,0	1,1	0,2
Muller_E	62882	0.259906	0.576651	0.163442
Muller_E	267432	0.251664	0.594041	0.154296
Muller_E	441230	0.244624	0.608915	0.146461
Muller_E	511157	0.24178	0.614929	0.143291
Muller_E	557879	0.239876	0.618957	0.141167
Muller_E	581000	0.238932	0.620954	0.140114
Muller_E	709108	0.233689	0.632055	0.134256
Muller_E	768129	0.231264	0.637193	0.131543
Muller_E	785241	0.23056	0.638685	0.130755
Muller_E	787322	0.230474	0.638867	0.130659
Muller_E	787424	0.23047	0.638876	0.130654
Muller_E	788173	0.230439	0.638941	0.13062
Muller_E	788750	0.230416	0.638992	0.130593
Muller_E	788860	0.230411	0.639001	0.130588
Muller_E	791823	0.230289	0.63926	0.130451
Muller_E	802257	0.229859	0.640171	0.12997
Muller_E	893794	0.22608	0.648184	0.125736
Muller_E	894300	0.226059	0.648229	0.125713
Muller_E	896281	0.225977	0.648403	0.125621
Muller_E	897287	0.225935	0.648491	0.125574
Muller_E	897987	0.225906	0.648552	0.125542
Muller_E	901015	0.225781	0.648818	0.125401
Muller_E	901718	0.225752	0.64888	0.125368
Muller_E	923408	0.224853	0.650785	0.124361
Muller_E	923675	0.224842	0.650809	0.124349
Muller_E	924320	0.224816	0.650866	0.124319
Muller_E	927795	0.224672	0.651171	0.124157
Muller_E	948021	0.223833	0.65295	0.123217
Muller_E	948230	0.223824	0.652969	0.123207
Muller_E	958531	0.223397	0.653876	0.122727
Muller_E	967701	0.223016	0.654684	0.1223
Muller_E	969142	0.222956	0.654811	0.122233
Muller_E	1033237	0.22029	0.66047	0.119241
Muller_E	1120573	0.216642	0.668216	0.115143
Muller_E	1123171	0.216533	0.668447	0.11502
Muller_E	1146845	0.215541	0.670554	0.113905
Muller_E	1148492	0.215472	0.6707	0.113828
Muller_E	1168315	0.21464	0.672467	0.112893
Muller_E	1213395	0.212745	0.676493	0.110761
Muller_E	1262309	0.210684	0.680875	0.108441
Muller_E	1275111	0.210143	0.682024	0.107833
Muller_E	1275707	0.210118	0.682078	0.107804
Muller_E	1314313	0.208485	0.685549	0.105966
Muller_E	1318297	0.208316	0.685908	0.105776
Muller_E	1358440	0.206614	0.689528	0.103858
Muller_E	1358616	0.206607	0.689544	0.103849
Muller_E	1378824	0.205748	0.69137	0.102882
Muller_E	1480336	0.201419	0.700582	0.0979996
Muller_E	1489232	0.201038	0.701392	0.09757
Muller_E	1645912	0.194293	0.715752	0.0899544
Muller_E	1673398	0.193102	0.718289	0.0886087
Muller_E	1718642	0.191137	0.722476	0.086387
Muller_E	1746815	0.18991	0.72509	0.0849994
Muller_E	1763447	0.189185	0.726637	0.0841787
Muller_E	1765039	0.189115	0.726785	0.0841001
Muller_E	1765159	0.18911	0.726796	0.0840942
Muller_E	1765369	0.189101	0.726815	0.0840838
Muller_E	1771226	0.188845	0.727361	0.0837945
Muller_E	1799036	0.187629	0.729952	0.0824188
Muller_E	1802542	0.187476	0.730279	0.0822452
Muller_E	1802678	0.18747	0.730292	0.0822385
Muller_E	1803039	0.187454	0.730326	0.0822206
Muller_E	1803347	0.18744	0.730354	0.0822053
Muller_E	1805518	0.187345	0.730557	0.0820977
Muller_E	1812938	0.18702	0.73125	0.08173
Muller_E	1813040	0.187016	0.731259	0.0817249
Muller_E	1815234	0.18692	0.731464	0.0816161
Muller_E	1815907	0.18689	0.731527	0.0815827
Muller_E	1816383	0.186869	0.731572	0.0815591
Muller_E	1831501	0.186206	0.732985	0.0808089
Muller_E	1850978	0.185351	0.734808	0.0798408
Muller_E	1851905	0.18531	0.734895	0.0797947
Muller_E	1852166	0.185299	0.734919	0.0797817
Muller_E	1857635	0.185059	0.735432	0.0795096
Muller_E	1861157	0.184904	0.735762	0.0793343
Muller_E	1861336	0.184896	0.735779	0.0793254
Muller_E	1861880	0.184872	0.73583	0.0792983
Muller_E	1866595	0.184664	0.736272	0.0790635
Muller_E	1870209	0.184505	0.736611	0.0788835
Muller_E	1871973	0.184428	0.736777	0.0787956
Muller_E	1880064	0.184072	0.737536	0.0783922
Muller_E	1889333	0.183663	0.738407	0.0779299
Muller_E	1891195	0.183581	0.738582	0.0778369
Muller_E	1894320	0.183443	0.738876	0.0776809
Muller_E	1900363	0.183177	0.739444	0.0773791
Muller_E	1904375	0.183	0.739821	0.0771787
Muller_E	1915469	0.18251	0.740866	0.0766241
Muller_E	1927060	0.181998	0.741958	0.076044
Muller_E	1932459	0.181759	0.742467	0.0757736
Muller_E	1944351	0.181233	0.743589	0.0751776
Muller_E	1946702	0.181129	0.743811	0.0750597
Muller_E	1961660	0.180467	0.745224	0.074309
Muller_E	1975567	0.17985	0.74654	0.0736102
Muller_E	2011856	0.178237	0.74998	0.0717826
Muller_E	2013122	0.178181	0.7501	0.0717188
Muller_E	2044597	0.176778	0.753093	0.0701287
Muller_E	2048236	0.176616	0.75344	0.0699446
Muller_E	2048434	0.176607	0.753459	0.0699345
Muller_E	2086567	0.174902	0.757097	0.0680014
Muller_E	2103366	0.174149	0.758703	0.0671477
Muller_E	2117584	0.173511	0.760065	0.0664241
Muller_E	2126123	0.173128	0.760883	0.0659891
Muller_E	2135792	0.172693	0.761811	0.0654961
Muller_E	2140907	0.172463	0.762302	0.0652351
Muller_E	2141169	0.172451	0.762327	0.0652218
Muller_E	2142715	0.172382	0.762475	0.0651428
Muller_E	2145389	0.172261	0.762732	0.0650063
Muller_E	2146953	0.172191	0.762883	0.0649265
Muller_E	2147057	0.172186	0.762892	0.0649212
Muller_E	2201852	0.169714	0.76817	0.0621161
Muller_E	2204792	0.169581	0.768453	0.0619652
Muller_E	2219543	0.168914	0.769879	0.0612074
Muller_E	2220290	0.16888	0.769951	0.061169
Muller_E	2241628	0.167913	0.772016	0.0600709
Muller_E	2243471	0.167829	0.772195	0.059976
Muller_E	2531559	0.154584	0.800491	0.0449255
Muller_E	2693610	0.146974	0.816758	0.0362684
Muller_E	2696554	0.146835	0.817056	0.0361097
Muller_E	2706179	0.146379	0.81803	0.0355909
Muller_E	2713009	0.146055	0.818723	0.0352223
Muller_E	2716202	0.145903	0.819047	0.03505
Muller_E	2721440	0.145655	0.819578	0.0347671
Muller_E	2735475	0.144988	0.821003	0.0340083
Muller_E	2763120	0.143673	0.823817	0.0325105
Muller_E	2777976	0.142964	0.825332	0.0317038
Muller_E	2779619	0.142886	0.8255	0.0316145
Muller_E	2787347	0.142517	0.826289	0.0311943
Muller_E	2788916	0.142442	0.826449	0.0311089
Muller_E	2795398	0.142132	0.827112	0.0307561
Muller_E	2798296	0.141993	0.827409	0.0305983
Muller_E	2799305	0.141945	0.827512	0.0305434
Muller_E	2800245	0.1419	0.827608	0.0304922
Muller_E	2800507	0.141887	0.827635	0.0304779
Muller_E	2800780	0.141874	0.827663	0.030463
Muller_E	2800932	0.141867	0.827678	0.0304547
Muller_E	2801158	0.141856	0.827701	0.0304424
Muller_E	2805736	0.141637	0.82817	0.030193
Muller_E	2807233	0.141566	0.828323	0.0301114
Muller_E	2807795	0.141539	0.828381	0.0300807
Muller_E	2808363	0.141511	0.828439	0.0300498
Muller_E	2809031	0.141479	0.828507	0.0300133
Muller_E	2809272	0.141468	0.828532	0.0300002
Muller_E	2809909	0.141437	0.828597	0.0299655
Muller_E	2811470	0.141363	0.828757	0.0298803
Muller_E	2811776	0.141348	0.828788	0.0298637
Muller_E	2812117	0.141332	0.828823	0.0298451
Muller_E	2815676	0.141161	0.829188	0.0296509
Muller_E	2816259	0.141133	0.829248	0.0296191
Muller_E	2817070	0.141094	0.829331	0.0295748
Muller_E	2817616	0.141068	0.829387	0.0295451
Muller_E	2819402	0.140983	0.82957	0.0294476
Muller_E	2820166	0.140946	0.829648	0.0294059
Muller_E	2820386	0.140935	0.829671	0.0293939
Muller_E	2820775	0.140917	0.829711	0.0293726
Muller_E	2821135	0.1409	0.829747	0.029353
Muller_E	2821440	0.140885	0.829779	0.0293363
Muller_E	2826939	0.140621	0.830343	0.029036
Muller_E	2831172	0.140418	0.830777	0.0288047
Muller_E	2831515	0.140402	0.830812	0.028786
Muller_E	2832336	0.140362	0.830897	0.0287411
Muller_E	2833070	0.140327	0.830972	0.028701
Muller_E	2850717	0.139479	0.832785	0.0277355
Muller_E	2853215	0.139359	0.833042	0.0275987
Muller_E	2856496	0.139201	0.83338	0.0274189
Muller_E	2856945	0.13918	0.833426	0.0273943
Muller_E	2857481	0.139154	0.833481	0.0273649
Muller_E	2858163	0.139121	0.833551	0.0273275
Muller_E	2859754	0.139044	0.833715	0.0272403
Muller_E	2859987	0.139033	0.833739	0.0272276
Muller_E	2862604	0.138907	0.834009	0.0270841
Muller_E	2866488	0.13872	0.834409	0.0268711
Muller_E	2867267	0.138683	0.834489	0.0268283
Muller_E	2868557	0.138621	0.834622	0.0267576
Muller_E	2870085	0.138547	0.834779	0.0266737
Muller_E	2870623	0.138521	0.834835	0.0266442
Muller_E	2876155	0.138254	0.835405	0.0263405
Muller_E	2877151	0.138206	0.835508	0.0262858
Muller_E	2886067	0.137776	0.836428	0.0257959
Muller_E	2886534	0.137754	0.836476	0.0257702
Muller_E	2887599	0.137702	0.836586	0.0257117
Muller_E	2887882	0.137689	0.836615	0.0256961
Muller_E	2888492	0.137659	0.836678	0.0256626
Muller_E	2888607	0.137654	0.83669	0.0256562
Muller_E	2890000	0.137586	0.836834	0.0255796
Muller_E	2890387	0.137568	0.836874	0.0255584
Muller_E	2890907	0.137543	0.836928	0.0255298
Muller_E	2894764	0.137356	0.837326	0.0253176
Muller_E	2899098	0.137147	0.837774	0.025079
Muller_E	2901481	0.137032	0.83802	0.0249478
Muller_E	2901643	0.137024	0.838037	0.0249389
Muller_E	2902627	0.136976	0.838139	0.0248847
Muller_E	2903432	0.136937	0.838222	0.0248404
Muller_E	2904998	0.136862	0.838384	0.0247542
Muller_E	2905994	0.136814	0.838487	0.0246993
Muller_E	2907134	0.136758	0.838605	0.0246365
Muller_E	2908511	0.136692	0.838748	0.0245606
Muller_E	2909452	0.136646	0.838845	0.0245088
Muller_E	2910160	0.136612	0.838918	0.0244697
Muller_E	2911022	0.13657	0.839007	0.0244222
Muller_E	2911252	0.136559	0.839031	0.0244095
Muller_E	2911992	0.136523	0.839108	0.0243688
Muller_E	2914672	0.136394	0.839385	0.024221
Muller_E	2915489	0.136354	0.83947	0.0241759
Muller_E	2918585	0.136204	0.839791	0.0240052
Muller_E	2919015	0.136183	0.839835	0.0239815
Muller_E	2919728	0.136149	0.839909	0.0239421
Muller_E	2919971	0.136137	0.839934	0.0239287
Muller_E	2921506	0.136063	0.840093	0.023844
Muller_E	2922564	0.136012	0.840203	0.0237856
Muller_E	2922707	0.136005	0.840218	0.0237777
Muller_E	2924226	0.135931	0.840375	0.0236939
Muller_E	2925108	0.135888	0.840466	0.0236452
Muller_E	2925552	0.135867	0.840513	0.0236207
Muller_E	2928855	0.135707	0.840855	0.0234383
Muller_E	2930674	0.135619	0.841044	0.0233379
Muller_E	2931258	0.13559	0.841104	0.0233056
Muller_E	2931592	0.135574	0.841139	0.0232871
Muller_E	2931798	0.135564	0.84116	0.0232758
Muller_E	2932326	0.135538	0.841215	0.0232466
Muller_E	2945623	0.134893	0.842595	0.0225114
Muller_E	2945753	0.134887	0.842609	0.0225042
Muller_E	2945878	0.134881	0.842622	0.0224973
Muller_E	2946001	0.134875	0.842635	0.0224905
Muller_E	2955783	0.134399	0.843652	0.021949
Muller_E	2957997	0.134292	0.843882	0.0218264
Muller_E	2959282	0.134229	0.844015	0.0217552
Muller_E	2959697	0.134209	0.844059	0.0217322
Muller_E	2959819	0.134203	0.844071	0.0217254
Muller_E	2960759	0.134158	0.844169	0.0216733
Muller_E	2961667	0.134113	0.844264	0.021623
Muller_E	2961801	0.134107	0.844278	0.0216156
Muller_E	2963254	0.134036	0.844429	0.021535
Muller_E	2963568	0.134021	0.844462	0.0215176
Muller_E	2975263	0.133452	0.84568	0.0208689
Muller_E	2976725	0.13338	0.845832	0.0207878
Muller_E	2977784	0.133329	0.845942	0.020729
Muller_E	2982473	0.1331	0.846431	0.0204686
Muller_E	2984283	0.133012	0.84662	0.020368
Muller_E	2985483	0.132953	0.846745	0.0203013
Muller_E	2985658	0.132945	0.846764	0.0202916
Muller_E	2985908	0.132933	0.84679	0.0202777
Muller_E	2987685	0.132846	0.846975	0.020179
Muller_E	2992894	0.132592	0.847519	0.0198894
Muller_E	2993313	0.132571	0.847563	0.0198661
Muller_E	2993798	0.132548	0.847613	0.0198391
Muller_E	2994137	0.132531	0.847649	0.0198202
Muller_E	2994487	0.132514	0.847685	0.0198008
Muller_E	2994615	0.132508	0.847699	0.0197936
Muller_E	2995123	0.132483	0.847752	0.0197654
Muller_E	2995701	0.132455	0.847812	0.0197332
Muller_E	2996048	0.132438	0.847848	0.0197139
Muller_E	2996738	0.132404	0.84792	0.0196755
Muller_E	2996880	0.132397	0.847935	0.0196676
Muller_E	2997113	0.132386	0.847959	0.0196547
Muller_E	2999116	0.132288	0.848169	0.0195432
Muller_E	2999459	0.132271	0.848205	0.0195241
Muller_E	3001420	0.132176	0.848409	0.019415
Muller_E	3001578	0.132168	0.848426	0.0194062
Muller_E	3001696	0.132162	0.848438	0.0193996
Muller_E	3002579	0.132119	0.848531	0.0193505
Muller_E	3003095	0.132094	0.848585	0.0193217
Muller_E	3003540	0.132072	0.848631	0.019297
Muller_E	3004120	0.132044	0.848692	0.0192647
Muller_E	3005221	0.13199	0.848807	0.0192034
Muller_E	3007967	0.131856	0.849094	0.0190504
Muller_E	3012773	0.131621	0.849597	0.0187826
Muller_E	3013331	0.131593	0.849655	0.0187515
Muller_E	3013618	0.131579	0.849685	0.0187355
Muller_E	3014080	0.131557	0.849734	0.0187098
Muller_E	3014783	0.131522	0.849807	0.0186706
Muller_E	3016296	0.131448	0.849965	0.0185862
Muller_E	3017214	0.131403	0.850062	0.0185351
Muller_E	3018320	0.131349	0.850177	0.0184734
Muller_E	3018982	0.131317	0.850247	0.0184365
Muller_E	3019303	0.131301	0.85028	0.0184186
Muller_E	3019831	0.131275	0.850336	0.0183891
Muller_E	3021834	0.131177	0.850545	0.0182774
Muller_E	3021944	0.131172	0.850557	0.0182712
Muller_E	3023127	0.131114	0.850681	0.0182052
Muller_E	3024474	0.226159	0.772219	0.00162197
Muller_E	3024813	0.131013	0.850855	0.0181319
Muller_E	3029421	0.130533	0.851309	0.0181573
Muller_E	3029834	0.13049	0.85135	0.0181596
Muller_E	3030101	0.130463	0.851376	0.0181611
Muller_E	3033200	0.13014	0.851682	0.0181781
Muller_E	3033901	0.130067	0.851751	0.0181819
Muller_E	3034073	0.130049	0.851768	0.0181829
Muller_E	3036032	0.129845	0.851961	0.0181936
Muller_E	3038305	0.129609	0.852185	0.018206
Muller_E	3041816	0.129243	0.852532	0.0182251
Muller_E	3044683	0.128945	0.852814	0.0182407
Muller_E	3046757	0.128729	0.853019	0.0182519
Muller_E	3046887	0.128715	0.853032	0.0182526
Muller_E	3047900	0.12861	0.853132	0.0182581
Muller_E	3048135	0.128585	0.853155	0.0182594
Muller_E	3050664	0.128322	0.853405	0.018273
Muller_E	3051698	0.128214	0.853507	0.0182786
Muller_E	3051968	0.128186	0.853534	0.01828
Muller_E	3052635	0.128117	0.8536	0.0182836
Muller_E	3053197	0.128058	0.853655	0.0182866
Muller_E	3056428	0.127722	0.853974	0.018304
Muller_E	3056712	0.127692	0.854002	0.0183055
Muller_E	3058398	0.127517	0.854169	0.0183145
Muller_E	3059687	0.127382	0.854296	0.0183214
Muller_E	3061511	0.127192	0.854477	0.0183312
Muller_E	3062406	0.127099	0.854565	0.0183359
Muller_E	3062537	0.127085	0.854578	0.0183366
Muller_E	3100018	0.123177	0.858291	0.0185324
Muller_E	3100718	0.123104	0.85836	0.018536
Muller_E	3112367	0.121888	0.859517	0.0185953
Muller_E	3112987	0.121823	0.859578	0.0185984
Muller_E	3113420	0.121778	0.859622	0.0186006
Muller_E	3116107	0.121497	0.859889	0.0186142
Muller_E	3119432	0.12115	0.860219	0.0186309
Muller_E	3119714	0.121121	0.860247	0.0186323
Muller_E	3120862	0.121001	0.860361	0.0186381
Muller_E	3122265	0.120854	0.860501	0.0186451
Muller_E	3123364	0.120739	0.86061	0.0186506
Muller_E	3124138	0.120658	0.860687	0.0186545
Muller_E	3127464	0.120311	0.861018	0.018671
Muller_E	3128767	0.120175	0.861148	0.0186775
Muller_E	3128895	0.120161	0.86116	0.0186782
Muller_E	3129611	0.120087	0.861232	0.0186817
Muller_E	3129743	0.120073	0.861245	0.0186824
Muller_E	3130171	0.120028	0.861287	0.0186845
Muller_E	3131529	0.119886	0.861423	0.0186912
Muller_E	3137674	0.119244	0.862035	0.0187216
Muller_E	3139976	0.119003	0.862264	0.0187329
Muller_E	3143168	0.118669	0.862582	0.0187485
Muller_E	3169152	0.115951	0.865175	0.0188737
Muller_E	3170575	0.115802	0.865317	0.0188805
Muller_E	3173857	0.115458	0.865646	0.018896
Muller_E	3192801	0.113474	0.867541	0.0189845
Muller_E	3194086	0.113339	0.86767	0.0189904
Muller_E	3194230	0.113324	0.867685	0.0189911
Muller_E	3207603	0.111922	0.869025	0.0190523
Muller_E	3207708	0.111911	0.869036	0.0190528
Muller_E	3208070	0.111873	0.869072	0.0190544
Muller_E	3208369	0.111842	0.869102	0.0190558
Muller_E	3208507	0.111828	0.869116	0.0190564
Muller_E	3208706	0.111807	0.869136	0.0190573
Muller_E	3210124	0.111658	0.869278	0.0190637
Muller_E	3211254	0.11154	0.869392	0.0190688
Muller_E	3212088	0.111452	0.869475	0.0190726
Muller_E	3216063	0.111035	0.869874	0.0190905
Muller_E	3216461	0.110993	0.869914	0.0190923
Muller_E	3217109	0.110925	0.869979	0.0190952
Muller_E	3217441	0.110891	0.870013	0.0190967
Muller_E	3217706	0.110863	0.870039	0.0190978
Muller_E	3217825	0.11085	0.870051	0.0190984
Muller_E	3218354	0.110795	0.870104	0.0191007
Muller_E	3219292	0.110696	0.870199	0.0191049
Muller_E	3219763	0.110647	0.870246	0.019107
Muller_E	3221459	0.110469	0.870416	0.0191146
Muller_E	3222112	0.110401	0.870482	0.0191175
Muller_E	3223012	0.110306	0.870572	0.0191215
Muller_E	3223549	0.11025	0.870626	0.0191239
Muller_E	3224815	0.110117	0.870754	0.0191296
Muller_E	3226800	0.109909	0.870953	0.0191384
Muller_E	3229718	0.109602	0.871246	0.0191513
Muller_E	3240322	0.108489	0.872313	0.0191978
Muller_E	3240918	0.108426	0.872373	0.0192004
Muller_E	3241273	0.108389	0.872409	0.0192019
Muller_E	3247835	0.1077	0.87307	0.0192304
Muller_E	3251442	0.107321	0.873433	0.0192459
Muller_E	3252203	0.107241	0.87351	0.0192492
Muller_E	3254014	0.107051	0.873693	0.0192569
Muller_E	3254518	0.106998	0.873743	0.0192591
Muller_E	3255141	0.106932	0.873806	0.0192617
Muller_E	3255365	0.106909	0.873829	0.0192627
Muller_E	3259142	0.106512	0.87421	0.0192788
Muller_E	3259935	0.106428	0.87429	0.0192822
Muller_E	3262497	0.106159	0.874548	0.019293
Muller_E	3263708	0.106032	0.87467	0.0192981
Muller_E	3264644	0.105933	0.874765	0.0193021
Muller_E	3266132	0.105777	0.874915	0.0193084
Muller_E	3266579	0.10573	0.87496	0.0193103
Muller_E	3266806	0.105706	0.874983	0.0193112
Muller_E	3269029	0.105472	0.875207	0.0193206
Muller_E	3271700	0.105191	0.875477	0.0193317
Muller_E	3271881	0.105172	0.875495	0.0193325
Muller_E	3273894	0.10496	0.875699	0.0193409
Muller_E	3275081	0.104836	0.875819	0.0193459
Muller_E	3275989	0.10474	0.87591	0.0193496
Muller_E	3278049	0.104523	0.876118	0.0193582
Muller_E	3280894	0.104224	0.876406	0.01937
Muller_E	3282107	0.104096	0.876529	0.019375
Muller_E	3282973	0.104005	0.876616	0.0193785
Muller_E	3284532	0.103841	0.876774	0.0193849
Muller_E	3291321	0.103127	0.877461	0.0194127
Muller_E	3291878	0.103068	0.877517	0.019415
Muller_E	3293351	0.102913	0.877666	0.019421
Muller_E	3293759	0.10287	0.877707	0.0194226
Muller_E	3304917	0.101695	0.878837	0.0194676
Muller_E	3306663	0.101511	0.879014	0.0194745
Muller_E	3306880	0.101488	0.879036	0.0194754
Muller_E	3310127	0.101146	0.879366	0.0194883
Muller_E	3312301	0.100917	0.879586	0.0194969
Muller_E	3312718	0.100873	0.879628	0.0194986
Muller_E	3318766	0.100236	0.880242	0.0195224
Muller_E	3323588	0.0997275	0.880731	0.0195412
Muller_E	3324201	0.0996628	0.880794	0.0195436
Muller_E	3324656	0.0996149	0.88084	0.0195453
Muller_E	3325091	0.099569	0.880884	0.019547
Muller_E	3326084	0.0994643	0.880985	0.0195509
Muller_E	3326190	0.0994531	0.880996	0.0195513
Muller_E	3330218	0.0990284	0.881405	0.0195668
Muller_E	3334866	0.0985381	0.881877	0.0195847
Muller_E	3337545	0.0982555	0.88215	0.0195949
Muller_E	3340268	0.0979682	0.882427	0.0196053
Muller_E	3340480	0.0979458	0.882448	0.0196061
Muller_E	3410593	0.0905355	0.889606	0.0198581
Muller_E	3431230	0.0883495	0.891724	0.0199269
Muller_E	3437416	0.0876938	0.892359	0.0199471
Muller_E	3456916	0.0856256	0.894365	0.0200091
Muller_E	3457694	0.0855431	0.894445	0.0200115
Muller_E	3459001	0.0854044	0.89458	0.0200156
Muller_E	3462300	0.0850542	0.89492	0.0200259
Muller_E	3464519	0.0848187	0.895149	0.0200327
Muller_E	3464673	0.0848023	0.895164	0.0200332
Muller_E	3477602	0.0834294	0.896498	0.0200725
Muller_E	3525631	0.0783214	0.901468	0.0202101
Muller_E	3546828	0.0760631	0.90367	0.0202665
Muller_E	3557059	0.0749722	0.904735	0.0202928
Muller_E	3566467	0.0739686	0.905715	0.0203164
Muller_E	3572057	0.073372	0.906298	0.0203302
Muller_E	3572168	0.0733602	0.906309	0.0203304
Muller_E	3579272	0.0726018	0.907051	0.0203477
Muller_E	3579502	0.0725772	0.907075	0.0203482
Muller_E	3582419	0.0722657	0.907379	0.0203552
Muller_E	3590131	0.071442	0.908185	0.0203734
Muller_E	3605233	0.0698279	0.909764	0.0204081
Muller_E	3610748	0.0692381	0.910341	0.0204204
Muller_E	3611776	0.0691282	0.910449	0.0204227
Muller_E	3615071	0.0687757	0.910794	0.0204299
Muller_E	3617701	0.0684943	0.91107	0.0204357
Muller_E	3617818	0.0684818	0.911082	0.0204359
Muller_E	3617948	0.0684679	0.911096	0.0204362
Muller_E	3623404	0.0678841	0.911668	0.020448
Muller_E	3630035	0.0671743	0.912364	0.020462
Muller_E	3631532	0.067014	0.912521	0.0204652
Muller_E	3634067	0.0667426	0.912787	0.0204705
Muller_E	3642157	0.0658761	0.913637	0.0204871
Muller_E	3643438	0.0657389	0.913771	0.0204897
Muller_E	3645674	0.0654993	0.914007	0.0204942
Muller_E	3652519	0.0647657	0.914727	0.0205078
Muller_E	3655257	0.0644722	0.915015	0.0205131
Muller_E	3657953	0.0641832	0.915298	0.0205183
Muller_E	3660200	0.0639422	0.915535	0.0205227
Muller_E	3665461	0.063378	0.916089	0.0205327
Muller_E	3670065	0.0628841	0.916575	0.0205413
Muller_E	3757777	0.0534514	0.925868	0.0206808
Muller_E	3766114	0.0525524	0.926756	0.0206916
Muller_E	3770199	0.0521118	0.927191	0.0206967
Muller_E	3771242	0.0519993	0.927303	0.020698
Muller_E	3775369	0.051554	0.927743	0.020703
Muller_E	3781958	0.0508429	0.928446	0.0207109
Muller_E	3788305	0.0501577	0.929124	0.0207182
Muller_E	3788531	0.0501333	0.929148	0.0207184
Muller_E	3788717	0.0501132	0.929168	0.0207187
Muller_E	3791492	0.0498135	0.929465	0.0207218
Muller_E	3791929	0.0497663	0.929511	0.0207222
Muller_E	3794089	0.049533	0.929742	0.0207246
Muller_E	3798034	0.0491069	0.930164	0.0207289
Muller_E	3805877	0.0482593	0.931004	0.0207371
Muller_E	3808116	0.0480173	0.931243	0.0207394
Muller_E	3837593	0.0448282	0.934405	0.0207663
Muller_E	3889492	0.0392003	0.939999	0.0208005
Muller_E	3892070	0.0389203	0.940278	0.0208017
Muller_E	3892768	0.0388445	0.940353	0.0208021
Muller_E	3893846	0.0387274	0.94047	0.0208026
Muller_E	3895236	0.0385764	0.94062	0.0208032
Muller_E	3896701	0.0384173	0.940779	0.0208039
Muller_E	3964144	0.0310757	0.948105	0.0208195
Muller_E	3964249	0.0310643	0.948116	0.0208195
Muller_E	3964701	0.031015	0.948166	0.0208195
Muller_E	3965335	0.0309458	0.948235	0.0208195
Muller_E	3965537	0.0309238	0.948257	0.0208195
Muller_E	3971184	0.0303077	0.948873	0.0208194
Muller_E	4005791	0.0265278	0.952658	0.0208145
Muller_E	4007537	0.0263369	0.952849	0.0208141
Muller_E	4008073	0.0262783	0.952908	0.0208139
Muller_E	4008732	0.0262062	0.95298	0.0208137
Muller_E	4009275	0.0261468	0.95304	0.0208136
Muller_E	4009794	0.0260901	0.953096	0.0208134
Muller_E	4010462	0.026017	0.95317	0.0208132
Muller_E	4011246	0.0259313	0.953256	0.020813
Muller_E	4011350	0.0259199	0.953267	0.020813
Muller_E	4011743	0.0258769	0.95331	0.0208129
Muller_E	4012926	0.0257475	0.95344	0.0208125
Muller_E	4015010	0.0255195	0.953669	0.0208119
Muller_E	4015956	0.0254161	0.953772	0.0208116
Muller_E	4016731	0.0253313	0.953857	0.0208113
Muller_E	4017133	0.0252873	0.953902	0.0208112
Muller_E	4017640	0.0252318	0.953957	0.020811
Muller_E	4021078	0.0248556	0.954335	0.0208098
Muller_E	4021876	0.0247683	0.954422	0.0208096
Muller_E	4022513	0.0246986	0.954492	0.0208093
Muller_E	4022928	0.0246531	0.954538	0.0208092
Muller_E	4024532	0.0244776	0.954714	0.0208086
Muller_E	4024639	0.0244659	0.954726	0.0208085
Muller_E	4025270	0.0243968	0.954795	0.0208083
Muller_E	4027169	0.0241889	0.955004	0.0208076
Muller_E	4027437	0.0241596	0.955033	0.0208075
Muller_E	4027764	0.0241238	0.955069	0.0208073
Muller_E	4029270	0.0239589	0.955234	0.0208067
Muller_E	4032202	0.0236378	0.955557	0.0208055
Muller_E	4032327	0.0236242	0.95557	0.0208054
Muller_E	4033521	0.0234934	0.955702	0.0208049
Muller_E	4033797	0.0234632	0.955732	0.0208048
Muller_E	4036360	0.0231825	0.956014	0.0208037
Muller_E	4037138	0.0230972	0.956099	0.0208033
Muller_E	4037610	0.0230455	0.956151	0.0208031
Muller_E	4040496	0.0227294	0.956469	0.0208017
Muller_E	4040949	0.0226797	0.956519	0.0208015
Muller_E	4045900	0.0221372	0.957064	0.020799
Muller_E	4046078	0.0221177	0.957083	0.0207989
Muller_E	4046843	0.0220338	0.957168	0.0207985
Muller_E	4047581	0.021953	0.957249	0.0207981
Muller_E	4048275	0.0218769	0.957325	0.0207978
Muller_E	4048700	0.0218303	0.957372	0.0207975
Muller_E	4053592	0.021294	0.957911	0.0207948
Muller_E	4056223	0.0210055	0.958201	0.0207933
Muller_E	4056545	0.0209702	0.958237	0.0207931
Muller_E	4056951	0.0209256	0.958281	0.0207929
Muller_E	4057601	0.0208543	0.958353	0.0207925
Muller_E	4057720	0.0208413	0.958366	0.0207924
Muller_E	4058043	0.0208059	0.958402	0.0207923
Muller_E	4058149	0.0207942	0.958414	0.0207922
Muller_E	4058704	0.0207334	0.958475	0.0207919
Muller_E	4059417	0.0206552	0.958553	0.0207914
Muller_E	4059965	0.0205951	0.958614	0.0207911
Muller_E	4061381	0.0204397	0.95877	0.0207902
Muller_E	4061745	0.0203998	0.95881	0.02079
Muller_E	4062020	0.0203696	0.958841	0.0207898
Muller_E	4062507	0.0203162	0.958894	0.0207895
Muller_E	4062941	0.0202686	0.958942	0.0207892
Muller_E	4064035	0.0201486	0.959063	0.0207886
Muller_E	4064680	0.0200778	0.959134	0.0207881
Muller_E	4064829	0.0200614	0.959151	0.020788
Muller_E	4065474	0.0199907	0.959222	0.0207876
Muller_E	4065574	0.0199797	0.959233	0.0207876
Muller_E	4066028	0.0199299	0.959283	0.0207873
Muller_E	4067541	0.0197639	0.95945	0.0207863
Muller_E	4067967	0.0197171	0.959497	0.020786
Muller_E	4068535	0.0196548	0.95956	0.0207856
Muller_E	4069245	0.0195768	0.959638	0.0207851
Muller_E	4070105	0.0194825	0.959733	0.0207846
Muller_E	4071088	0.0193746	0.959842	0.0207839
Muller_E	4071641	0.0193139	0.959903	0.0207835
Muller_E	4072126	0.0192606	0.959956	0.0207832
Muller_E	4072768	0.0191902	0.960027	0.0207827
Muller_E	4072973	0.0191676	0.96005	0.0207826
Muller_E	4073359	0.0191253	0.960092	0.0207823
Muller_E	4075135	0.0189303	0.960289	0.0207811
Muller_E	4075254	0.0189172	0.960302	0.020781
Muller_E	4076053	0.0188295	0.96039	0.0207804
Muller_E	4077160	0.018708	0.960512	0.0207796
Muller_E	4078165	0.0185976	0.960624	0.0207789
Muller_E	4078690	0.01854	0.960682	0.0207785
Muller_E	4078900	0.0185169	0.960705	0.0207784
Muller_E	4079010	0.0185048	0.960717	0.0207783
Muller_E	4079297	0.0184733	0.960749	0.0207781
Muller_E	4081728	0.0182063	0.961017	0.0207762
Muller_E	4082079	0.0181678	0.961056	0.020776
Muller_E	4083988	0.0179581	0.961267	0.0207745
Muller_E	4085715	0.0177683	0.961458	0.0207732
Muller_E	4089306	0.0173738	0.961856	0.0207703
Muller_E	4089803	0.0173192	0.961911	0.0207699
Muller_E	4092778	0.0169922	0.96224	0.0207675
Muller_E	4092894	0.0169795	0.962253	0.0207674
Muller_E	4098915	0.0163176	0.96292	0.0207623
Muller_E	4109650	0.0151369	0.96411	0.0207526
Muller_E	4113217	0.0147444	0.964506	0.0207492
Muller_E	4113538	0.0147091	0.964542	0.0207489
Muller_E	4114422	0.0146118	0.96464	0.0207481
Muller_E	4114803	0.0145699	0.964682	0.0207477
Muller_E	4115118	0.0145352	0.964717	0.0207474
Muller_E	4116856	0.0143439	0.96491	0.0207457
Muller_E	4117074	0.01432	0.964935	0.0207455
Muller_E	4117473	0.014276	0.964979	0.0207451
Muller_E	4118970	0.0141112	0.965145	0.0207436
Muller_E	4121851	0.0137941	0.965465	0.0207407
Muller_E	4122071	0.0137698	0.96549	0.0207404
Muller_E	4122393	0.0137344	0.965525	0.0207401
Muller_E	4122818	0.0136876	0.965573	0.0207397
Muller_E	4124318	0.0135224	0.965739	0.0207381
Muller_E	4124418	0.0135114	0.965751	0.020738
Muller_E	4126492	0.013283	0.965981	0.0207359
Muller_E	4127527	0.013169	0.966096	0.0207348
Muller_E	4127720	0.0131478	0.966118	0.0207346
Muller_E	4128101	0.0131058	0.96616	0.0207342
Muller_E	4128234	0.0130912	0.966175	0.020734
Muller_E	4130334	0.0128598	0.966408	0.0207318
Muller_E	4132221	0.0126519	0.966618	0.0207297
Muller_E	4134741	0.0123743	0.966899	0.020727
Muller_E	4134982	0.0123477	0.966926	0.0207267
Muller_E	4136547	0.0121753	0.9671	0.0207249
Muller_E	4140224	0.01177	0.967509	0.0207208
Muller_E	4140902	0.0116953	0.967585	0.02072
Muller_E	4141485	0.011631	0.96765	0.0207193
Muller_E	4143836	0.0113718	0.967912	0.0207166
Muller_E	4144350	0.0113152	0.967969	0.020716
Muller_E	4144848	0.0112603	0.968024	0.0207154
Muller_E	4150850	0.0105984	0.968693	0.0207083
Muller_E	4151927	0.0104796	0.968813	0.020707
Muller_E	4154621	0.0101824	0.969114	0.0207036
Muller_E	4159745	0.00961701	0.969686	0.0206972
Muller_E	4159958	0.0095935	0.96971	0.0206969
Muller_E	4160923	0.009487	0.969817	0.0206957
Muller_E	4161787	0.00939164	0.969914	0.0206946
Muller_E	4162162	0.00935025	0.969956	0.0206941
Muller_E	4163984	0.00914914	0.970159	0.0206917
Muller_E	4164218	0.00912331	0.970185	0.0206914
Muller_E	4164859	0.00905255	0.970257	0.0206906
Muller_E	4165033	0.00903334	0.970276	0.0206904
Muller_E	4165157	0.00901965	0.97029	0.0206902
Muller_E	4165383	0.0089947	0.970315	0.0206899
Muller_E	4165808	0.0027921	0.962616	0.0345923
Muller_E	4165958	0.00894271	0.97037	0.0206876
Muller_E	4166062	0.00893919	0.970374	0.0206865
Muller_E	4166243	0.00893307	0.970383	0.0206844
Muller_E	4166628	0.00892005	0.9704	0.02068
Muller_E	4168755	0.00884809	0.970496	0.0206558
Muller_E	4172546	0.00871975	0.970668	0.0206126
Muller_E	4172827	0.00871023	0.97068	0.0206093
Muller_E	4173860	0.00867524	0.970727	0.0205975
Muller_E	4176100	0.00859933	0.970829	0.0205719
Muller_E	4176326	0.00859167	0.970839	0.0205693
Muller_E	4176826	0.00857472	0.970862	0.0205636
Muller_E	4177022	0.00856807	0.970871	0.0205614
Muller_E	4178339	0.00852342	0.97093	0.0205463
Muller_E	4178608	0.0085143	0.970943	0.0205432
Muller_E	4179326	0.00848994	0.970975	0.0205349
Muller_E	4180712	0.00844292	0.971038	0.020519
Muller_E	4180966	0.0084343	0.97105	0.0205161
Muller_E	4184926	0.00829987	0.97123	0.0204706
Muller_E	4185178	0.00829131	0.971241	0.0204677
Muller_E	4185319	0.00828652	0.971247	0.020466
Muller_E	4185532	0.00827929	0.971257	0.0204636
Muller_E	4187632	0.00820794	0.971353	0.0204394
Muller_E	4188227	0.00818772	0.97138	0.0204325
Muller_E	4188670	0.00817266	0.9714	0.0204274
Muller_E	4192621	0.0080383	0.97158	0.0203817
Muller_E	4193546	0.00800683	0.971622	0.020371
Muller_E	4194407	0.00797753	0.971661	0.0203611
Muller_E	4195783	0.00793069	0.971724	0.0203451
Muller_E	4196010	0.00792296	0.971735	0.0203425
Muller_E	4197440	0.00787427	0.9718	0.0203259
Muller_E	4198223	0.0078476	0.971836	0.0203168
Muller_E	4199021	0.00782041	0.971872	0.0203075
Muller_E	4199203	0.00781421	0.97188	0.0203054
Muller_E	4199424	0.00780668	0.97189	0.0203028
Muller_E	4199639	0.00779936	0.9719	0.0203003
Muller_E	4199983	0.00778763	0.971916	0.0202963
Muller_E	4203293	0.0076748	0.972067	0.0202578
Muller_E	4205814	0.0075888	0.972183	0.0202284
Muller_E	4206134	0.00757788	0.972197	0.0202247
Muller_E	4207588	0.00752826	0.972264	0.0202077
Muller_E	4210680	0.00742267	0.972406	0.0201715
Muller_E	4210928	0.0074142	0.972417	0.0201686
Muller_E	4211312	0.00740108	0.972435	0.0201641
Muller_E	4211755	0.00738595	0.972455	0.0201589
Muller_E	4213444	0.00732823	0.972533	0.0201391
Muller_E	4216650	0.00721861	0.97268	0.0201015
Muller_E	4217058	0.00720466	0.972699	0.0200967
Muller_E	4217453	0.00719114	0.972717	0.0200921
Muller_E	4217565	0.00718731	0.972722	0.0200907
Muller_E	4217669	0.00718375	0.972727	0.0200895
Muller_E	4217825	0.00717842	0.972734	0.0200877
Muller_E	4218923	0.00714084	0.972784	0.0200748
Muller_E	4225215	0.00692537	0.973074	0.0200005
Muller_E	4232774	0.00666611	0.973423	0.019911
Muller_E	4235298	0.00657944	0.97354	0.019881
Muller_E	4245993	0.00621166	0.974035	0.0197534
Muller_E	4252835	0.00597592	0.974353	0.0196713
Muller_E	4253725	0.00594523	0.974394	0.0196606
Muller_E	4256197	0.00585996	0.974509	0.0196308
Muller_E	4261234	0.00568605	0.974744	0.01957
Muller_E	4262892	0.00562876	0.974821	0.0195499
Muller_E	4263238	0.0056168	0.974837	0.0195457
Muller_E	4263588	0.00560471	0.974854	0.0195415
Muller_E	4264621	0.005569	0.974902	0.019529
Muller_E	4266950	0.000994834	0.96398	0.0350256
Muller_E	4267529	0.00548667	0.975029	0.0194846
Muller_E	4276223	0.00545941	0.975299	0.019242
Muller_E	4311688	0.00534217	0.976411	0.0182464
Muller_E	4311965	0.00534122	0.97642	0.0182386
Muller_E	4312254	0.00534022	0.976429	0.0182304
Muller_E	4312510	0.00533934	0.976437	0.0182232
Muller_E	4334492	0.00526164	0.977137	0.0176011
Muller_E	4352032	0.00519696	0.977701	0.0171021
Muller_E	4353438	0.00519167	0.977746	0.017062
Muller_E	4356857	0.00517874	0.977857	0.0169644
Muller_E	4360054	0.00516658	0.97796	0.0168731
Muller_E	4374783	0.00510949	0.978439	0.0164513
Muller_E	4374946	0.00510885	0.978445	0.0164466
Muller_E	4381350	0.00156938	0.971174	0.0272562
Muller_E	4558836	0.00625076	0.986625	0.00712425
Muller_E	4562012	0.00626951	0.986772	0.00695859
Muller_E	4564083	0.0062817	0.986868	0.00685054
Muller_E	4564194	0.00628235	0.986873	0.00684474
Muller_E	4568491	0.00630753	0.987072	0.00662043
Muller_E	4569115	0.00631118	0.987101	0.00658785
Muller_E	4569749	0.00631488	0.98713	0.00655474
Muller_E	4570340	0.00631833	0.987158	0.00652387
Muller_E	4571890	0.00632735	0.98723	0.0064429
Muller_E	4572624	0.00633162	0.987264	0.00640455
Muller_E	4573491	0.00633666	0.987304	0.00635925
Muller_E	4573809	0.00633851	0.987319	0.00634263
Muller_E	4577361	0.0113649	0.987327	0.00130832
Muller_E	4577462	0.00635904	0.987485	0.00615606
Muller_E	4578308	0.00635873	0.987493	0.00614843
Muller_E	4580664	0.00635786	0.987515	0.00612715
Muller_E	4580954	0.00635774	0.987518	0.00612453
Muller_E	4581769	0.00635743	0.987525	0.00611715
Muller_E	4581909	0.00635737	0.987527	0.00611589
Muller_E	4583019	0.00635693	0.987537	0.00610583
Muller_E	4583393	0.00635678	0.987541	0.00610244
Muller_E	4583516	0.00635673	0.987542	0.00610133
Muller_E	4584473	0.00635634	0.987551	0.00609265
Muller_E	4589180	0.00635431	0.987596	0.00604987
Muller_E	4590247	0.00635383	0.987606	0.00604014
Muller_E	4591539	0.00635323	0.987618	0.00602836
Muller_E	4593253	0.00635241	0.987635	0.0060127
Muller_E	4593508	0.00635229	0.987637	0.00601037
Muller_E	4593974	0.00635206	0.987642	0.00600611
Muller_E	4595111	0.0063515	0.987653	0.00599571
Muller_E	4595303	0.00635141	0.987655	0.00599395
Muller_E	4597548	0.00635027	0.987676	0.00597337
Muller_E	4597833	0.00635012	0.987679	0.00597076
Muller_E	4600306	0.00634882	0.987703	0.00594804
Muller_E	4607273	0.00634488	0.987771	0.00588378
Muller_E	4607398	0.00634481	0.987773	0.00588263
Muller_E	4610441	0.00634297	0.987803	0.00585444
Muller_E	4611041	0.0063426	0.987809	0.00584887
Muller_E	4611562	0.00634227	0.987814	0.00584403
Muller_E	4611697	0.00634219	0.987815	0.00584278
Muller_E	4612447	0.00634171	0.987822	0.00583581
Muller_E	4612733	0.00634153	0.987825	0.00583316
Muller_E	4612927	0.00634141	0.987827	0.00583135
Muller_E	4613148	0.00634127	0.987829	0.0058293
Muller_E	4614502	0.0063404	0.987843	0.0058167
Muller_E	4615888	0.00633949	0.987857	0.00580379
Muller_E	4616173	0.0063393	0.98786	0.00580114
Muller_E	4616508	0.00633908	0.987863	0.00579802
Muller_E	4616663	0.00633897	0.987864	0.00579657
Muller_E	4618190	0.00633795	0.98788	0.00578232
Muller_E	4619781	0.00633686	0.987896	0.00576746
Muller_E	4622166	0.00633519	0.98792	0.00574514
Muller_E	4626314	0.00633218	0.987962	0.00570621
Muller_E	4626864	0.00633177	0.987967	0.00570104
Muller_E	4627368	0.00633139	0.987972	0.0056963
Muller_E	4627488	0.0063313	0.987974	0.00569517
Muller_E	4633961	0.00632627	0.98804	0.00563409
Muller_E	4635834	0.00632475	0.988059	0.00561635
Muller_E	4636452	0.00632424	0.988065	0.0056105
Muller_E	4637295	0.00632355	0.988074	0.0056025
Muller_E	4640891	0.00632052	0.988111	0.00556833
Muller_E	4645727	0.00631628	0.988162	0.00552222
Muller_E	4646376	0.00631569	0.988168	0.00551602
Muller_E	4646798	0.00631531	0.988173	0.00551198
Muller_E	4653320	0.00630925	0.988241	0.00544945
Muller_E	4656520	0.00630615	0.988275	0.00541864
Muller_E	4672665	0.00628929	0.988449	0.00526198
Muller_E	4674140	0.00628765	0.988465	0.00524757
Muller_E	4675745	0.00628584	0.988482	0.00523186
Muller_E	4676485	0.006285	0.98849	0.00522461
Muller_E	4677110	0.00628429	0.988497	0.00521849
Muller_E	4677655	0.00628366	0.988503	0.00521315
Muller_E	4678986	0.00628213	0.988518	0.00520009
Muller_E	4680223	0.00628069	0.988531	0.00518794
Muller_E	4682403	0.00627813	0.988555	0.0051665
Muller_E	4682621	0.00627787	0.988558	0.00516435
Muller_E	4684270	0.0062759	0.988576	0.0051481
Muller_E	4685491	0.00627443	0.98859	0.00513606
Muller_E	4686019	0.00627379	0.988595	0.00513085
Muller_E	4687101	0.00627247	0.988607	0.00512016
Muller_E	4689628	0.00626936	0.988635	0.00509517
Muller_E	4690052	0.00626883	0.98864	0.00509097
Muller_E	4690344	0.00626847	0.988643	0.00508808
Muller_E	4690905	0.00626777	0.98865	0.00508252
Muller_E	4691125	0.00626749	0.988652	0.00508034
Muller_E	4691712	0.00626675	0.988659	0.00507452
Muller_E	4691999	0.00626639	0.988662	0.00507167
Muller_E	4692111	0.00626625	0.988663	0.00507056
Muller_E	4693234	0.00626483	0.988676	0.00505941
Muller_E	4693620	0.00626434	0.98868	0.00505558
Muller_E	4693753	0.00626417	0.988682	0.00505426
Muller_E	4694021	0.00626383	0.988685	0.0050516
Muller_E	4694592	0.0062631	0.988691	0.00504592
Muller_E	4696429	0.00626073	0.988712	0.00502765
Muller_E	4696792	0.00626026	0.988716	0.00502403
Muller_E	4699402	0.00625684	0.988745	0.00499802
Muller_E	4700957	0.00625478	0.988763	0.00498249
Muller_E	4702606	0.00625258	0.988781	0.00496601
Muller_E	4708142	0.00624501	0.988844	0.00491051
Muller_E	4712097	0.00097891	0.990033	0.00898851
Muller_E	4713898	0.00628769	0.988879	0.00483334
Muller_E	4714194	0.00629561	0.988877	0.0048272
Muller_E	4717094	0.00637322	0.98886	0.00476698
Muller_E	4717794	0.00639194	0.988856	0.00475244
Muller_E	4720564	0.00646599	0.988839	0.00469485
Muller_E	4722390	0.00651478	0.988828	0.00465685
Muller_E	4727534	0.00665208	0.988798	0.00454968
Muller_E	4730688	0.00673616	0.98878	0.00448388
Muller_E	4731377	0.00675452	0.988776	0.00446949
Muller_E	4732944	0.00679626	0.988767	0.00443676
Muller_E	4738342	0.00693992	0.988736	0.00432388
Muller_E	4739398	0.006968	0.98873	0.00430177
Muller_E	4742492	0.00705022	0.988713	0.00423695
Muller_E	4745718	0.00713587	0.988695	0.00416928
Muller_E	4746457	0.00715548	0.988691	0.00415377
Muller_E	4748015	0.00719681	0.988682	0.00412106
Muller_E	4748352	0.00720575	0.98868	0.00411398
Muller_E	4748630	0.00721312	0.988679	0.00410814
Muller_E	4751071	0.00727783	0.988665	0.00405684
Muller_E	4751685	0.0072941	0.988662	0.00404392
Muller_E	4751817	0.00729759	0.988661	0.00404115
Muller_E	4752607	0.00731852	0.988657	0.00402453
Muller_E	4752773	0.00732292	0.988656	0.00402104
Muller_E	4753826	0.0073508	0.98865	0.00399888
Muller_E	4754671	0.00737318	0.988646	0.0039811
Muller_E	4756619	0.00742473	0.988635	0.00394007
Muller_E	4759191	0.00749276	0.988621	0.00388586
Muller_E	4761262	0.0075475	0.98861	0.00384218
Muller_E	4761866	0.00756346	0.988607	0.00382943
Muller_E	4761985	0.0075666	0.988606	0.00382692
Muller_E	4763545	0.00760781	0.988598	0.00379399
Muller_E	4764509	0.00763326	0.988593	0.00377362
Muller_E	4765595	0.00766193	0.988587	0.00375068
Muller_E	4766291	0.0076803	0.988584	0.00373597
Muller_E	4766501	0.00768584	0.988583	0.00373153
Muller_E	4767354	0.00770834	0.988578	0.00371349
Muller_E	4769627	0.00776829	0.988566	0.00366541
Muller_E	4769950	0.0077768	0.988565	0.00365857
Muller_E	4772288	0.00783841	0.988553	0.00360907
Muller_E	4773763	0.00787726	0.988545	0.00357782
Muller_E	4773963	0.00788253	0.988544	0.00357358
Muller_E	4774375	0.00789338	0.988542	0.00356485
Muller_E	4774957	0.0079087	0.988539	0.00355251
Muller_E	4775479	0.00792244	0.988536	0.00354144
Muller_E	4776619	0.00795244	0.98853	0.00351726
Muller_E	4779373	0.00802487	0.988516	0.00345881
Muller_E	4781913	0.00809163	0.988504	0.00340485
Muller_E	4782620	0.0081102	0.9885	0.00338982
Muller_E	4783326	0.00812875	0.988496	0.00337481
Muller_E	4786044	0.0082001	0.988483	0.00331699
Muller_E	4786690	0.00821705	0.98848	0.00330324
Muller_E	4789453	0.00828952	0.988466	0.00324439
Muller_E	4790377	0.00831374	0.988462	0.0032247
Muller_E	4792360	0.00836571	0.988452	0.00318242
Muller_E	4792549	0.00837066	0.988451	0.00317838
Muller_E	4792702	0.00837467	0.98845	0.00317512
Muller_E	4822723	0.00915774	0.988311	0.00253137
Muller_E	4832155	0.0094024	0.98827	0.00232774
Muller_E	4834924	0.0094741	0.988258	0.00226784
Muller_E	4838041	0.00955475	0.988245	0.00220034
Muller_E	4839031	0.00958035	0.988241	0.00217889
Muller_E	4840034	0.00960628	0.988237	0.00215714
Muller_E	4843722	0.00970155	0.988221	0.00207713
Muller_E	4844215	0.00971428	0.988219	0.00206643
Muller_E	4846930	0.00978435	0.988208	0.00200745
Muller_E	4847984	0.00981153	0.988204	0.00198454
Muller_E	4849699	0.00985575	0.988197	0.00194724
Muller_E	4849916	0.00986135	0.988196	0.00194252
Muller_E	4850646	0.00988016	0.988193	0.00192664
Muller_E	4851102	0.00989191	0.988191	0.00191672
Muller_E	4851280	0.0098965	0.988191	0.00191284
Muller_E	4852753	0.00993444	0.988185	0.00188078
Muller_E	4853630	0.00995702	0.988181	0.00186168
Muller_E	4855355	0.0100014	0.988174	0.00182409
Muller_E	4859608	0.0101108	0.988158	0.00173133
Muller_E	4860728	0.0101396	0.988154	0.00170688
Muller_E	4862947	0.0101966	0.988145	0.00165841
Muller_E	4865598	0.0102647	0.988135	0.00160046
