chrom	position	2,0	1,1	0,2
Muller_E	62882	0.151342	0.673045	0.175612
Muller_E	267432	0.140283	0.694937	0.16478
Muller_E	441230	0.130779	0.713744	0.155476
Muller_E	511157	0.126926	0.721369	0.151705
Muller_E	557879	0.124341	0.726483	0.149176
Muller_E	581000	0.123059	0.72902	0.147921
Muller_E	709108	0.115917	0.743148	0.140934
Muller_E	768129	0.112605	0.749701	0.137695
Muller_E	785241	0.111642	0.751605	0.136753
Muller_E	787322	0.111525	0.751837	0.136638
Muller_E	787424	0.111519	0.751849	0.136632
Muller_E	788173	0.111477	0.751932	0.136591
Muller_E	788750	0.111444	0.751996	0.136559
Muller_E	788860	0.111438	0.752009	0.136553
Muller_E	791823	0.111271	0.752339	0.13639
Muller_E	802257	0.110683	0.753502	0.135815
Muller_E	893794	0.105504	0.763746	0.13075
Muller_E	894300	0.105475	0.763803	0.130722
Muller_E	896281	0.105363	0.764025	0.130612
Muller_E	897287	0.105306	0.764138	0.130556
Muller_E	897987	0.105266	0.764217	0.130517
Muller_E	901015	0.105094	0.764557	0.130349
Muller_E	901718	0.105054	0.764636	0.13031
Muller_E	923408	0.103821	0.767075	0.129104
Muller_E	923675	0.103805	0.767105	0.129089
Muller_E	924320	0.103769	0.767178	0.129053
Muller_E	927795	0.103571	0.767569	0.12886
Muller_E	948021	0.102419	0.769848	0.127733
Muller_E	948230	0.102407	0.769871	0.127722
Muller_E	958531	0.101819	0.771034	0.127147
Muller_E	967701	0.101296	0.772069	0.126635
Muller_E	969142	0.101213	0.772232	0.126555
Muller_E	1033237	0.0975435	0.779489	0.122967
Muller_E	1120573	0.0925122	0.789439	0.118049
Muller_E	1123171	0.0923619	0.789736	0.117902
Muller_E	1146845	0.0909916	0.792446	0.116563
Muller_E	1148492	0.0908961	0.792634	0.11647
Muller_E	1168315	0.0897464	0.794908	0.115346
Muller_E	1213395	0.0871247	0.800092	0.112784
Muller_E	1262309	0.0842685	0.805739	0.109993
Muller_E	1275111	0.083519	0.807221	0.10926
Muller_E	1275707	0.0834841	0.80729	0.109226
Muller_E	1314313	0.0812187	0.811769	0.107012
Muller_E	1318297	0.0809845	0.812232	0.106784
Muller_E	1358440	0.0786199	0.816907	0.104473
Muller_E	1358616	0.0786095	0.816927	0.104463
Muller_E	1378824	0.077416	0.819287	0.103297
Muller_E	1480336	0.0713875	0.831205	0.0974074
Muller_E	1489232	0.0708565	0.832255	0.0968888
Muller_E	1645912	0.0614326	0.850883	0.087684
Muller_E	1673398	0.0597649	0.85418	0.0860553
Muller_E	1718642	0.0570102	0.859625	0.0833651
Muller_E	1746815	0.0552887	0.863027	0.081684
Muller_E	1763447	0.0542702	0.86504	0.0806895
Muller_E	1765039	0.100131	0.884128	0.015741
Muller_E	1765159	0.0541589	0.865246	0.0805955
Muller_E	1765369	0.0541349	0.865267	0.0805977
Muller_E	1771226	0.0534636	0.865876	0.0806604
Muller_E	1799036	0.050275	0.868769	0.0809565
Muller_E	1802542	0.0498728	0.869134	0.0809936
Muller_E	1802678	0.0498572	0.869148	0.0809951
Muller_E	1803039	0.0498158	0.869185	0.0809989
Muller_E	1803347	0.0497805	0.869217	0.0810022
Muller_E	1805518	0.0495314	0.869443	0.0810251
Muller_E	1812938	0.04868	0.870216	0.0811036
Muller_E	1813040	0.0486683	0.870227	0.0811046
Muller_E	1815234	0.0484165	0.870456	0.0811278
Muller_E	1815907	0.0483393	0.870526	0.0811349
Muller_E	1816383	0.0482847	0.870575	0.0811399
Muller_E	1831501	0.0465492	0.872152	0.0812989
Muller_E	1850978	0.0443121	0.874185	0.0815027
Muller_E	1851905	0.0442056	0.874282	0.0815124
Muller_E	1852166	0.0441756	0.874309	0.0815151
Muller_E	1857635	0.0435472	0.874881	0.081572
Muller_E	1861157	0.0431424	0.875249	0.0816087
Muller_E	1861336	0.0431218	0.875268	0.0816105
Muller_E	1861880	0.0430593	0.875325	0.0816162
Muller_E	1866595	0.0425174	0.875817	0.0816652
Muller_E	1870209	0.0421019	0.876195	0.0817026
Muller_E	1871973	0.008363	0.849516	0.142121
Muller_E	1880064	0.0417555	0.876603	0.0816412
Muller_E	1889333	0.0415904	0.87686	0.0815493
Muller_E	1891195	0.0415572	0.876912	0.0815308
Muller_E	1894320	0.0415014	0.876999	0.0814997
Muller_E	1900363	0.0413934	0.877167	0.0814393
Muller_E	1904375	0.0413215	0.877279	0.0813992
Muller_E	1915469	0.0411222	0.87759	0.0812876
Muller_E	1927060	0.0409132	0.877917	0.0811702
Muller_E	1932459	0.0408155	0.878069	0.0811152
Muller_E	1944351	0.0405998	0.878407	0.0809936
Muller_E	1946702	0.040557	0.878474	0.0809695
Muller_E	1961660	0.0402842	0.878901	0.0808151
Muller_E	1975567	0.0400293	0.8793	0.0806703
Muller_E	2011856	0.0393583	0.880355	0.0802871
Muller_E	2013122	0.0393347	0.880392	0.0802736
Muller_E	2044597	0.0387458	0.88132	0.0799347
Muller_E	2048236	0.0386773	0.881428	0.0798951
Muller_E	2048434	0.0386736	0.881433	0.079893
Muller_E	2086567	0.0379507	0.882576	0.0794735
Muller_E	2103366	0.0376293	0.883085	0.0792859
Muller_E	2117584	0.0373559	0.883518	0.0791258
Muller_E	2126123	0.0371911	0.88378	0.0790291
Muller_E	2135792	0.0370039	0.884077	0.078919
Muller_E	2140907	0.0369047	0.884235	0.0788606
Muller_E	2141169	0.0368996	0.884243	0.0788576
Muller_E	2142715	0.0368695	0.884291	0.0788399
Muller_E	2145389	0.0368175	0.884373	0.0788092
Muller_E	2146953	0.0367871	0.884422	0.0787913
Muller_E	2147057	0.0367851	0.884425	0.0787901
Muller_E	2201852	0.035709	0.886139	0.0781519
Muller_E	2204792	0.0356508	0.886232	0.0781172
Muller_E	2219543	0.0353575	0.8867	0.077942
Muller_E	2220290	0.0353426	0.886724	0.0779331
Muller_E	2241628	0.0349159	0.887407	0.0776773
Muller_E	2243471	0.0348789	0.887466	0.077655
Muller_E	2531559	0.0288243	0.897251	0.0739243
Muller_E	2693610	0.0251785	0.903223	0.0715988
Muller_E	2696554	0.0251106	0.903334	0.071555
Muller_E	2706179	0.0248884	0.9037	0.0714115
Muller_E	2713009	0.0247303	0.90396	0.0713093
Muller_E	2716202	0.0246563	0.904082	0.0712615
Muller_E	2721440	0.0245347	0.904283	0.0711828
Muller_E	2735475	0.0242081	0.904821	0.0709711
Muller_E	2763120	0.0235608	0.905889	0.0705505
Muller_E	2777976	0.0232108	0.906467	0.0703225
Muller_E	2779619	0.023172	0.906531	0.0702972
Muller_E	2787347	0.0229893	0.906833	0.0701779
Muller_E	2788916	0.0229522	0.906894	0.0701536
Muller_E	2795398	0.0227985	0.907148	0.0700532
Muller_E	2798296	0.0227297	0.907262	0.0700083
Muller_E	2799305	0.0227058	0.907302	0.0699926
Muller_E	2800245	0.0226835	0.907339	0.069978
Muller_E	2800507	0.0226772	0.907349	0.0699739
Muller_E	2800780	0.0226707	0.90736	0.0699697
Muller_E	2800932	0.0226671	0.907366	0.0699673
Muller_E	2801158	0.0226618	0.907374	0.0699638
Muller_E	2805736	0.0225529	0.907555	0.0698926
Muller_E	2807233	0.0225173	0.907613	0.0698692
Muller_E	2807795	0.0225039	0.907636	0.0698605
Muller_E	2808363	0.0224904	0.907658	0.0698516
Muller_E	2809031	0.0224745	0.907684	0.0698412
Muller_E	2809272	0.0224687	0.907694	0.0698375
Muller_E	2809909	0.0224535	0.907719	0.0698275
Muller_E	2811470	0.0224163	0.90778	0.0698032
Muller_E	2811776	0.0224091	0.907793	0.0697984
Muller_E	2812117	0.0224009	0.907806	0.0697931
Muller_E	2815676	0.022316	0.907947	0.0697374
Muller_E	2816259	0.0223021	0.90797	0.0697283
Muller_E	2817070	0.0222828	0.908002	0.0697156
Muller_E	2817616	0.0222697	0.908023	0.0697071
Muller_E	2819402	0.0222271	0.908094	0.0696791
Muller_E	2820166	0.0222088	0.908124	0.0696672
Muller_E	2820386	0.0222036	0.908133	0.0696637
Muller_E	2820775	0.0221943	0.908148	0.0696576
Muller_E	2821135	0.0221857	0.908162	0.069652
Muller_E	2821440	0.0221784	0.908174	0.0696472
Muller_E	2826939	0.0220468	0.908392	0.0695609
Muller_E	2831172	0.0219454	0.90856	0.0694943
Muller_E	2831515	0.0219372	0.908574	0.0694889
Muller_E	2832336	0.0219175	0.908606	0.069476
Muller_E	2833070	0.0218999	0.908636	0.0694645
Muller_E	2850717	0.0214757	0.909339	0.0691855
Muller_E	2853215	0.0214155	0.909439	0.0691459
Muller_E	2856496	0.0213363	0.90957	0.0690937
Muller_E	2856945	0.0213255	0.909588	0.0690866
Muller_E	2857481	0.0213125	0.909609	0.0690781
Muller_E	2858163	0.0212961	0.909637	0.0690672
Muller_E	2859754	0.0212576	0.9097	0.0690419
Muller_E	2859987	0.021252	0.90971	0.0690382
Muller_E	2862604	0.0211887	0.909815	0.0689965
Muller_E	2866488	0.0210948	0.909971	0.0689345
Muller_E	2867267	0.0210759	0.910002	0.0689221
Muller_E	2868557	0.0210446	0.910054	0.0689015
Muller_E	2870085	0.0210076	0.910115	0.0688771
Muller_E	2870623	0.0209946	0.910137	0.0688685
Muller_E	2876155	0.0208604	0.91036	0.0687799
Muller_E	2877151	0.0208362	0.9104	0.0687639
Muller_E	2886067	0.0206195	0.91076	0.0686207
Muller_E	2886534	0.0206081	0.910779	0.0686132
Muller_E	2887599	0.0205822	0.910822	0.0685961
Muller_E	2887882	0.0205753	0.910833	0.0685915
Muller_E	2888492	0.0205604	0.910858	0.0685817
Muller_E	2888607	0.0205576	0.910863	0.0685798
Muller_E	2890000	0.0205237	0.910919	0.0685574
Muller_E	2890387	0.0205142	0.910935	0.0685512
Muller_E	2890907	0.0205016	0.910956	0.0685428
Muller_E	2894764	0.0204075	0.911112	0.0684806
Muller_E	2899098	0.0203017	0.911288	0.0684105
Muller_E	2901481	0.0202434	0.911385	0.068372
Muller_E	2901643	0.0202395	0.911391	0.0683693
Muller_E	2902627	0.0202154	0.911431	0.0683534
Muller_E	2903432	0.0201957	0.911464	0.0683404
Muller_E	2904998	0.0201574	0.911528	0.068315
Muller_E	2905994	0.020133	0.911568	0.0682988
Muller_E	2907134	0.0201051	0.911615	0.0682803
Muller_E	2908511	0.0200714	0.911671	0.068258
Muller_E	2909452	0.0200483	0.911709	0.0682427
Muller_E	2910160	0.020031	0.911738	0.0682312
Muller_E	2911022	0.0200099	0.911773	0.0682172
Muller_E	2911252	0.0200042	0.911782	0.0682134
Muller_E	2911992	0.0199861	0.911812	0.0682014
Muller_E	2914672	0.0199204	0.911922	0.0681578
Muller_E	2915489	0.0199003	0.911955	0.0681445
Muller_E	2918585	0.0198243	0.912082	0.0680941
Muller_E	2919015	0.0198137	0.912099	0.0680871
Muller_E	2919728	0.0197962	0.912128	0.0680755
Muller_E	2919971	0.0197902	0.912138	0.0680715
Muller_E	2921506	0.0197525	0.912201	0.0680464
Muller_E	2922564	0.0197265	0.912244	0.0680292
Muller_E	2922707	0.019723	0.91225	0.0680268
Muller_E	2924226	0.0196856	0.912312	0.068002
Muller_E	2925108	0.0196639	0.912348	0.0679876
Muller_E	2925552	0.019653	0.912367	0.0679804
Muller_E	2928855	0.0195716	0.912502	0.0679263
Muller_E	2930674	0.0195268	0.912577	0.0678966
Muller_E	2931258	0.0195124	0.912601	0.067887
Muller_E	2931592	0.0195042	0.912614	0.0678815
Muller_E	2931798	0.0194991	0.912623	0.0678781
Muller_E	2932326	0.0194861	0.912644	0.0678695
Muller_E	2945623	0.0191576	0.913191	0.067651
Muller_E	2945753	0.0191544	0.913197	0.0676488
Muller_E	2945878	0.0191513	0.913202	0.0676468
Muller_E	2946001	0.0191482	0.913207	0.0676448
Muller_E	2955783	0.0189058	0.913611	0.0674833
Muller_E	2957997	0.0188508	0.913703	0.0674466
Muller_E	2959282	0.0188189	0.913756	0.0674253
Muller_E	2959697	0.0188086	0.913773	0.0674185
Muller_E	2959819	0.0188055	0.913778	0.0674164
Muller_E	2960759	0.0187822	0.913817	0.0674009
Muller_E	2961667	0.0187596	0.913855	0.0673858
Muller_E	2961801	0.0187563	0.91386	0.0673836
Muller_E	2963254	0.0187201	0.91392	0.0673595
Muller_E	2963568	0.0187123	0.913933	0.0673543
Muller_E	2975263	0.0184209	0.914419	0.0671598
Muller_E	2976725	0.0183845	0.91448	0.0671354
Muller_E	2977784	0.018358	0.914524	0.0671177
Muller_E	2982473	0.0182408	0.91472	0.0670394
Muller_E	2984283	0.0181956	0.914795	0.0670092
Muller_E	2985483	0.0181655	0.914845	0.0669891
Muller_E	2985658	0.0181612	0.914853	0.0669862
Muller_E	2985908	0.0181549	0.914863	0.066982
Muller_E	2987685	0.0181104	0.914937	0.0669522
Muller_E	2992894	0.0179799	0.915155	0.0668649
Muller_E	2993313	0.0179694	0.915173	0.0668579
Muller_E	2993798	0.0179572	0.915193	0.0668497
Muller_E	2994137	0.0179487	0.915207	0.066844
Muller_E	2994487	0.0179399	0.915222	0.0668381
Muller_E	2994615	0.0179367	0.915227	0.066836
Muller_E	2995123	0.017924	0.915249	0.0668275
Muller_E	2995701	0.0179095	0.915273	0.0668178
Muller_E	2996048	0.0179008	0.915287	0.0668119
Muller_E	2996738	0.0178834	0.915316	0.0668003
Muller_E	2996880	0.0178799	0.915322	0.0667979
Muller_E	2997113	0.017874	0.915332	0.066794
Muller_E	2999116	0.0178237	0.915416	0.0667603
Muller_E	2999459	0.0178151	0.91543	0.0667546
Muller_E	3001420	0.0177658	0.915513	0.0667216
Muller_E	3001578	0.0177619	0.915519	0.0667189
Muller_E	3001696	0.0177589	0.915524	0.0667169
Muller_E	3002579	0.0177367	0.915561	0.066702
Muller_E	3003095	0.0177237	0.915583	0.0666933
Muller_E	3003540	0.0177125	0.915602	0.0666858
Muller_E	3004120	0.0176979	0.915626	0.0666761
Muller_E	3005221	0.0176702	0.915672	0.0666575
Muller_E	3007967	0.0176011	0.915788	0.0666112
Muller_E	3012773	0.01748	0.91599	0.06653
Muller_E	3013331	0.017466	0.916014	0.0665205
Muller_E	3013618	0.0174587	0.916026	0.0665157
Muller_E	3014080	0.0174471	0.916045	0.0665079
Muller_E	3014783	0.0174293	0.916075	0.066496
Muller_E	3016296	0.0173911	0.916139	0.0664703
Muller_E	3017214	0.017368	0.916177	0.0664548
Muller_E	3018320	0.0173401	0.916224	0.066436
Muller_E	3018982	0.0173233	0.916252	0.0664248
Muller_E	3019303	0.0173152	0.916265	0.0664194
Muller_E	3019831	0.0173019	0.916288	0.0664104
Muller_E	3021834	0.0172513	0.916372	0.0663765
Muller_E	3021944	0.0172485	0.916377	0.0663746
Muller_E	3023127	0.0172186	0.916427	0.0663545
Muller_E	3024474	0.0171845	0.916484	0.0663316
Muller_E	3024813	0.0171759	0.916498	0.0663259
Muller_E	3029421	0.0170593	0.916693	0.0662475
Muller_E	3029834	0.0170488	0.916711	0.0662405
Muller_E	3030101	0.0170421	0.916722	0.0662359
Muller_E	3033200	0.0169635	0.916853	0.0661831
Muller_E	3033901	0.0169457	0.916883	0.0661712
Muller_E	3034073	0.0169414	0.91689	0.0661682
Muller_E	3036032	0.0168917	0.916973	0.0661348
Muller_E	3038305	0.016834	0.91707	0.066096
Muller_E	3041816	0.0167448	0.917219	0.066036
Muller_E	3044683	0.0166719	0.917341	0.0659869
Muller_E	3046757	0.0166191	0.917429	0.0659514
Muller_E	3046887	0.0166158	0.917435	0.0659492
Muller_E	3047900	0.01659	0.917478	0.0659318
Muller_E	3048135	0.0165841	0.917488	0.0659278
Muller_E	3050664	0.0165196	0.917596	0.0658844
Muller_E	3051698	0.0164933	0.91764	0.0658667
Muller_E	3051968	0.0164864	0.917652	0.065862
Muller_E	3052635	0.0164694	0.91768	0.0658506
Muller_E	3053197	0.0164551	0.917704	0.0658409
Muller_E	3056428	0.0163727	0.917842	0.0657854
Muller_E	3056712	0.0163654	0.917854	0.0657805
Muller_E	3058398	0.0163224	0.917926	0.0657515
Muller_E	3059687	0.0162895	0.917981	0.0657293
Muller_E	3061511	0.0162429	0.918059	0.0656979
Muller_E	3062406	0.01622	0.918098	0.0656825
Muller_E	3062537	0.0162167	0.918103	0.0656802
Muller_E	3100018	0.0152538	0.919717	0.0650295
Muller_E	3100718	0.0152357	0.919747	0.0650172
Muller_E	3112367	0.0149344	0.920253	0.064813
Muller_E	3112987	0.0149183	0.92028	0.0648022
Muller_E	3113420	0.0149071	0.920298	0.0647945
Muller_E	3116107	0.0148374	0.920415	0.0647473
Muller_E	3119432	0.0147511	0.92056	0.0646888
Muller_E	3119714	0.0147438	0.920572	0.0646838
Muller_E	3120862	0.014714	0.920622	0.0646636
Muller_E	3122265	0.0146776	0.920684	0.0646389
Muller_E	3123364	0.014649	0.920732	0.0646195
Muller_E	3124138	0.0146289	0.920765	0.0646058
Muller_E	3127464	0.0145424	0.92091	0.0645471
Muller_E	3128767	0.0145085	0.920967	0.0645241
Muller_E	3128895	0.0145052	0.920973	0.0645218
Muller_E	3129611	0.0144866	0.921004	0.0645091
Muller_E	3129743	0.0144831	0.92101	0.0645068
Muller_E	3130171	0.014472	0.921029	0.0644992
Muller_E	3131529	0.0144366	0.921088	0.0644752
Muller_E	3137674	0.0142765	0.921357	0.0643664
Muller_E	3139976	0.0142164	0.921458	0.0643255
Muller_E	3143168	0.014133	0.921598	0.0642688
Muller_E	3169152	0.0134519	0.922743	0.0638049
Muller_E	3170575	0.0134144	0.922806	0.0637793
Muller_E	3173857	0.013328	0.922952	0.0637204
Muller_E	3192801	0.0128278	0.923794	0.0633787
Muller_E	3194086	0.025291	0.967284	0.00742544
Muller_E	3194230	0.0127862	0.923847	0.0633663
Muller_E	3207603	0.0120865	0.923536	0.0643779
Muller_E	3207708	0.012081	0.923533	0.0643858
Muller_E	3208070	0.012062	0.923525	0.0644132
Muller_E	3208369	0.0120464	0.923518	0.0644358
Muller_E	3208507	0.0120391	0.923515	0.0644462
Muller_E	3208706	0.0120287	0.92351	0.0644613
Muller_E	3210124	0.0119545	0.923477	0.0645685
Muller_E	3211254	0.0118953	0.923451	0.064654
Muller_E	3212088	0.0118517	0.923431	0.064717
Muller_E	3216063	0.0116435	0.923339	0.0650176
Muller_E	3216461	0.0116227	0.92333	0.0650477
Muller_E	3217109	0.0115887	0.923315	0.0650967
Muller_E	3217441	0.0115713	0.923307	0.0651218
Muller_E	3217706	0.0115575	0.923301	0.0651418
Muller_E	3217825	0.0115512	0.923298	0.0651508
Muller_E	3218354	0.0115235	0.923286	0.0651908
Muller_E	3219292	0.0114744	0.923264	0.0652617
Muller_E	3219763	0.0114497	0.923253	0.0652973
Muller_E	3221459	0.0113609	0.923214	0.0654255
Muller_E	3222112	0.0113267	0.923198	0.0654749
Muller_E	3223012	0.0112795	0.923178	0.0655429
Muller_E	3223549	0.0112514	0.923165	0.0655835
Muller_E	3224815	0.0111851	0.923136	0.0656792
Muller_E	3226800	0.0110811	0.92309	0.0658292
Muller_E	3229718	0.0109281	0.923022	0.0660497
Muller_E	3240322	0.0103722	0.922777	0.0668509
Muller_E	3240918	0.010341	0.922763	0.066896
Muller_E	3241273	0.0103224	0.922755	0.0669228
Muller_E	3247835	0.00997819	0.922603	0.0674185
Muller_E	3251442	0.00978894	0.92252	0.0676909
Muller_E	3252203	0.00974901	0.922503	0.0677483
Muller_E	3254014	0.00965398	0.922461	0.0678851
Muller_E	3254518	0.00962753	0.922449	0.0679232
Muller_E	3255141	0.00959483	0.922435	0.0679702
Muller_E	3255365	0.00958308	0.92243	0.0679871
Muller_E	3259142	0.00938483	0.922343	0.0682723
Muller_E	3259935	0.00934321	0.922325	0.0683322
Muller_E	3262497	0.00920871	0.922266	0.0685256
Muller_E	3263708	0.00914512	0.922238	0.068617
Muller_E	3264644	0.00909598	0.922216	0.0686877
Muller_E	3266132	0.00901784	0.922182	0.0688
Muller_E	3266579	0.00899437	0.922172	0.0688337
Muller_E	3266806	0.00898245	0.922167	0.0688509
Muller_E	3269029	0.0088657	0.922116	0.0690187
Muller_E	3271700	0.00872541	0.922054	0.0692202
Muller_E	3271881	0.0087159	0.92205	0.0692339
Muller_E	3273894	0.00861015	0.922004	0.0693858
Muller_E	3275081	0.00854779	0.921977	0.0694754
Muller_E	3275989	0.00850009	0.921956	0.0695439
Muller_E	3278049	0.00839185	0.921909	0.0696994
Muller_E	3280894	0.00824234	0.921844	0.069914
Muller_E	3282107	0.00817859	0.921816	0.0700055
Muller_E	3282973	0.00813307	0.921796	0.0700709
Muller_E	3284532	0.00805113	0.92176	0.0701885
Muller_E	3291321	0.0076942	0.921605	0.0707006
Muller_E	3291878	0.00766491	0.921592	0.0707426
Muller_E	3293351	0.00758745	0.921559	0.0708537
Muller_E	3293759	0.00756599	0.92155	0.0708845
Muller_E	3304917	0.006979	0.921295	0.0717259
Muller_E	3306663	0.00688711	0.921255	0.0718575
Muller_E	3306880	0.00687569	0.92125	0.0718739
Muller_E	3310127	0.00670479	0.921177	0.0721186
Muller_E	3312301	0.00659035	0.921127	0.0722825
Muller_E	3312718	0.00656839	0.921118	0.0723139
Muller_E	3318766	0.00624994	0.92098	0.0727698
Muller_E	3323588	0.00599597	0.920871	0.0731331
Muller_E	3324201	0.00596368	0.920857	0.0731793
Muller_E	3324656	0.00593971	0.920847	0.0732136
Muller_E	3325091	0.00591679	0.920837	0.0732464
Muller_E	3326084	0.00586448	0.920814	0.0733212
Muller_E	3326190	0.00585889	0.920812	0.0733292
Muller_E	3330218	0.00564666	0.920721	0.0736326
Muller_E	3334866	0.0054017	0.920616	0.0739828
Muller_E	3337545	0.000665945	0.721613	0.277722
Muller_E	3340268	0.00524333	0.920573	0.0741838
Muller_E	3340480	0.005242	0.920574	0.0741838
Muller_E	3410593	0.00478205	0.921069	0.0741486
Muller_E	3431230	0.0046399	0.921228	0.074132
Muller_E	3437416	0.00459669	0.921277	0.0741264
Muller_E	3456916	0.00445867	0.921434	0.0741073
Muller_E	3457694	0.00445311	0.92144	0.0741065
Muller_E	3459001	0.00444375	0.921451	0.0741052
Muller_E	3462300	0.00442008	0.921478	0.0741016
Muller_E	3464519	0.00440411	0.921497	0.0740992
Muller_E	3464673	0.004403	0.921498	0.074099
Muller_E	3477602	0.00430925	0.921606	0.0740843
Muller_E	3525631	0.00395038	0.92203	0.0740198
Muller_E	3546828	0.00378668	0.922227	0.0739864
Muller_E	3557059	0.00370651	0.922324	0.0739693
Muller_E	3566467	0.00363211	0.922415	0.0739528
Muller_E	3572057	0.0035876	0.92247	0.0739428
Muller_E	3572168	0.00358672	0.922471	0.0739426
Muller_E	3579272	0.00352982	0.922541	0.0739296
Muller_E	3579502	0.00352797	0.922543	0.0739291
Muller_E	3582419	0.0035045	0.922572	0.0739237
Muller_E	3590131	0.00344214	0.922649	0.0739089
Muller_E	3605233	0.00331878	0.922802	0.073879
Muller_E	3610748	0.00327332	0.922859	0.0738676
Muller_E	3611776	0.00326482	0.92287	0.0738655
Muller_E	3615071	0.00323753	0.922904	0.0738586
Muller_E	3617701	0.00321569	0.922931	0.0738531
Muller_E	3617818	0.00321472	0.922932	0.0738528
Muller_E	3617948	0.00321364	0.922934	0.0738526
Muller_E	3623404	0.00316816	0.922991	0.0738409
Muller_E	3630035	0.0031126	0.923061	0.0738264
Muller_E	3631532	0.00310001	0.923077	0.0738231
Muller_E	3634067	0.000326434	0.794142	0.205532
Muller_E	3642157	0.00314729	0.923462	0.0733911
Muller_E	3643438	0.00315811	0.923518	0.0733235
Muller_E	3645674	0.00317698	0.923617	0.0732055
Muller_E	3652519	0.00323454	0.923921	0.0728442
Muller_E	3655257	0.00325747	0.924043	0.0726996
Muller_E	3657953	0.00328	0.924163	0.0725572
Muller_E	3660200	0.00329874	0.924263	0.0724385
Muller_E	3665461	0.00334249	0.924497	0.0721603
Muller_E	3670065	0.00338061	0.924703	0.0719168
Muller_E	3757777	0.00407909	0.92867	0.0672511
Muller_E	3766114	0.00414273	0.929052	0.0668051
Muller_E	3770199	0.00417373	0.92924	0.0665864
Muller_E	3771242	0.00418163	0.929288	0.0665306
Muller_E	3775369	0.00421281	0.929478	0.0663095
Muller_E	3781958	0.00426234	0.929781	0.0659563
Muller_E	3788305	0.00430976	0.930074	0.0656158
Muller_E	3788531	0.00431145	0.930085	0.0656037
Muller_E	3788717	0.00431283	0.930093	0.0655937
Muller_E	3791492	0.00433347	0.930222	0.0654447
Muller_E	3791929	0.00433672	0.930242	0.0654213
Muller_E	3794089	0.00435274	0.930342	0.0653053
Muller_E	3798034	0.00438192	0.930525	0.0650934
Muller_E	3805877	0.00443962	0.930889	0.0646718
Muller_E	3808116	0.00445601	0.930993	0.0645513
Muller_E	3837593	0.00466857	0.932369	0.0629628
Muller_E	3889492	0.00502817	0.934819	0.0601524
Muller_E	3892070	0.00504554	0.934942	0.0600123
Muller_E	3892768	0.00505024	0.934975	0.0599744
Muller_E	3893846	0.00505748	0.935027	0.0599158
Muller_E	3895236	0.00506681	0.935093	0.0598402
Muller_E	3896701	0.00507663	0.935163	0.0597606
Muller_E	3964144	0.00551248	0.938409	0.0560789
Muller_E	3964249	0.00551313	0.938414	0.0560732
Muller_E	3964701	0.00551594	0.938436	0.0560484
Muller_E	3965335	0.00551989	0.938466	0.0560136
Muller_E	3965537	0.00552114	0.938476	0.0560026
Muller_E	3971184	0.00555614	0.938751	0.0556929
Muller_E	4005791	0.00576571	0.940444	0.0537905
Muller_E	4007537	0.00577606	0.94053	0.0536943
Muller_E	4008073	0.00577923	0.940556	0.0536647
Muller_E	4008732	0.00578313	0.940588	0.0536284
Muller_E	4009275	0.00578634	0.940615	0.0535985
Muller_E	4009794	0.00578941	0.940641	0.0535699
Muller_E	4010462	0.00579335	0.940674	0.0535331
Muller_E	4011246	0.00579797	0.940712	0.0534899
Muller_E	4011350	0.00579859	0.940717	0.0534841
Muller_E	4011743	0.0058009	0.940737	0.0534625
Muller_E	4012926	0.00580787	0.940795	0.0533973
Muller_E	4015010	0.00582012	0.940898	0.0532823
Muller_E	4015956	0.00582567	0.940944	0.0532302
Muller_E	4016731	0.00583021	0.940982	0.0531874
Muller_E	4017133	0.00583256	0.941002	0.0531652
Muller_E	4017640	0.00583553	0.941027	0.0531373
Muller_E	4021078	0.0058556	0.941197	0.0529476
Muller_E	4021876	0.00586025	0.941236	0.0529035
Muller_E	4022513	0.00586396	0.941268	0.0528684
Muller_E	4022928	0.00586637	0.941288	0.0528455
Muller_E	4024532	0.00587569	0.941367	0.0527569
Muller_E	4024639	0.00587631	0.941373	0.052751
Muller_E	4025270	0.00587997	0.941404	0.0527162
Muller_E	4027169	0.00589096	0.941498	0.0526113
Muller_E	4027437	0.00589251	0.941511	0.0525965
Muller_E	4027764	0.0058944	0.941527	0.0525784
Muller_E	4029270	0.0059031	0.941602	0.0524952
Muller_E	4032202	0.00591998	0.941747	0.0523332
Muller_E	4032327	0.0059207	0.941753	0.0523263
Muller_E	4033521	0.00592756	0.941812	0.0522604
Muller_E	4033797	0.00592914	0.941826	0.0522451
Muller_E	4036360	0.00594382	0.941953	0.0521034
Muller_E	4037138	0.00594827	0.941991	0.0520604
Muller_E	4037610	0.00595097	0.942015	0.0520343
Muller_E	4040496	0.00596742	0.942158	0.0518747
Muller_E	4040949	0.00596999	0.94218	0.0518496
Muller_E	4045900	0.00599806	0.942426	0.0515756
Muller_E	4046078	0.00599907	0.942435	0.0515658
Muller_E	4046843	0.00600339	0.942473	0.0515234
Muller_E	4047581	0.00600755	0.94251	0.0514826
Muller_E	4048275	0.00120897	0.909821	0.0889703
Muller_E	4048700	0.00602831	0.942571	0.0514002
Muller_E	4053592	0.00622211	0.942883	0.0508947
Muller_E	4056223	0.00632632	0.943051	0.0506228
Muller_E	4056545	0.00633907	0.943071	0.0505895
Muller_E	4056951	0.00635515	0.943097	0.0505476
Muller_E	4057601	0.00638088	0.943139	0.0504804
Muller_E	4057720	0.0063856	0.943146	0.0504681
Muller_E	4058043	0.00639839	0.943167	0.0504347
Muller_E	4058149	0.00640258	0.943174	0.0504237
Muller_E	4058704	0.00642456	0.943209	0.0503664
Muller_E	4059417	0.00645279	0.943255	0.0502927
Muller_E	4059965	0.00647448	0.943289	0.050236
Muller_E	4061381	0.00653054	0.94338	0.0500897
Muller_E	4061745	0.00654495	0.943403	0.0500521
Muller_E	4062020	0.00655583	0.943421	0.0500236
Muller_E	4062507	0.00657511	0.943452	0.0499733
Muller_E	4062941	0.00659229	0.943479	0.0499284
Muller_E	4064035	0.00663559	0.943549	0.0498153
Muller_E	4064680	0.00666111	0.94359	0.0497487
Muller_E	4064829	0.00134323	0.91249	0.0861672
Muller_E	4065474	0.00679141	0.943596	0.0496124
Muller_E	4065574	0.0068107	0.943596	0.0495936
Muller_E	4066028	0.00689827	0.943593	0.0495086
Muller_E	4067541	0.00719016	0.943585	0.049225
Muller_E	4067967	0.00727235	0.943582	0.0491452
Muller_E	4068535	0.00738196	0.943579	0.0490388
Muller_E	4069245	0.00751898	0.943575	0.0489058
Muller_E	4070105	0.00768496	0.94357	0.0487448
Muller_E	4071088	0.00787472	0.943565	0.0485607
Muller_E	4071641	0.00798148	0.943561	0.0484572
Muller_E	4072126	0.00807512	0.943559	0.0483664
Muller_E	4072768	0.00819909	0.943555	0.0482462
Muller_E	4072973	0.00823868	0.943554	0.0482078
Muller_E	4073359	0.00831322	0.943551	0.0481355
Muller_E	4075135	0.00865625	0.943541	0.0478032
Muller_E	4075254	0.00867924	0.94354	0.0477809
Muller_E	4076053	0.0088336	0.943535	0.0476314
Muller_E	4077160	0.0090475	0.943528	0.0474243
Muller_E	4078165	0.00924172	0.943522	0.0472364
Muller_E	4078690	0.0093432	0.943519	0.0471382
Muller_E	4078900	0.00938379	0.943517	0.0470989
Muller_E	4079010	0.00940505	0.943517	0.0470783
Muller_E	4079297	0.00946053	0.943515	0.0470247
Muller_E	4081728	0.00993055	0.943499	0.0465702
Muller_E	4082079	0.00999843	0.943497	0.0465046
Muller_E	4083988	0.0103677	0.943484	0.0461479
Muller_E	4085715	0.0107018	0.943473	0.0458252
Muller_E	4089306	0.0113969	0.943448	0.0451547
Muller_E	4089803	0.0114931	0.943445	0.0450619
Muller_E	4092778	0.0120693	0.943424	0.0445067
Muller_E	4092894	0.0120918	0.943423	0.0444851
Muller_E	4098915	0.0132588	0.943379	0.0433624
Muller_E	4109650	0.0153422	0.943294	0.0413634
Muller_E	4113217	0.0160353	0.943265	0.0407
Muller_E	4113538	0.0160977	0.943262	0.0406404
Muller_E	4114422	0.0162695	0.943254	0.040476
Muller_E	4114803	0.0163436	0.943251	0.0404052
Muller_E	4115118	0.0164048	0.943248	0.0403467
Muller_E	4116856	0.0167428	0.943234	0.0400237
Muller_E	4117074	0.0167852	0.943232	0.0399832
Muller_E	4117473	0.0168628	0.943228	0.039909
Muller_E	4118970	0.017154	0.943215	0.0396309
Muller_E	4121851	0.0177146	0.94319	0.0390959
Muller_E	4122071	0.0177574	0.943188	0.0390551
Muller_E	4122393	0.0178201	0.943185	0.0389953
Muller_E	4122818	0.0179028	0.943181	0.0389164
Muller_E	4124318	0.0181948	0.943167	0.038638
Muller_E	4124418	0.0182143	0.943166	0.0386194
Muller_E	4126492	0.0186182	0.943147	0.0382346
Muller_E	4127527	0.0188198	0.943138	0.0380426
Muller_E	4127720	0.0188574	0.943136	0.0380068
Muller_E	4128101	0.0189316	0.943132	0.0379362
Muller_E	4128234	0.0189575	0.943131	0.0379115
Muller_E	4130334	0.0193667	0.943111	0.0375221
Muller_E	4132221	0.0197345	0.943093	0.0371723
Muller_E	4134741	0.0202259	0.943069	0.0367054
Muller_E	4134982	0.0202729	0.943066	0.0366607
Muller_E	4136547	0.0205781	0.943051	0.0363709
Muller_E	4140224	0.0212957	0.943014	0.0356901
Muller_E	4140902	0.021428	0.943007	0.0355646
Muller_E	4141485	0.0215418	0.943001	0.0354567
Muller_E	4143836	0.0220009	0.942977	0.0350218
Muller_E	4144350	0.0221013	0.942972	0.0349267
Muller_E	4144848	0.0221986	0.942967	0.0348346
Muller_E	4150850	0.0233716	0.942903	0.0337252
Muller_E	4151927	0.0235822	0.942892	0.0335262
Muller_E	4154621	0.0241091	0.942862	0.0330287
Muller_E	4159745	0.025112	0.942805	0.032083
Muller_E	4159958	0.0251537	0.942803	0.0320437
Muller_E	4160923	0.0253427	0.942792	0.0318657
Muller_E	4161787	0.0255119	0.942782	0.0317064
Muller_E	4162162	0.0255854	0.942777	0.0316372
Muller_E	4163984	0.0259423	0.942756	0.0313013
Muller_E	4164218	0.0259882	0.942754	0.0312582
Muller_E	4164859	0.0261138	0.942746	0.03114
Muller_E	4165033	0.0261479	0.942744	0.031108
Muller_E	4165157	0.0261722	0.942743	0.0310851
Muller_E	4165383	0.0262165	0.94274	0.0310435
Muller_E	4165808	0.0262998	0.942735	0.0309651
Muller_E	4165958	0.0263292	0.942733	0.0309375
Muller_E	4166062	0.0263495	0.942732	0.0309183
Muller_E	4166243	0.026385	0.94273	0.030885
Muller_E	4166628	0.0264605	0.942725	0.030814
Muller_E	4168755	0.0268775	0.9427	0.0304222
Muller_E	4172546	0.0276211	0.942655	0.0297241
Muller_E	4172827	0.0494517	0.944129	0.00641928
Muller_E	4173860	0.0277891	0.942577	0.0296341
Muller_E	4176100	0.028034	0.942415	0.0295511
Muller_E	4176326	0.0280587	0.942399	0.0295427
Muller_E	4176826	0.0281134	0.942362	0.0295242
Muller_E	4177022	0.0281348	0.942348	0.0295169
Muller_E	4178339	0.0282788	0.942253	0.0294681
Muller_E	4178608	0.0283082	0.942234	0.0294582
Muller_E	4179326	0.0283867	0.942182	0.0294315
Muller_E	4180712	0.0285382	0.942082	0.0293802
Muller_E	4180966	0.0285659	0.942063	0.0293707
Muller_E	4184926	0.0289987	0.941777	0.0292239
Muller_E	4185178	0.0290263	0.941759	0.0292146
Muller_E	4185319	0.0290417	0.941749	0.0292093
Muller_E	4185532	0.029065	0.941734	0.0292014
Muller_E	4187632	0.0292945	0.941582	0.0291235
Muller_E	4188227	0.0293595	0.941539	0.0291015
Muller_E	4188670	0.0294079	0.941507	0.029085
Muller_E	4192621	0.0298397	0.941222	0.0289385
Muller_E	4193546	0.0299408	0.941155	0.0289041
Muller_E	4194407	0.0300348	0.941093	0.0288722
Muller_E	4195783	0.0301852	0.940994	0.0288211
Muller_E	4196010	0.03021	0.940977	0.0288127
Muller_E	4197440	0.0303662	0.940874	0.0287596
Muller_E	4198223	0.0304518	0.940818	0.0287306
Muller_E	4199021	0.030539	0.94076	0.0287009
Muller_E	4199203	0.0305589	0.940747	0.0286942
Muller_E	4199424	0.030583	0.940731	0.028686
Muller_E	4199639	0.0306065	0.940716	0.028678
Muller_E	4199983	0.0306441	0.940691	0.0286652
Muller_E	4203293	0.0310057	0.940452	0.0285423
Muller_E	4205814	0.0312811	0.94027	0.0284487
Muller_E	4206134	0.031316	0.940247	0.0284368
Muller_E	4207588	0.0314749	0.940142	0.0283828
Muller_E	4210680	0.0318126	0.939919	0.0282679
Muller_E	4210928	0.0318397	0.939902	0.0282587
Muller_E	4211312	0.0318816	0.939874	0.0282444
Muller_E	4211755	0.03193	0.939842	0.028228
Muller_E	4213444	0.0321145	0.93972	0.0281652
Muller_E	4216650	0.0324646	0.939489	0.0280461
Muller_E	4217058	0.0325092	0.93946	0.0280309
Muller_E	4217453	0.0325523	0.939431	0.0280162
Muller_E	4217565	0.0325646	0.939423	0.0280121
Muller_E	4217669	0.0325759	0.939416	0.0280082
Muller_E	4217825	0.0325929	0.939405	0.0280024
Muller_E	4218923	0.0327129	0.939326	0.0279616
Muller_E	4225215	0.0333999	0.938872	0.0277276
Muller_E	4232774	0.0342252	0.938328	0.0274464
Muller_E	4235298	0.0345007	0.938147	0.0273524
Muller_E	4245993	0.035668	0.937378	0.0269542
Muller_E	4252835	0.0364146	0.936886	0.0266993
Muller_E	4253725	0.0365117	0.936822	0.0266661
Muller_E	4256197	0.0367814	0.936645	0.026574
Muller_E	4261234	0.037331	0.936283	0.0263862
Muller_E	4262892	0.0375118	0.936164	0.0263244
Muller_E	4263238	0.0375496	0.936139	0.0263114
Muller_E	4263588	0.0375878	0.936114	0.0262984
Muller_E	4264621	0.0377004	0.93604	0.0262599
Muller_E	4266950	0.0379545	0.935873	0.026173
Muller_E	4267529	0.0380176	0.935831	0.0261514
Muller_E	4276223	0.0389658	0.935207	0.0258269
Muller_E	4311688	0.0428318	0.932667	0.0245013
Muller_E	4311965	0.042862	0.932647	0.024491
Muller_E	4312254	0.0428935	0.932626	0.0244802
Muller_E	4312510	0.0429214	0.932608	0.0244706
Muller_E	4334492	0.045316	0.931037	0.0236472
Muller_E	4352032	0.0472258	0.929785	0.0229894
Muller_E	4353438	0.0473789	0.929685	0.0229366
Muller_E	4356857	0.0477511	0.929441	0.0228082
Muller_E	4360054	0.048099	0.929213	0.0226882
Muller_E	4374783	0.049702	0.928163	0.0221348
Muller_E	4374946	0.0497197	0.928152	0.0221287
Muller_E	4381350	0.0504165	0.927696	0.0218879
Muller_E	4558836	0.06969	0.915137	0.0151726
Muller_E	4562012	0.0700343	0.914914	0.0150517
Muller_E	4564083	0.0702588	0.914768	0.0149729
Muller_E	4564194	0.0702708	0.914761	0.0149686
Muller_E	4568491	0.0707365	0.914458	0.014805
Muller_E	4569115	0.0708042	0.914415	0.0147813
Muller_E	4569749	0.0708729	0.91437	0.0147571
Muller_E	4570340	0.0709369	0.914328	0.0147346
Muller_E	4571890	0.0711049	0.91422	0.0146756
Muller_E	4572624	0.0711845	0.914168	0.0146476
Muller_E	4573491	0.0712784	0.914107	0.0146146
Muller_E	4573809	0.0713129	0.914085	0.0146024
Muller_E	4577361	0.0716978	0.913835	0.0144671
Muller_E	4577462	0.0717087	0.913828	0.0144633
Muller_E	4578308	0.0718004	0.913769	0.014431
Muller_E	4580664	0.0720557	0.913603	0.0143412
Muller_E	4580954	0.0720871	0.913583	0.0143302
Muller_E	4581769	0.0721754	0.913525	0.0142991
Muller_E	4581909	0.0721906	0.913516	0.0142938
Muller_E	4583019	0.0723109	0.913438	0.0142515
Muller_E	4583393	0.0723514	0.913411	0.0142372
Muller_E	4583516	0.0723647	0.913403	0.0142325
Muller_E	4584473	0.0724684	0.913336	0.014196
Muller_E	4589180	0.0729784	0.913005	0.0140165
Muller_E	4590247	0.073094	0.91293	0.0139758
Muller_E	4591539	0.0732339	0.912839	0.0139266
Muller_E	4593253	0.0734196	0.912719	0.0138612
Muller_E	4593508	0.0734472	0.912701	0.0138515
Muller_E	4593974	0.0734977	0.912669	0.0138337
Muller_E	4595111	0.0736209	0.912589	0.0137903
Muller_E	4595303	0.0736417	0.912575	0.013783
Muller_E	4597548	0.0738849	0.912418	0.0136973
Muller_E	4597833	0.0739157	0.912398	0.0136865
Muller_E	4600306	0.0741836	0.912224	0.0135921
Muller_E	4607273	0.0749382	0.911736	0.0133261
Muller_E	4607398	0.0749517	0.911727	0.0133214
Muller_E	4610441	0.0752813	0.911514	0.0132052
Muller_E	4611041	0.0753463	0.911471	0.0131822
Muller_E	4611562	0.0754027	0.911435	0.0131623
Muller_E	4611697	0.0754173	0.911426	0.0131572
Muller_E	4612447	0.0754985	0.911373	0.0131285
Muller_E	4612733	0.0755295	0.911353	0.0131176
Muller_E	4612927	0.0755505	0.911339	0.0131102
Muller_E	4613148	0.0755744	0.911324	0.0131018
Muller_E	4614502	0.0757211	0.911229	0.01305
Muller_E	4615888	0.0758711	0.911132	0.0129971
Muller_E	4616173	0.075902	0.911112	0.0129862
Muller_E	4616508	0.0759383	0.911088	0.0129734
Muller_E	4616663	0.0759551	0.911077	0.0129675
Muller_E	4618190	0.0761204	0.91097	0.0129091
Muller_E	4619781	0.0762927	0.910859	0.0128484
Muller_E	4622166	0.0765509	0.910692	0.0127572
Muller_E	4626314	0.077	0.910401	0.0125987
Muller_E	4626864	0.0770596	0.910363	0.0125776
Muller_E	4627368	0.0771141	0.910328	0.0125584
Muller_E	4627488	0.0771271	0.910319	0.0125538
Muller_E	4633961	0.0778279	0.909866	0.0123062
Muller_E	4635834	0.0780306	0.909735	0.0122346
Muller_E	4636452	0.0780975	0.909692	0.012211
Muller_E	4637295	0.0781888	0.909633	0.0121787
Muller_E	4640891	0.078578	0.909381	0.0120411
Muller_E	4645727	0.0791014	0.909043	0.0118561
Muller_E	4646376	0.0791716	0.908997	0.0118312
Muller_E	4646798	0.0792173	0.908968	0.0118151
Muller_E	4653320	0.0799231	0.908512	0.0115653
Muller_E	4656520	0.0802694	0.908288	0.0114428
Muller_E	4672665	0.0820161	0.90716	0.0108241
Muller_E	4674140	0.0821757	0.907057	0.0107675
Muller_E	4675745	0.0823493	0.906945	0.010706
Muller_E	4676485	0.0824293	0.906893	0.0106776
Muller_E	4677110	0.0824969	0.906849	0.0106536
Muller_E	4677655	0.0825559	0.906811	0.0106327
Muller_E	4678986	0.0826999	0.906719	0.0105816
Muller_E	4680223	0.0828336	0.906632	0.0105342
Muller_E	4682403	0.0830694	0.90648	0.0104506
Muller_E	4682621	0.083093	0.906465	0.0104422
Muller_E	4684270	0.0832714	0.90635	0.0103789
Muller_E	4685491	0.0834034	0.906265	0.0103321
Muller_E	4686019	0.0834605	0.906228	0.0103118
Muller_E	4687101	0.0835775	0.906152	0.0102703
Muller_E	4689628	0.0838508	0.905976	0.0101733
Muller_E	4690052	0.0838967	0.905946	0.010157
Muller_E	4690344	0.0839283	0.905926	0.0101458
Muller_E	4690905	0.0839889	0.905887	0.0101243
Muller_E	4691125	0.0840127	0.905871	0.0101158
Muller_E	4691712	0.0840762	0.905831	0.0100933
Muller_E	4691999	0.0841072	0.90581	0.0100823
Muller_E	4692111	0.0841193	0.905803	0.010078
Muller_E	4693234	0.0842408	0.905724	0.0100349
Muller_E	4693620	0.0842825	0.905697	0.0100201
Muller_E	4693753	0.0842969	0.905688	0.0100149
Muller_E	4694021	0.0843259	0.905669	0.0100047
Muller_E	4694592	0.0843876	0.90563	0.00998273
Muller_E	4696429	0.0845863	0.905502	0.00991219
Muller_E	4696792	0.0846255	0.905476	0.00989825
Muller_E	4699402	0.0849077	0.905294	0.00979802
Muller_E	4700957	0.0850759	0.905186	0.00973829
Muller_E	4702606	0.0852542	0.905071	0.00967494
Muller_E	4708142	0.0858527	0.904685	0.00946224
Muller_E	4712097	0.0862803	0.90441	0.00931023
Muller_E	4713898	0.086475	0.904284	0.009241
Muller_E	4714194	0.0865069	0.904263	0.00922962
Muller_E	4717094	0.0868204	0.904061	0.00911812
Muller_E	4717794	0.0868961	0.904013	0.0090912
Muller_E	4720564	0.0871955	0.90382	0.00898468
Muller_E	4722390	0.0873929	0.903693	0.00891445
Muller_E	4727534	0.0879488	0.903335	0.00871656
Muller_E	4730688	0.0882897	0.903115	0.00859519
Muller_E	4731377	0.0883642	0.903067	0.00856868
Muller_E	4732944	0.0885335	0.902958	0.00850837
Muller_E	4738342	0.0891168	0.902583	0.00830057
Muller_E	4739398	0.0892309	0.902509	0.00825991
Muller_E	4742492	0.0895652	0.902294	0.00814076
Muller_E	4745718	0.0899138	0.90207	0.00801651
Muller_E	4746457	0.0899936	0.902018	0.00798804
Muller_E	4748015	0.090162	0.90191	0.00792802
Muller_E	4748352	0.0901984	0.901887	0.00791504
Muller_E	4748630	0.0902284	0.901867	0.00790433
Muller_E	4751071	0.0904921	0.901698	0.00781028
Muller_E	4751685	0.0905585	0.901655	0.00778662
Muller_E	4751817	0.0905727	0.901646	0.00778153
Muller_E	4752607	0.0906581	0.901591	0.00775109
Muller_E	4752773	0.090676	0.901579	0.00774469
Muller_E	4753826	0.0907898	0.901506	0.00770411
Muller_E	4754671	0.090881	0.901447	0.00767154
Muller_E	4756619	0.0910915	0.901312	0.00759646
Muller_E	4759191	0.0913693	0.901133	0.00749731
Muller_E	4761262	0.091593	0.90099	0.00741746
Muller_E	4761866	0.0916583	0.900948	0.00739417
Muller_E	4761985	0.0916711	0.900939	0.00738958
Muller_E	4763545	0.0918396	0.900831	0.00732943
Muller_E	4764509	0.0919437	0.900764	0.00729225
Muller_E	4765595	0.092061	0.900689	0.00725037
Muller_E	4766291	0.0921362	0.90064	0.00722353
Muller_E	4766501	0.0921589	0.900626	0.00721543
Muller_E	4767354	0.092251	0.900566	0.00718253
Muller_E	4769627	0.0924965	0.900409	0.00709485
Muller_E	4769950	0.0925314	0.900386	0.00708239
Muller_E	4772288	0.0927839	0.900224	0.00699218
Muller_E	4773763	0.0929432	0.900122	0.00693527
Muller_E	4773963	0.0929648	0.900108	0.00692755
Muller_E	4774375	0.0930093	0.900079	0.00691165
Muller_E	4774957	0.0930722	0.900039	0.00688919
Muller_E	4775479	0.0931285	0.900002	0.00686905
Muller_E	4776619	0.0932516	0.899923	0.00682505
Muller_E	4779373	0.093549	0.899732	0.00671876
Muller_E	4781913	0.0938233	0.899556	0.0066207
Muller_E	4782620	0.0938997	0.899507	0.00659341
Muller_E	4783326	0.0939759	0.899458	0.00656615
Muller_E	4786044	0.0942694	0.899269	0.0064612
Muller_E	4786690	0.0943391	0.899225	0.00643625
Muller_E	4789453	0.0946375	0.899033	0.00632954
Muller_E	4790377	0.0947372	0.898969	0.00629385
Muller_E	4792360	0.0949513	0.898831	0.00621725
Muller_E	4792549	0.0949717	0.898818	0.00620994
Muller_E	4792702	0.0949882	0.898808	0.00620403
Muller_E	4822723	0.0982287	0.896728	0.00504317
Muller_E	4832155	0.0992465	0.896076	0.00467802
Muller_E	4834924	0.0995452	0.895884	0.00457077
Muller_E	4838041	0.0998815	0.895668	0.00445003
Muller_E	4839031	0.0999883	0.8956	0.00441168
Muller_E	4840034	0.100097	0.895531	0.00437282
Muller_E	4843722	0.100494	0.895276	0.00422991
Muller_E	4844215	0.100548	0.895242	0.00421081
Muller_E	4846930	0.10084	0.895054	0.00410558
Muller_E	4847984	0.100954	0.894981	0.00406472
Muller_E	4849699	0.101139	0.894863	0.00399824
Muller_E	4849916	0.101163	0.894848	0.00398983
Muller_E	4850646	0.101241	0.894797	0.00396153
Muller_E	4851102	0.101291	0.894766	0.00394385
Muller_E	4851280	0.10131	0.894753	0.00393695
Muller_E	4852753	0.101469	0.894652	0.00387983
Muller_E	4853630	0.101563	0.894591	0.00384583
