chrom	position	2,0	1,1	0,2
Muller_E	62882	0.642877	0.256931	0.100192
Muller_E	267432	0.644193	0.259386	0.0964207
Muller_E	441230	0.645512	0.261217	0.0932716
Muller_E	511157	0.646095	0.261887	0.0920185
Muller_E	557879	0.646501	0.262314	0.0911857
Muller_E	581000	0.646706	0.262519	0.0907748
Muller_E	709108	0.647906	0.26358	0.0885138
Muller_E	768129	0.648492	0.264027	0.0874808
Muller_E	785241	0.648666	0.264152	0.0871823
Muller_E	787322	0.648687	0.264167	0.087146
Muller_E	787424	0.648688	0.264167	0.0871442
Muller_E	788173	0.648696	0.264173	0.0871312
Muller_E	788750	0.648702	0.264177	0.0871211
Muller_E	788860	0.648703	0.264178	0.0871192
Muller_E	791823	0.648734	0.264199	0.0870676
Muller_E	802257	0.648841	0.264273	0.0868859
Muller_E	893794	0.649811	0.26489	0.0852992
Muller_E	894300	0.649817	0.264893	0.0852905
Muller_E	896281	0.649838	0.264905	0.0852563
Muller_E	897287	0.649849	0.264912	0.0852389
Muller_E	897987	0.649857	0.264916	0.0852269
Muller_E	901015	0.64989	0.264935	0.0851746
Muller_E	901718	0.649898	0.26494	0.0851625
Muller_E	923408	0.650136	0.265075	0.0847887
Muller_E	923675	0.650139	0.265077	0.0847841
Muller_E	924320	0.650146	0.265081	0.084773
Muller_E	927795	0.650185	0.265102	0.0847131
Muller_E	948021	0.65041	0.265225	0.0843653
Muller_E	948230	0.650412	0.265226	0.0843617
Muller_E	958531	0.650528	0.265287	0.0841848
Muller_E	967701	0.650632	0.265341	0.0840275
Muller_E	969142	0.650648	0.265349	0.0840028
Muller_E	1033237	0.651387	0.265706	0.0829066
Muller_E	1120573	0.652435	0.266142	0.0814229
Muller_E	1123171	0.652467	0.266154	0.081379
Muller_E	1146845	0.652759	0.266262	0.0809788
Muller_E	1148492	0.65278	0.266269	0.080951
Muller_E	1168315	0.653027	0.266356	0.0806166
Muller_E	1213395	0.653599	0.266542	0.0798584
Muller_E	1262309	0.654234	0.266727	0.079039
Muller_E	1275111	0.654403	0.266772	0.0788251
Muller_E	1275707	0.654411	0.266774	0.0788151
Muller_E	1314313	0.654925	0.266903	0.0781716
Muller_E	1318297	0.654979	0.266916	0.0781053
Muller_E	1358440	0.655524	0.267037	0.0774386
Muller_E	1358616	0.655527	0.267037	0.0774357
Muller_E	1378824	0.655805	0.267094	0.077101
Muller_E	1480336	0.657242	0.26733	0.0754284
Muller_E	1489232	0.65737	0.267347	0.0752826
Muller_E	1645912	0.65972	0.267549	0.0727315
Muller_E	1673398	0.660147	0.267565	0.0722875
Muller_E	1718642	0.660862	0.26758	0.0715589
Muller_E	1746815	0.661313	0.267581	0.0711066
Muller_E	1763447	0.661581	0.267579	0.0708402
Muller_E	1765039	0.661607	0.267578	0.0708147
Muller_E	1765159	0.661609	0.267578	0.0708127
Muller_E	1765369	0.661612	0.267578	0.0708094
Muller_E	1771226	0.661707	0.267577	0.0707157
Muller_E	1799036	0.662162	0.267567	0.0702712
Muller_E	1802542	0.662219	0.267566	0.0702153
Muller_E	1802678	0.662221	0.267566	0.0702131
Muller_E	1803039	0.662227	0.267565	0.0702073
Muller_E	1803347	0.662232	0.267565	0.0702024
Muller_E	1805518	0.662268	0.267564	0.0701678
Muller_E	1812938	0.66239	0.26756	0.0700495
Muller_E	1813040	0.662392	0.26756	0.0700478
Muller_E	1815234	0.662428	0.267559	0.0700129
Muller_E	1815907	0.662439	0.267558	0.0700021
Muller_E	1816383	0.662447	0.267558	0.0699945
Muller_E	1831501	0.662698	0.267548	0.0697537
Muller_E	1850978	0.663023	0.267533	0.069444
Muller_E	1851905	0.663038	0.267533	0.0694292
Muller_E	1852166	0.663042	0.267532	0.0694251
Muller_E	1857635	0.663134	0.267528	0.0693382
Muller_E	1861157	0.663193	0.267524	0.0692823
Muller_E	1861336	0.663196	0.267524	0.0692795
Muller_E	1861880	0.663205	0.267524	0.0692708
Muller_E	1866595	0.663285	0.267519	0.069196
Muller_E	1870209	0.663346	0.267516	0.0691386
Muller_E	1871973	0.663375	0.267514	0.0691106
Muller_E	1880064	0.663512	0.267506	0.0689823
Muller_E	1889333	0.663669	0.267495	0.0688355
Muller_E	1891195	0.663701	0.267493	0.068806
Muller_E	1894320	0.663754	0.26749	0.0687565
Muller_E	1900363	0.663857	0.267482	0.0686609
Muller_E	1904375	0.663925	0.267477	0.0685974
Muller_E	1915469	0.664115	0.267463	0.068422
Muller_E	1927060	0.664314	0.267447	0.0682389
Muller_E	1932459	0.664407	0.267439	0.0681537
Muller_E	1944351	0.664612	0.267422	0.0679661
Muller_E	1946702	0.664653	0.267418	0.0679291
Muller_E	1961660	0.664913	0.267394	0.0676935
Muller_E	1975567	0.665156	0.267369	0.0674747
Muller_E	2011856	0.665795	0.2673	0.066905
Muller_E	2013122	0.665818	0.267297	0.0668852
Muller_E	2044597	0.666379	0.267228	0.0663926
Muller_E	2048236	0.666444	0.26722	0.0663357
Muller_E	2048434	0.666448	0.267219	0.0663326
Muller_E	2086567	0.667137	0.267125	0.0657378
Muller_E	2103366	0.667444	0.26708	0.0654764
Muller_E	2117584	0.667705	0.26704	0.0652554
Muller_E	2126123	0.667862	0.267015	0.0651228
Muller_E	2135792	0.668041	0.266987	0.0649728
Muller_E	2140907	0.668135	0.266971	0.0648935
Muller_E	2141169	0.66814	0.26697	0.0648895
Muller_E	2142715	0.668169	0.266966	0.0648655
Muller_E	2145389	0.668218	0.266958	0.0648241
Muller_E	2146953	0.668247	0.266953	0.0647998
Muller_E	2147057	0.668249	0.266952	0.0647982
Muller_E	2201852	0.669276	0.266772	0.0639513
Muller_E	2204792	0.669332	0.266762	0.063906
Muller_E	2219543	0.669612	0.266709	0.0636787
Muller_E	2220290	0.669626	0.266707	0.0636672
Muller_E	2241628	0.670033	0.266627	0.063339
Muller_E	2243471	0.670069	0.26662	0.0633107
Muller_E	2531559	0.675852	0.265209	0.058939
Muller_E	2693610	0.679334	0.264138	0.0565276
Muller_E	2696554	0.679399	0.264117	0.0564841
Muller_E	2706179	0.679611	0.264047	0.056342
Muller_E	2713009	0.679762	0.263997	0.0562412
Muller_E	2716202	0.679833	0.263973	0.0561941
Muller_E	2721440	0.679949	0.263934	0.0561169
Muller_E	2735475	0.680261	0.263829	0.0559101
Muller_E	2763120	0.680879	0.263618	0.0555037
Muller_E	2777976	0.681213	0.263502	0.0552857
Muller_E	2779619	0.68125	0.263489	0.0552616
Muller_E	2787347	0.681424	0.263427	0.0551483
Muller_E	2788916	0.68146	0.263415	0.0551253
Muller_E	2795398	0.681606	0.263363	0.0550303
Muller_E	2798296	0.681672	0.26334	0.0549879
Muller_E	2799305	0.681695	0.263332	0.0549731
Muller_E	2800245	0.681716	0.263324	0.0549594
Muller_E	2800507	0.681722	0.263322	0.0549555
Muller_E	2800780	0.681728	0.26332	0.0549516
Muller_E	2800932	0.681732	0.263319	0.0549493
Muller_E	2801158	0.681737	0.263317	0.054946
Muller_E	2805736	0.681841	0.26328	0.054879
Muller_E	2807233	0.681875	0.263268	0.0548571
Muller_E	2807795	0.681888	0.263263	0.0548489
Muller_E	2808363	0.681901	0.263259	0.0548406
Muller_E	2809031	0.681916	0.263253	0.0548308
Muller_E	2809272	0.681921	0.263251	0.0548273
Muller_E	2809909	0.681936	0.263246	0.054818
Muller_E	2811470	0.681971	0.263234	0.0547952
Muller_E	2811776	0.681978	0.263231	0.0547907
Muller_E	2812117	0.681986	0.263228	0.0547857
Muller_E	2815676	0.682067	0.263199	0.0547337
Muller_E	2816259	0.68208	0.263195	0.0547252
Muller_E	2817070	0.682099	0.263188	0.0547133
Muller_E	2817616	0.682111	0.263184	0.0547053
Muller_E	2819402	0.682152	0.263169	0.0546792
Muller_E	2820166	0.682169	0.263163	0.0546681
Muller_E	2820386	0.682174	0.263161	0.0546648
Muller_E	2820775	0.682183	0.263158	0.0546592
Muller_E	2821135	0.682191	0.263155	0.0546539
Muller_E	2821440	0.682198	0.263152	0.0546494
Muller_E	2826939	0.682324	0.263107	0.0545691
Muller_E	2831172	0.682421	0.263072	0.0545073
Muller_E	2831515	0.682429	0.263069	0.0545023
Muller_E	2832336	0.682447	0.263062	0.0544903
Muller_E	2833070	0.682464	0.263056	0.0544796
Muller_E	2850717	0.682869	0.262909	0.0542223
Muller_E	2853215	0.682927	0.262888	0.0541859
Muller_E	2856496	0.683002	0.26286	0.0541381
Muller_E	2856945	0.683012	0.262856	0.0541315
Muller_E	2857481	0.683025	0.262851	0.0541237
Muller_E	2858163	0.68304	0.262846	0.0541138
Muller_E	2859754	0.683077	0.262832	0.0540906
Muller_E	2859987	0.683083	0.26283	0.0540873
Muller_E	2862604	0.683143	0.262808	0.0540492
Muller_E	2866488	0.683233	0.262775	0.0539926
Muller_E	2867267	0.683251	0.262768	0.0539813
Muller_E	2868557	0.68328	0.262757	0.0539625
Muller_E	2870085	0.683316	0.262744	0.0539403
Muller_E	2870623	0.683328	0.262739	0.0539325
Muller_E	2876155	0.683456	0.262692	0.053852
Muller_E	2877151	0.683479	0.262683	0.0538375
Muller_E	2886067	0.683686	0.262606	0.053708
Muller_E	2886534	0.683697	0.262602	0.0537012
Muller_E	2887599	0.683722	0.262593	0.0536857
Muller_E	2887882	0.683728	0.26259	0.0536816
Muller_E	2888492	0.683742	0.262585	0.0536728
Muller_E	2888607	0.683745	0.262584	0.0536711
Muller_E	2890000	0.683778	0.262572	0.0536509
Muller_E	2890387	0.683787	0.262568	0.0536452
Muller_E	2890907	0.683799	0.262564	0.0536377
Muller_E	2894764	0.683888	0.26253	0.0535817
Muller_E	2899098	0.683989	0.262492	0.0535188
Muller_E	2901481	0.684045	0.262471	0.0534842
Muller_E	2901643	0.684049	0.262469	0.0534819
Muller_E	2902627	0.684072	0.262461	0.0534676
Muller_E	2903432	0.68409	0.262454	0.0534559
Muller_E	2904998	0.684127	0.26244	0.0534332
Muller_E	2905994	0.68415	0.262431	0.0534188
Muller_E	2907134	0.684177	0.262421	0.0534022
Muller_E	2908511	0.684209	0.262409	0.0533823
Muller_E	2909452	0.684231	0.2624	0.0533686
Muller_E	2910160	0.684248	0.262394	0.0533584
Muller_E	2911022	0.684268	0.262386	0.0533459
Muller_E	2911252	0.684273	0.262384	0.0533426
Muller_E	2911992	0.68429	0.262378	0.0533318
Muller_E	2914672	0.684353	0.262354	0.053293
Muller_E	2915489	0.684372	0.262347	0.0532812
Muller_E	2918585	0.684445	0.262319	0.0532363
Muller_E	2919015	0.684455	0.262315	0.0532301
Muller_E	2919728	0.684472	0.262309	0.0532198
Muller_E	2919971	0.684477	0.262306	0.0532162
Muller_E	2921506	0.684513	0.262293	0.053194
Muller_E	2922564	0.684538	0.262283	0.0531787
Muller_E	2922707	0.684541	0.262282	0.0531766
Muller_E	2924226	0.684577	0.262268	0.0531546
Muller_E	2925108	0.684598	0.26226	0.0531419
Muller_E	2925552	0.684608	0.262256	0.0531354
Muller_E	2928855	0.684686	0.262227	0.0530876
Muller_E	2930674	0.684729	0.26221	0.0530613
Muller_E	2931258	0.684742	0.262205	0.0530529
Muller_E	2931592	0.68475	0.262202	0.053048
Muller_E	2931798	0.684755	0.2622	0.053045
Muller_E	2932326	0.684767	0.262195	0.0530374
Muller_E	2945623	0.685081	0.262074	0.0528452
Muller_E	2945753	0.685084	0.262073	0.0528433
Muller_E	2945878	0.685087	0.262072	0.0528415
Muller_E	2946001	0.68509	0.262071	0.0528397
Muller_E	2955783	0.685321	0.261981	0.0526984
Muller_E	2957997	0.685373	0.26196	0.0526665
Muller_E	2959282	0.685404	0.261948	0.0526479
Muller_E	2959697	0.685414	0.261944	0.0526419
Muller_E	2959819	0.685417	0.261943	0.0526402
Muller_E	2960759	0.685439	0.261934	0.0526266
Muller_E	2961667	0.68546	0.261926	0.0526135
Muller_E	2961801	0.685464	0.261925	0.0526116
Muller_E	2963254	0.685498	0.261911	0.0525906
Muller_E	2963568	0.685506	0.261908	0.0525861
Muller_E	2975263	0.685783	0.261799	0.0524175
Muller_E	2976725	0.685818	0.261785	0.0523964
Muller_E	2977784	0.685843	0.261775	0.0523812
Muller_E	2982473	0.685955	0.261731	0.0523136
Muller_E	2984283	0.685998	0.261714	0.0522875
Muller_E	2985483	0.686027	0.261703	0.0522703
Muller_E	2985658	0.686031	0.261701	0.0522677
Muller_E	2985908	0.686037	0.261699	0.0522641
Muller_E	2987685	0.68608	0.261682	0.0522386
Muller_E	2992894	0.686204	0.261632	0.0521636
Muller_E	2993313	0.686214	0.261628	0.0521576
Muller_E	2993798	0.686226	0.261624	0.0521506
Muller_E	2994137	0.686234	0.261621	0.0521457
Muller_E	2994487	0.686242	0.261617	0.0521407
Muller_E	2994615	0.686245	0.261616	0.0521388
Muller_E	2995123	0.686257	0.261611	0.0521315
Muller_E	2995701	0.686271	0.261606	0.0521232
Muller_E	2996048	0.686279	0.261602	0.0521182
Muller_E	2996738	0.686296	0.261596	0.0521083
Muller_E	2996880	0.686299	0.261594	0.0521063
Muller_E	2997113	0.686305	0.261592	0.0521029
Muller_E	2999116	0.686353	0.261573	0.0520741
Muller_E	2999459	0.686361	0.26157	0.0520692
Muller_E	3001420	0.686408	0.261551	0.052041
Muller_E	3001578	0.686412	0.261549	0.0520387
Muller_E	3001696	0.686415	0.261548	0.052037
Muller_E	3002579	0.686436	0.26154	0.0520243
Muller_E	3003095	0.686448	0.261535	0.0520169
Muller_E	3003540	0.686459	0.261531	0.0520105
Muller_E	3004120	0.686473	0.261525	0.0520022
Muller_E	3005221	0.686499	0.261514	0.0519863
Muller_E	3007967	0.686565	0.261488	0.0519469
Muller_E	3012773	0.686681	0.261441	0.0518778
Muller_E	3013331	0.686694	0.261436	0.0518698
Muller_E	3013618	0.686701	0.261433	0.0518657
Muller_E	3014080	0.686712	0.261429	0.0518591
Muller_E	3014783	0.686729	0.261422	0.051849
Muller_E	3016296	0.686765	0.261407	0.0518273
Muller_E	3017214	0.686787	0.261398	0.0518141
Muller_E	3018320	0.686814	0.261388	0.0517982
Muller_E	3018982	0.68683	0.261381	0.0517887
Muller_E	3019303	0.686838	0.261378	0.0517841
Muller_E	3019831	0.68685	0.261373	0.0517765
Muller_E	3021834	0.686899	0.261353	0.0517478
Muller_E	3021944	0.686901	0.261352	0.0517462
Muller_E	3023127	0.68693	0.261341	0.0517292
Muller_E	3024474	0.686962	0.261328	0.0517099
Muller_E	3024813	0.686971	0.261324	0.051705
Muller_E	3029421	0.687082	0.261279	0.0516389
Muller_E	3029834	0.687092	0.261275	0.051633
Muller_E	3030101	0.687098	0.261273	0.0516292
Muller_E	3033200	0.687173	0.261242	0.0515847
Muller_E	3033901	0.68719	0.261235	0.0515747
Muller_E	3034073	0.687194	0.261234	0.0515722
Muller_E	3036032	0.687242	0.261214	0.0515442
Muller_E	3038305	0.687297	0.261192	0.0515116
Muller_E	3041816	0.687382	0.261157	0.0514613
Muller_E	3044683	0.687451	0.261129	0.0514202
Muller_E	3046757	0.687501	0.261108	0.0513905
Muller_E	3046887	0.687505	0.261107	0.0513887
Muller_E	3047900	0.687529	0.261097	0.0513742
Muller_E	3048135	0.687535	0.261094	0.0513708
Muller_E	3050664	0.687596	0.261069	0.0513346
Muller_E	3051698	0.687621	0.261059	0.0513198
Muller_E	3051968	0.687628	0.261056	0.0513159
Muller_E	3052635	0.687644	0.26105	0.0513064
Muller_E	3053197	0.687658	0.261044	0.0512983
Muller_E	3056428	0.687736	0.261012	0.0512521
Muller_E	3056712	0.687743	0.261009	0.051248
Muller_E	3058398	0.687784	0.260992	0.0512239
Muller_E	3059687	0.687816	0.260979	0.0512055
Muller_E	3061511	0.68786	0.260961	0.0511794
Muller_E	3062406	0.687882	0.260952	0.0511666
Muller_E	3062537	0.687885	0.26095	0.0511647
Muller_E	3100018	0.688803	0.260568	0.0506298
Muller_E	3100718	0.68882	0.26056	0.0506198
Muller_E	3112367	0.689107	0.260439	0.0504539
Muller_E	3112987	0.689122	0.260433	0.0504451
Muller_E	3113420	0.689133	0.260428	0.0504389
Muller_E	3116107	0.689199	0.2604	0.0504007
Muller_E	3119432	0.689281	0.260365	0.0503534
Muller_E	3119714	0.689288	0.260362	0.0503494
Muller_E	3120862	0.689317	0.26035	0.050333
Muller_E	3122265	0.689352	0.260335	0.0503131
Muller_E	3123364	0.689379	0.260324	0.0502975
Muller_E	3124138	0.689398	0.260316	0.0502865
Muller_E	3127464	0.68948	0.260281	0.0502392
Muller_E	3128767	0.689513	0.260267	0.0502207
Muller_E	3128895	0.689516	0.260265	0.0502188
Muller_E	3129611	0.689533	0.260258	0.0502087
Muller_E	3129743	0.689537	0.260256	0.0502068
Muller_E	3130171	0.689547	0.260252	0.0502007
Muller_E	3131529	0.689581	0.260238	0.0501814
Muller_E	3137674	0.689734	0.260172	0.0500941
Muller_E	3139976	0.689791	0.260148	0.0500614
Muller_E	3143168	0.68987	0.260114	0.0500161
Muller_E	3169152	0.690519	0.259833	0.0496478
Muller_E	3170575	0.690555	0.259818	0.0496276
Muller_E	3173857	0.690637	0.259782	0.0495812
Muller_E	3192801	0.691113	0.259574	0.0493133
Muller_E	3194086	0.691146	0.259559	0.0492951
Muller_E	3194230	0.691149	0.259558	0.0492931
Muller_E	3207603	0.691487	0.259409	0.0491043
Muller_E	3207708	0.69149	0.259408	0.0491028
Muller_E	3208070	0.691499	0.259404	0.0490977
Muller_E	3208369	0.691506	0.2594	0.0490935
Muller_E	3208507	0.69151	0.259399	0.0490915
Muller_E	3208706	0.691515	0.259396	0.0490887
Muller_E	3210124	0.691551	0.259381	0.0490687
Muller_E	3211254	0.691579	0.259368	0.0490528
Muller_E	3212088	0.691601	0.259358	0.049041
Muller_E	3216063	0.691701	0.259314	0.0489849
Muller_E	3216461	0.691711	0.259309	0.0489793
Muller_E	3217109	0.691728	0.259302	0.0489702
Muller_E	3217441	0.691736	0.259298	0.0489655
Muller_E	3217706	0.691743	0.259295	0.0489618
Muller_E	3217825	0.691746	0.259294	0.0489601
Muller_E	3218354	0.691759	0.259288	0.0489527
Muller_E	3219292	0.691783	0.259277	0.0489394
Muller_E	3219763	0.691795	0.259272	0.0489328
Muller_E	3221459	0.691838	0.259253	0.0489089
Muller_E	3222112	0.691855	0.259246	0.0488997
Muller_E	3223012	0.691878	0.259235	0.048887
Muller_E	3223549	0.691891	0.259229	0.0488794
Muller_E	3224815	0.691923	0.259215	0.0488616
Muller_E	3226800	0.691974	0.259192	0.0488336
Muller_E	3229718	0.692048	0.259159	0.0487926
Muller_E	3240322	0.692318	0.259038	0.0486433
Muller_E	3240918	0.692333	0.259032	0.0486349
Muller_E	3241273	0.692343	0.259028	0.0486299
Muller_E	3247835	0.69251	0.258952	0.0485377
Muller_E	3251442	0.692602	0.258911	0.048487
Muller_E	3252203	0.692622	0.258902	0.0484763
Muller_E	3254014	0.692668	0.258881	0.0484508
Muller_E	3254518	0.692681	0.258875	0.0484437
Muller_E	3255141	0.692697	0.258868	0.048435
Muller_E	3255365	0.692703	0.258865	0.0484318
Muller_E	3259142	0.6928	0.258822	0.0483788
Muller_E	3259935	0.69282	0.258812	0.0483677
Muller_E	3262497	0.692886	0.258783	0.0483317
Muller_E	3263708	0.692917	0.258769	0.0483147
Muller_E	3264644	0.692941	0.258758	0.0483015
Muller_E	3266132	0.692979	0.25874	0.0482807
Muller_E	3266579	0.69299	0.258735	0.0482744
Muller_E	3266806	0.692996	0.258733	0.0482712
Muller_E	3269029	0.693053	0.258707	0.04824
Muller_E	3271700	0.693122	0.258675	0.0482025
Muller_E	3271881	0.693127	0.258673	0.0482
Muller_E	3273894	0.693178	0.25865	0.0481718
Muller_E	3275081	0.693209	0.258636	0.0481551
Muller_E	3275989	0.693232	0.258625	0.0481424
Muller_E	3278049	0.693285	0.258601	0.0481135
Muller_E	3280894	0.693359	0.258568	0.0480736
Muller_E	3282107	0.69339	0.258553	0.0480566
Muller_E	3282973	0.693412	0.258543	0.0480445
Muller_E	3284532	0.693453	0.258525	0.0480227
Muller_E	3291321	0.693628	0.258445	0.0479276
Muller_E	3291878	0.693642	0.258438	0.0479198
Muller_E	3293351	0.69368	0.258421	0.0478992
Muller_E	3293759	0.693691	0.258416	0.0478934
Muller_E	3304917	0.69398	0.258283	0.0477373
Muller_E	3306663	0.694025	0.258262	0.0477129
Muller_E	3306880	0.694031	0.258259	0.0477099
Muller_E	3310127	0.694115	0.25822	0.0476645
Muller_E	3312301	0.694172	0.258194	0.0476341
Muller_E	3312718	0.694182	0.258189	0.0476283
Muller_E	3318766	0.69434	0.258117	0.0475438
Muller_E	3323588	0.694465	0.258058	0.0474765
Muller_E	3324201	0.694481	0.258051	0.0474679
Muller_E	3324656	0.694493	0.258045	0.0474616
Muller_E	3325091	0.694504	0.25804	0.0474555
Muller_E	3326084	0.69453	0.258028	0.0474416
Muller_E	3326190	0.694533	0.258027	0.0474402
Muller_E	3330218	0.694638	0.257978	0.0473839
Muller_E	3334866	0.694759	0.257921	0.0473191
Muller_E	3337545	0.69483	0.257889	0.0472818
Muller_E	3340268	0.694901	0.257855	0.0472438
Muller_E	3340480	0.694906	0.257853	0.0472409
Muller_E	3410593	0.696757	0.256976	0.0462669
Muller_E	3431230	0.697308	0.256711	0.0459814
Muller_E	3437416	0.697474	0.25663	0.0458959
Muller_E	3456916	0.697998	0.256376	0.0456269
Muller_E	3457694	0.698018	0.256365	0.0456161
Muller_E	3459001	0.698054	0.256348	0.0455981
Muller_E	3462300	0.698143	0.256305	0.0455527
Muller_E	3464519	0.698202	0.256275	0.0455221
Muller_E	3464673	0.698207	0.256273	0.04552
Muller_E	3477602	0.698556	0.256102	0.045342
Muller_E	3525631	0.699864	0.255454	0.0446827
Muller_E	3546828	0.700446	0.255162	0.0443926
Muller_E	3557059	0.700728	0.25502	0.0442529
Muller_E	3566467	0.700987	0.254888	0.0441245
Muller_E	3572057	0.701142	0.25481	0.0440482
Muller_E	3572168	0.701145	0.254808	0.0440467
Muller_E	3579272	0.701342	0.254708	0.0439499
Muller_E	3579502	0.701349	0.254705	0.0439467
Muller_E	3582419	0.701429	0.254664	0.043907
Muller_E	3590131	0.701644	0.254554	0.043802
Muller_E	3605233	0.702065	0.254339	0.0435966
Muller_E	3610748	0.702219	0.25426	0.0435216
Muller_E	3611776	0.702247	0.254245	0.0435077
Muller_E	3615071	0.702339	0.254198	0.0434629
Muller_E	3617701	0.702413	0.25416	0.0434272
Muller_E	3617818	0.702416	0.254158	0.0434256
Muller_E	3617948	0.70242	0.254156	0.0434239
Muller_E	3623404	0.702573	0.254077	0.0433498
Muller_E	3630035	0.702759	0.253981	0.0432599
Muller_E	3631532	0.702801	0.25396	0.0432396
Muller_E	3634067	0.702872	0.253923	0.0432052
Muller_E	3642157	0.7031	0.253805	0.0430956
Muller_E	3643438	0.703136	0.253786	0.0430783
Muller_E	3645674	0.703199	0.253753	0.043048
Muller_E	3652519	0.703392	0.253653	0.0429553
Muller_E	3655257	0.703469	0.253613	0.0429183
Muller_E	3657953	0.703545	0.253573	0.0428818
Muller_E	3660200	0.703609	0.25354	0.0428515
Muller_E	3665461	0.703758	0.253462	0.0427804
Muller_E	3670065	0.703888	0.253394	0.0427182
Muller_E	3757777	0.7064	0.252061	0.0415386
Muller_E	3766114	0.706641	0.251932	0.041427
Muller_E	3770199	0.70676	0.251868	0.0413723
Muller_E	3771242	0.70679	0.251851	0.0413584
Muller_E	3775369	0.70691	0.251787	0.0413032
Muller_E	3781958	0.707102	0.251683	0.0412151
Muller_E	3788305	0.707286	0.251583	0.0411304
Muller_E	3788531	0.707293	0.25158	0.0411274
Muller_E	3788717	0.707298	0.251577	0.0411249
Muller_E	3791492	0.707379	0.251533	0.0410878
Muller_E	3791929	0.707392	0.251526	0.041082
Muller_E	3794089	0.707455	0.251492	0.0410532
Muller_E	3798034	0.70757	0.251429	0.0410006
Muller_E	3805877	0.707799	0.251305	0.040896
Muller_E	3808116	0.707865	0.251269	0.0408662
Muller_E	3837593	0.708731	0.250795	0.040474
Muller_E	3889492	0.710269	0.249945	0.0397863
Muller_E	3892070	0.710346	0.249902	0.0397522
Muller_E	3892768	0.710367	0.24989	0.039743
Muller_E	3893846	0.710399	0.249872	0.0397288
Muller_E	3895236	0.71044	0.249849	0.0397104
Muller_E	3896701	0.710484	0.249825	0.0396911
Muller_E	3964144	0.712514	0.248683	0.0388035
Muller_E	3964249	0.712517	0.248681	0.0388021
Muller_E	3964701	0.712531	0.248673	0.0387962
Muller_E	3965335	0.71255	0.248662	0.0387879
Muller_E	3965537	0.712556	0.248659	0.0387852
Muller_E	3971184	0.712728	0.248561	0.0387112
Muller_E	4005791	0.713783	0.247959	0.0382584
Muller_E	4007537	0.713836	0.247928	0.0382356
Muller_E	4008073	0.713853	0.247919	0.0382286
Muller_E	4008732	0.713873	0.247907	0.03822
Muller_E	4009275	0.713889	0.247898	0.0382129
Muller_E	4009794	0.713905	0.247889	0.0382061
Muller_E	4010462	0.713926	0.247877	0.0381974
Muller_E	4011246	0.71395	0.247863	0.0381872
Muller_E	4011350	0.713953	0.247861	0.0381858
Muller_E	4011743	0.713965	0.247854	0.0381807
Muller_E	4012926	0.714001	0.247833	0.0381653
Muller_E	4015010	0.714065	0.247797	0.0381381
Muller_E	4015956	0.714094	0.24778	0.0381257
Muller_E	4016731	0.714118	0.247766	0.0381156
Muller_E	4017133	0.71413	0.247759	0.0381104
Muller_E	4017640	0.714146	0.24775	0.0381038
Muller_E	4021078	0.714251	0.24769	0.0380589
Muller_E	4021876	0.714276	0.247676	0.0380485
Muller_E	4022513	0.714296	0.247664	0.0380402
Muller_E	4022928	0.714308	0.247657	0.0380348
Muller_E	4024532	0.714358	0.247629	0.0380139
Muller_E	4024639	0.714361	0.247627	0.0380125
Muller_E	4025270	0.71438	0.247615	0.0380043
Muller_E	4027169	0.714439	0.247582	0.0379795
Muller_E	4027437	0.714447	0.247577	0.037976
Muller_E	4027764	0.714457	0.247571	0.0379718
Muller_E	4029270	0.714503	0.247545	0.0379522
Muller_E	4032202	0.714594	0.247493	0.037914
Muller_E	4032327	0.714597	0.24749	0.0379123
Muller_E	4033521	0.714634	0.247469	0.0378968
Muller_E	4033797	0.714643	0.247464	0.0378932
Muller_E	4036360	0.714722	0.247419	0.0378598
Muller_E	4037138	0.714746	0.247405	0.0378497
Muller_E	4037610	0.71476	0.247396	0.0378435
Muller_E	4040496	0.714849	0.247345	0.037806
Muller_E	4040949	0.714863	0.247337	0.0378001
Muller_E	4045900	0.715016	0.247248	0.0377357
Muller_E	4046078	0.715021	0.247245	0.0377334
Muller_E	4046843	0.715045	0.247232	0.0377234
Muller_E	4047581	0.715068	0.247218	0.0377138
Muller_E	4048275	0.715089	0.247206	0.0377048
Muller_E	4048700	0.715102	0.247198	0.0376993
Muller_E	4053592	0.715254	0.247111	0.0376357
Muller_E	4056223	0.715335	0.247063	0.0376015
Muller_E	4056545	0.715345	0.247058	0.0375973
Muller_E	4056951	0.715358	0.24705	0.037592
Muller_E	4057601	0.715378	0.247039	0.0375836
Muller_E	4057720	0.715381	0.247037	0.0375821
Muller_E	4058043	0.715391	0.247031	0.0375779
Muller_E	4058149	0.715395	0.247029	0.0375765
Muller_E	4058704	0.715412	0.247019	0.0375693
Muller_E	4059417	0.715434	0.247006	0.03756
Muller_E	4059965	0.715451	0.246996	0.0375529
Muller_E	4061381	0.715495	0.246971	0.0375345
Muller_E	4061745	0.715506	0.246964	0.0375298
Muller_E	4062020	0.715515	0.246959	0.0375262
Muller_E	4062507	0.71553	0.24695	0.0375199
Muller_E	4062941	0.715543	0.246943	0.0375143
Muller_E	4064035	0.715577	0.246923	0.0375001
Muller_E	4064680	0.715597	0.246911	0.0374917
Muller_E	4064829	0.715602	0.246909	0.0374897
Muller_E	4065474	0.715622	0.246897	0.0374814
Muller_E	4065574	0.715625	0.246895	0.0374801
Muller_E	4066028	0.715639	0.246887	0.0374742
Muller_E	4067541	0.715686	0.24686	0.0374545
Muller_E	4067967	0.715699	0.246852	0.037449
Muller_E	4068535	0.715717	0.246842	0.0374417
Muller_E	4069245	0.715739	0.246829	0.0374324
Muller_E	4070105	0.715765	0.246813	0.0374213
Muller_E	4071088	0.715796	0.246796	0.0374085
Muller_E	4071641	0.715813	0.246786	0.0374014
Muller_E	4072126	0.715828	0.246777	0.0373951
Muller_E	4072768	0.715848	0.246765	0.0373867
Muller_E	4072973	0.715854	0.246761	0.0373841
Muller_E	4073359	0.715866	0.246754	0.0373791
Muller_E	4075135	0.715922	0.246722	0.037356
Muller_E	4075254	0.715925	0.24672	0.0373545
Muller_E	4076053	0.71595	0.246706	0.0373441
Muller_E	4077160	0.715985	0.246686	0.0373298
Muller_E	4078165	0.716016	0.246667	0.0373168
Muller_E	4078690	0.716032	0.246658	0.03731
Muller_E	4078900	0.716039	0.246654	0.0373072
Muller_E	4079010	0.716042	0.246652	0.0373058
Muller_E	4079297	0.716051	0.246647	0.0373021
Muller_E	4081728	0.716127	0.246603	0.0372706
Muller_E	4082079	0.716138	0.246596	0.037266
Muller_E	4083988	0.716197	0.246562	0.0372413
Muller_E	4085715	0.716251	0.24653	0.0372189
Muller_E	4089306	0.716363	0.246465	0.0371724
Muller_E	4089803	0.716378	0.246456	0.037166
Muller_E	4092778	0.716471	0.246401	0.0371275
Muller_E	4092894	0.716475	0.246399	0.037126
Muller_E	4098915	0.716663	0.246289	0.0370481
Muller_E	4109650	0.716999	0.246092	0.0369093
Muller_E	4113217	0.71711	0.246026	0.0368633
Muller_E	4113538	0.71712	0.246021	0.0368591
Muller_E	4114422	0.717148	0.246004	0.0368477
Muller_E	4114803	0.71716	0.245997	0.0368428
Muller_E	4115118	0.71717	0.245991	0.0368387
Muller_E	4116856	0.717224	0.245959	0.0368163
Muller_E	4117074	0.717231	0.245955	0.0368135
Muller_E	4117473	0.717244	0.245948	0.0368083
Muller_E	4118970	0.717291	0.24592	0.036789
Muller_E	4121851	0.717381	0.245867	0.0367518
Muller_E	4122071	0.717388	0.245863	0.036749
Muller_E	4122393	0.717398	0.245857	0.0367448
Muller_E	4122818	0.717412	0.245849	0.0367393
Muller_E	4124318	0.717459	0.245821	0.03672
Muller_E	4124418	0.717462	0.24582	0.0367187
Muller_E	4126492	0.717527	0.245781	0.0366919
Muller_E	4127527	0.71756	0.245762	0.0366786
Muller_E	4127720	0.717566	0.245758	0.0366761
Muller_E	4128101	0.717578	0.245751	0.0366712
Muller_E	4128234	0.717582	0.245749	0.0366695
Muller_E	4130334	0.717648	0.24571	0.0366424
Muller_E	4132221	0.717707	0.245675	0.0366181
Muller_E	4134741	0.717787	0.245628	0.0365856
Muller_E	4134982	0.717794	0.245623	0.0365825
Muller_E	4136547	0.717843	0.245594	0.0365623
Muller_E	4140224	0.717959	0.245526	0.036515
Muller_E	4140902	0.717981	0.245513	0.0365063
Muller_E	4141485	0.717999	0.245502	0.0364987
Muller_E	4143836	0.718073	0.245458	0.0364685
Muller_E	4144350	0.718089	0.245449	0.0364619
Muller_E	4144848	0.718105	0.245439	0.0364554
Muller_E	4150850	0.718295	0.245327	0.0363782
Muller_E	4151927	0.718329	0.245307	0.0363644
Muller_E	4154621	0.718414	0.245256	0.0363297
Muller_E	4159745	0.718576	0.24516	0.0362639
Muller_E	4159958	0.718583	0.245156	0.0362611
Muller_E	4160923	0.718613	0.245138	0.0362487
Muller_E	4161787	0.718641	0.245122	0.0362376
Muller_E	4162162	0.718653	0.245115	0.0362328
Muller_E	4163984	0.71871	0.24508	0.0362094
Muller_E	4164218	0.718718	0.245076	0.0362064
Muller_E	4164859	0.718738	0.245064	0.0361982
Muller_E	4165033	0.718744	0.24506	0.0361959
Muller_E	4165157	0.718748	0.245058	0.0361943
Muller_E	4165383	0.718755	0.245054	0.0361914
Muller_E	4165808	0.718768	0.245046	0.036186
Muller_E	4165958	0.718773	0.245043	0.036184
Muller_E	4166062	0.718776	0.245041	0.0361827
Muller_E	4166243	0.718782	0.245038	0.0361804
Muller_E	4166628	0.718794	0.24503	0.0361754
Muller_E	4168755	0.718862	0.24499	0.0361481
Muller_E	4172546	0.718982	0.244919	0.0360995
Muller_E	4172827	0.718991	0.244913	0.0360959
Muller_E	4173860	0.719024	0.244894	0.0360826
Muller_E	4176100	0.719095	0.244851	0.0360539
Muller_E	4176326	0.719102	0.244847	0.036051
Muller_E	4176826	0.719118	0.244838	0.0360446
Muller_E	4177022	0.719124	0.244834	0.036042
Muller_E	4178339	0.719166	0.244809	0.0360251
Muller_E	4178608	0.719175	0.244804	0.0360217
Muller_E	4179326	0.719197	0.24479	0.0360125
Muller_E	4180712	0.719241	0.244764	0.0359947
Muller_E	4180966	0.71925	0.244759	0.0359915
Muller_E	4184926	0.719376	0.244684	0.0359407
Muller_E	4185178	0.719384	0.244679	0.0359375
Muller_E	4185319	0.719388	0.244676	0.0359357
Muller_E	4185532	0.719395	0.244672	0.0359329
Muller_E	4187632	0.719462	0.244632	0.035906
Muller_E	4188227	0.719481	0.244621	0.0358984
Muller_E	4188670	0.719495	0.244612	0.0358927
Muller_E	4192621	0.719621	0.244537	0.0358421
Muller_E	4193546	0.71965	0.244519	0.0358303
Muller_E	4194407	0.719678	0.244503	0.0358192
Muller_E	4195783	0.719722	0.244477	0.0358016
Muller_E	4196010	0.719729	0.244472	0.0357987
Muller_E	4197440	0.719775	0.244445	0.0357804
Muller_E	4198223	0.7198	0.24443	0.0357704
Muller_E	4199021	0.719825	0.244415	0.0357602
Muller_E	4199203	0.719831	0.244411	0.0357579
Muller_E	4199424	0.719838	0.244407	0.035755
Muller_E	4199639	0.719845	0.244403	0.0357523
Muller_E	4199983	0.719856	0.244396	0.0357479
Muller_E	4203293	0.719961	0.244333	0.0357055
Muller_E	4205814	0.720042	0.244285	0.0356733
Muller_E	4206134	0.720052	0.244278	0.0356692
Muller_E	4207588	0.720099	0.244251	0.0356506
Muller_E	4210680	0.720198	0.244191	0.0356111
Muller_E	4210928	0.720206	0.244186	0.0356079
Muller_E	4211312	0.720218	0.244179	0.035603
Muller_E	4211755	0.720232	0.24417	0.0355973
Muller_E	4213444	0.720286	0.244138	0.0355757
Muller_E	4216650	0.720389	0.244076	0.0355348
Muller_E	4217058	0.720402	0.244068	0.0355296
Muller_E	4217453	0.720415	0.244061	0.0355245
Muller_E	4217565	0.720418	0.244059	0.0355231
Muller_E	4217669	0.720422	0.244057	0.0355218
Muller_E	4217825	0.720427	0.244053	0.0355198
Muller_E	4218923	0.720462	0.244032	0.0355058
Muller_E	4225215	0.720664	0.243911	0.0354254
Muller_E	4232774	0.720907	0.243764	0.035329
Muller_E	4235298	0.720988	0.243715	0.0352968
Muller_E	4245993	0.721333	0.243507	0.0351606
Muller_E	4252835	0.721554	0.243373	0.0350735
Muller_E	4253725	0.721582	0.243356	0.0350622
Muller_E	4256197	0.721662	0.243307	0.0350307
Muller_E	4261234	0.721825	0.243208	0.0349667
Muller_E	4262892	0.721879	0.243176	0.0349456
Muller_E	4263238	0.72189	0.243169	0.0349412
Muller_E	4263588	0.721901	0.243162	0.0349368
Muller_E	4264621	0.721935	0.243142	0.0349236
Muller_E	4266950	0.72201	0.243096	0.034894
Muller_E	4267529	0.722029	0.243084	0.0348867
Muller_E	4276223	0.722311	0.242913	0.0347763
Muller_E	4311688	0.723467	0.242206	0.0343271
Muller_E	4311965	0.723476	0.2422	0.0343236
Muller_E	4312254	0.723485	0.242195	0.0343199
Muller_E	4312510	0.723494	0.242189	0.0343167
Muller_E	4334492	0.724215	0.241746	0.0340392
Muller_E	4352032	0.724793	0.241389	0.0338182
Muller_E	4353438	0.724839	0.241361	0.0338005
Muller_E	4356857	0.724952	0.241291	0.0337575
Muller_E	4360054	0.725057	0.241225	0.0337173
Muller_E	4374783	0.725545	0.240923	0.0335322
Muller_E	4374946	0.72555	0.240919	0.0335302
Muller_E	4381350	0.725763	0.240787	0.0334498
Muller_E	4558836	0.731767	0.236988	0.0312453
Muller_E	4562012	0.731876	0.236918	0.0312063
Muller_E	4564083	0.731948	0.236872	0.0311808
Muller_E	4564194	0.731951	0.236869	0.0311794
Muller_E	4568491	0.7321	0.236774	0.0311267
Muller_E	4569115	0.732121	0.23676	0.031119
Muller_E	4569749	0.732143	0.236746	0.0311112
Muller_E	4570340	0.732164	0.236732	0.031104
Muller_E	4571890	0.732217	0.236698	0.0310849
Muller_E	4572624	0.732242	0.236682	0.0310759
Muller_E	4573491	0.732272	0.236662	0.0310653
Muller_E	4573809	0.732283	0.236655	0.0310614
Muller_E	4577361	0.732406	0.236576	0.0310178
Muller_E	4577462	0.73241	0.236574	0.0310165
Muller_E	4578308	0.732439	0.236555	0.0310062
Muller_E	4580664	0.73252	0.236502	0.0309773
Muller_E	4580954	0.732531	0.236496	0.0309737
Muller_E	4581769	0.732559	0.236478	0.0309637
Muller_E	4581909	0.732564	0.236474	0.030962
Muller_E	4583019	0.732602	0.23645	0.0309484
Muller_E	4583393	0.732615	0.236441	0.0309438
Muller_E	4583516	0.732619	0.236438	0.0309423
Muller_E	4584473	0.732652	0.236417	0.0309306
Muller_E	4589180	0.732815	0.236312	0.0308729
Muller_E	4590247	0.732852	0.236288	0.0308598
Muller_E	4591539	0.732897	0.236259	0.030844
Muller_E	4593253	0.732957	0.23622	0.030823
Muller_E	4593508	0.732966	0.236215	0.0308199
Muller_E	4593974	0.732982	0.236204	0.0308142
Muller_E	4595111	0.733021	0.236179	0.0308002
Muller_E	4595303	0.733028	0.236174	0.0307979
Muller_E	4597548	0.733106	0.236124	0.0307704
Muller_E	4597833	0.733116	0.236117	0.0307669
Muller_E	4600306	0.733202	0.236062	0.0307367
Muller_E	4607273	0.733444	0.235905	0.0306514
Muller_E	4607398	0.733448	0.235902	0.0306499
Muller_E	4610441	0.733554	0.235833	0.0306127
Muller_E	4611041	0.733575	0.23582	0.0306054
Muller_E	4611562	0.733593	0.235808	0.030599
Muller_E	4611697	0.733598	0.235805	0.0305974
Muller_E	4612447	0.733624	0.235788	0.0305882
Muller_E	4612733	0.733634	0.235781	0.0305847
Muller_E	4612927	0.733641	0.235777	0.0305823
Muller_E	4613148	0.733648	0.235772	0.0305796
Muller_E	4614502	0.733696	0.235741	0.0305631
Muller_E	4615888	0.733744	0.23571	0.0305462
Muller_E	4616173	0.733754	0.235703	0.0305427
Muller_E	4616508	0.733766	0.235696	0.0305386
Muller_E	4616663	0.733771	0.235692	0.0305367
Muller_E	4618190	0.733824	0.235658	0.0305181
Muller_E	4619781	0.73388	0.235622	0.0304986
Muller_E	4622166	0.733963	0.235568	0.0304695
Muller_E	4626314	0.734108	0.235473	0.0304189
Muller_E	4626864	0.734127	0.235461	0.0304122
Muller_E	4627368	0.734145	0.235449	0.030406
Muller_E	4627488	0.734149	0.235447	0.0304046
Muller_E	4633961	0.734375	0.235299	0.0303257
Muller_E	4635834	0.734441	0.235256	0.0303028
Muller_E	4636452	0.734462	0.235242	0.0302953
Muller_E	4637295	0.734492	0.235223	0.030285
Muller_E	4640891	0.734618	0.235141	0.0302412
Muller_E	4645727	0.734787	0.23503	0.0301824
Muller_E	4646376	0.73481	0.235015	0.0301745
Muller_E	4646798	0.734825	0.235006	0.0301693
Muller_E	4653320	0.735054	0.234856	0.03009
Muller_E	4656520	0.735166	0.234783	0.0300511
Muller_E	4672665	0.735735	0.23441	0.029855
Muller_E	4674140	0.735787	0.234376	0.0298371
Muller_E	4675745	0.735843	0.234339	0.0298177
Muller_E	4676485	0.735869	0.234322	0.0298087
Muller_E	4677110	0.735892	0.234307	0.0298011
Muller_E	4677655	0.735911	0.234295	0.0297945
Muller_E	4678986	0.735958	0.234264	0.0297784
Muller_E	4680223	0.736001	0.234235	0.0297634
Muller_E	4682403	0.736078	0.234185	0.029737
Muller_E	4682621	0.736086	0.23418	0.0297343
Muller_E	4684270	0.736144	0.234141	0.0297143
Muller_E	4685491	0.736188	0.234113	0.0296995
Muller_E	4686019	0.736206	0.234101	0.0296931
Muller_E	4687101	0.736245	0.234075	0.02968
Muller_E	4689628	0.736334	0.234017	0.0296494
Muller_E	4690052	0.736349	0.234007	0.0296443
Muller_E	4690344	0.736359	0.234	0.0296408
Muller_E	4690905	0.736379	0.233987	0.029634
Muller_E	4691125	0.736387	0.233982	0.0296313
Muller_E	4691712	0.736408	0.233968	0.0296242
Muller_E	4691999	0.736418	0.233961	0.0296207
Muller_E	4692111	0.736422	0.233959	0.0296194
Muller_E	4693234	0.736462	0.233933	0.0296058
Muller_E	4693620	0.736475	0.233924	0.0296011
Muller_E	4693753	0.73648	0.233921	0.0295995
Muller_E	4694021	0.736489	0.233914	0.0295963
Muller_E	4694592	0.73651	0.233901	0.0295894
Muller_E	4696429	0.736575	0.233858	0.0295671
Muller_E	4696792	0.736588	0.23385	0.0295627
Muller_E	4699402	0.73668	0.233789	0.0295312
Muller_E	4700957	0.736735	0.233752	0.0295124
Muller_E	4702606	0.736794	0.233714	0.0294924
Muller_E	4708142	0.73699	0.233584	0.0294255
Muller_E	4712097	0.737131	0.233491	0.0293778
Muller_E	4713898	0.737195	0.233449	0.029356
Muller_E	4714194	0.737205	0.233442	0.0293524
Muller_E	4717094	0.737309	0.233374	0.0293174
Muller_E	4717794	0.737333	0.233358	0.029309
Muller_E	4720564	0.737432	0.233292	0.0292756
Muller_E	4722390	0.737497	0.233249	0.0292536
Muller_E	4727534	0.73768	0.233128	0.0291915
Muller_E	4730688	0.737793	0.233054	0.0291535
Muller_E	4731377	0.737818	0.233037	0.0291452
Muller_E	4732944	0.737873	0.233	0.0291264
Muller_E	4738342	0.738066	0.232872	0.0290614
Muller_E	4739398	0.738104	0.232847	0.0290486
Muller_E	4742492	0.738215	0.232774	0.0290114
Muller_E	4745718	0.73833	0.232697	0.0289726
Muller_E	4746457	0.738356	0.23268	0.0289637
Muller_E	4748015	0.738412	0.232643	0.028945
Muller_E	4748352	0.738424	0.232635	0.0289409
Muller_E	4748630	0.738434	0.232628	0.0289376
Muller_E	4751071	0.738522	0.23257	0.0289083
Muller_E	4751685	0.738544	0.232555	0.0289009
Muller_E	4751817	0.738548	0.232552	0.0288993
Muller_E	4752607	0.738577	0.232533	0.0288898
Muller_E	4752773	0.738583	0.232529	0.0288878
Muller_E	4753826	0.73862	0.232504	0.0288752
Muller_E	4754671	0.738651	0.232484	0.028865
Muller_E	4756619	0.738721	0.232438	0.0288416
Muller_E	4759191	0.738813	0.232376	0.0288107
Muller_E	4761262	0.738887	0.232327	0.0287859
Muller_E	4761866	0.738909	0.232312	0.0287786
Muller_E	4761985	0.738913	0.23231	0.0287772
Muller_E	4763545	0.738969	0.232272	0.0287585
Muller_E	4764509	0.739004	0.232249	0.0287469
Muller_E	4765595	0.739043	0.232223	0.0287339
Muller_E	4766291	0.739068	0.232207	0.0287255
Muller_E	4766501	0.739075	0.232202	0.028723
Muller_E	4767354	0.739106	0.232181	0.0287128
Muller_E	4769627	0.739188	0.232127	0.0286855
Muller_E	4769950	0.739199	0.232119	0.0286816
Muller_E	4772288	0.739284	0.232063	0.0286536
Muller_E	4773763	0.739337	0.232027	0.0286359
Muller_E	4773963	0.739344	0.232023	0.0286335
Muller_E	4774375	0.739359	0.232013	0.0286286
Muller_E	4774957	0.73938	0.231999	0.0286216
Muller_E	4775479	0.739398	0.231986	0.0286154
Muller_E	4776619	0.739439	0.231959	0.0286017
Muller_E	4779373	0.739539	0.231893	0.0285687
Muller_E	4781913	0.73963	0.231832	0.0285383
Muller_E	4782620	0.739656	0.231815	0.0285298
Muller_E	4783326	0.739681	0.231798	0.0285214
Muller_E	4786044	0.739779	0.231732	0.0284888
Muller_E	4786690	0.739802	0.231716	0.0284811
Muller_E	4789453	0.739902	0.23165	0.0284481
Muller_E	4790377	0.739936	0.231627	0.028437
Muller_E	4792360	0.740007	0.23158	0.0284133
Muller_E	4792549	0.740014	0.231575	0.028411
Muller_E	4792702	0.74002	0.231571	0.0284092
Muller_E	4822723	0.741107	0.230842	0.0280509
Muller_E	4832155	0.741451	0.230611	0.0279386
Muller_E	4834924	0.741551	0.230543	0.0279056
Muller_E	4838041	0.741665	0.230466	0.0278686
Muller_E	4839031	0.741701	0.230442	0.0278568
Muller_E	4840034	0.741738	0.230417	0.0278449
Muller_E	4843722	0.741872	0.230327	0.027801
Muller_E	4844215	0.74189	0.230315	0.0277952
Muller_E	4846930	0.741989	0.230248	0.0277629
Muller_E	4847984	0.742028	0.230222	0.0277504
Muller_E	4849699	0.742091	0.230179	0.0277301
Muller_E	4849916	0.742098	0.230174	0.0277275
Muller_E	4850646	0.742125	0.230156	0.0277188
Muller_E	4851102	0.742142	0.230145	0.0277134
Muller_E	4851280	0.742148	0.23014	0.0277113
Muller_E	4852753	0.742202	0.230104	0.0276938
Muller_E	4853630	0.742234	0.230082	0.0276834
Muller_E	4855355	0.742297	0.23004	0.0276629
Muller_E	4859608	0.742453	0.229935	0.0276125
Muller_E	4860728	0.742494	0.229907	0.0275992
Muller_E	4862947	0.742575	0.229852	0.0275729
Muller_E	4865598	0.742672	0.229786	0.0275415
Muller_E	4865718	0.742677	0.229783	0.02754
Muller_E	4866182	0.742694	0.229772	0.0275345
Muller_E	4867670	0.742748	0.229735	0.0275169
Muller_E	4869382	0.742811	0.229692	0.0274966
Muller_E	4875634	0.743041	0.229537	0.0274226
Muller_E	4875860	0.743049	0.229531	0.0274199
Muller_E	4876983	0.74309	0.229503	0.0274066
Muller_E	4877350	0.743104	0.229494	0.0274023
Muller_E	4878065	0.74313	0.229476	0.0273938
Muller_E	4879381	0.743178	0.229443	0.0273783
Muller_E	4880635	0.743224	0.229412	0.0273634
Muller_E	4881487	0.743256	0.229391	0.0273534
Muller_E	4881936	0.743272	0.22938	0.0273481
Muller_E	4884468	0.743365	0.229316	0.0273181
Muller_E	4888342	0.743508	0.22922	0.0272723
Muller_E	4889910	0.743566	0.22918	0.0272538
Muller_E	4890915	0.743603	0.229155	0.0272419
Muller_E	4891113	0.74361	0.22915	0.0272396
Muller_E	4891366	0.743619	0.229144	0.0272366
