chrom	position	2,0	1,1	0,2
Muller_E	62882	0.333333	0.333333	0.333333
Muller_E	267432	0.330321	0.339358	0.330321
Muller_E	441230	0.327847	0.344305	0.327847
Muller_E	511157	0.326874	0.346252	0.326874
Muller_E	557879	0.32623	0.34754	0.32623
Muller_E	581000	0.325913	0.348173	0.325913
Muller_E	709108	0.324183	0.351634	0.324183
Muller_E	768129	0.323399	0.353202	0.323399
Muller_E	785241	0.323174	0.353653	0.323174
Muller_E	787322	0.323146	0.353708	0.323146
Muller_E	787424	0.323145	0.35371	0.323145
Muller_E	788173	0.323135	0.35373	0.323135
Muller_E	788750	0.323127	0.353745	0.323127
Muller_E	788860	0.323126	0.353748	0.323126
Muller_E	791823	0.323087	0.353826	0.323087
Muller_E	802257	0.32295	0.3541	0.32295
Muller_E	893794	0.321758	0.356485	0.321758
Muller_E	894300	0.321751	0.356498	0.321751
Muller_E	896281	0.321726	0.356549	0.321726
Muller_E	897287	0.321713	0.356575	0.321713
Muller_E	897987	0.321704	0.356593	0.321704
Muller_E	901015	0.321665	0.356671	0.321665
Muller_E	901718	0.321655	0.356689	0.321655
Muller_E	923408	0.321376	0.357247	0.321376
Muller_E	923675	0.321373	0.357254	0.321373
Muller_E	924320	0.321365	0.357271	0.321365
Muller_E	927795	0.32132	0.35736	0.32132
Muller_E	948021	0.321061	0.357878	0.321061
Muller_E	948230	0.321058	0.357884	0.321058
Muller_E	958531	0.320926	0.358147	0.320926
Muller_E	967701	0.32081	0.358381	0.32081
Muller_E	969142	0.320791	0.358418	0.320791
Muller_E	1033237	0.319979	0.360042	0.319979
Muller_E	1120573	0.318888	0.362224	0.318888
Muller_E	1123171	0.318856	0.362289	0.318856
Muller_E	1146845	0.318563	0.362874	0.318563
Muller_E	1148492	0.318542	0.362915	0.318542
Muller_E	1168315	0.318298	0.363403	0.318298
Muller_E	1213395	0.317746	0.364507	0.317746
Muller_E	1262309	0.317153	0.365695	0.317153
Muller_E	1275111	0.316998	0.366004	0.316998
Muller_E	1275707	0.316991	0.366018	0.316991
Muller_E	1314313	0.316527	0.366946	0.316527
Muller_E	1318297	0.316479	0.367041	0.316479
Muller_E	1358440	0.316001	0.367999	0.316001
Muller_E	1358616	0.315999	0.368003	0.315999
Muller_E	1378824	0.315759	0.368482	0.315759
Muller_E	1480336	0.314568	0.370863	0.314568
Muller_E	1489232	0.314465	0.37107	0.314465
Muller_E	1645912	0.312673	0.374655	0.312673
Muller_E	1673398	0.312363	0.375273	0.312363
Muller_E	1718642	0.311858	0.376285	0.311858
Muller_E	1746815	0.311545	0.376911	0.311545
Muller_E	1763447	0.311361	0.377279	0.311361
Muller_E	1765039	0.311343	0.377314	0.311343
Muller_E	1765159	0.311342	0.377316	0.311342
Muller_E	1765369	0.311339	0.377321	0.311339
Muller_E	1771226	0.311275	0.37745	0.311275
Muller_E	1799036	0.310969	0.378062	0.310969
Muller_E	1802542	0.31093	0.378139	0.31093
Muller_E	1802678	0.310929	0.378142	0.310929
Muller_E	1803039	0.310925	0.37815	0.310925
Muller_E	1803347	0.310922	0.378157	0.310922
Muller_E	1805518	0.310898	0.378204	0.310898
Muller_E	1812938	0.310817	0.378367	0.310817
Muller_E	1813040	0.310815	0.378369	0.310815
Muller_E	1815234	0.310791	0.378417	0.310791
Muller_E	1815907	0.310784	0.378432	0.310784
Muller_E	1816383	0.310779	0.378442	0.310779
Muller_E	1831501	0.310614	0.378773	0.310614
Muller_E	1850978	0.310402	0.379197	0.310402
Muller_E	1851905	0.310392	0.379217	0.310392
Muller_E	1852166	0.310389	0.379223	0.310389
Muller_E	1857635	0.310329	0.379341	0.310329
Muller_E	1861157	0.310291	0.379418	0.310291
Muller_E	1861336	0.310289	0.379422	0.310289
Muller_E	1861880	0.310283	0.379434	0.310283
Muller_E	1866595	0.310232	0.379536	0.310232
Muller_E	1870209	0.310193	0.379614	0.310193
Muller_E	1871973	0.310174	0.379652	0.310174
Muller_E	1880064	0.310086	0.379828	0.310086
Muller_E	1889333	0.309986	0.380028	0.309986
Muller_E	1891195	0.309966	0.380068	0.309966
Muller_E	1894320	0.309932	0.380136	0.309932
Muller_E	1900363	0.309867	0.380266	0.309867
Muller_E	1904375	0.309824	0.380352	0.309824
Muller_E	1915469	0.309705	0.380591	0.309705
Muller_E	1927060	0.30958	0.38084	0.30958
Muller_E	1932459	0.309522	0.380956	0.309522
Muller_E	1944351	0.309395	0.38121	0.309395
Muller_E	1946702	0.30937	0.38126	0.30937
Muller_E	1961660	0.30921	0.38158	0.30921
Muller_E	1975567	0.309062	0.381876	0.309062
Muller_E	2011856	0.308678	0.382645	0.308678
Muller_E	2013122	0.308664	0.382671	0.308664
Muller_E	2044597	0.308333	0.383334	0.308333
Muller_E	2048236	0.308295	0.383411	0.308295
Muller_E	2048434	0.308293	0.383415	0.308293
Muller_E	2086567	0.307894	0.384212	0.307894
Muller_E	2103366	0.307719	0.384562	0.307719
Muller_E	2117584	0.307572	0.384857	0.307572
Muller_E	2126123	0.307483	0.385034	0.307483
Muller_E	2135792	0.307383	0.385233	0.307383
Muller_E	2140907	0.30733	0.385339	0.30733
Muller_E	2141169	0.307328	0.385344	0.307328
Muller_E	2142715	0.307312	0.385376	0.307312
Muller_E	2145389	0.307284	0.385432	0.307284
Muller_E	2146953	0.307268	0.385464	0.307268
Muller_E	2147057	0.307267	0.385466	0.307267
Muller_E	2201852	0.306705	0.38659	0.306705
Muller_E	2204792	0.306675	0.38665	0.306675
Muller_E	2219543	0.306525	0.38695	0.306525
Muller_E	2220290	0.306517	0.386966	0.306517
Muller_E	2241628	0.306301	0.387399	0.306301
Muller_E	2243471	0.306282	0.387436	0.306282
Muller_E	2531559	0.303438	0.393124	0.303438
Muller_E	2693610	0.301902	0.396196	0.301902
Muller_E	2696554	0.301874	0.396251	0.301874
Muller_E	2706179	0.301784	0.396431	0.301784
Muller_E	2713009	0.301721	0.396558	0.301721
Muller_E	2716202	0.301691	0.396618	0.301691
Muller_E	2721440	0.301642	0.396715	0.301642
Muller_E	2735475	0.301512	0.396976	0.301512
Muller_E	2763120	0.301256	0.397487	0.301256
Muller_E	2777976	0.30112	0.397761	0.30112
Muller_E	2779619	0.301105	0.397791	0.301105
Muller_E	2787347	0.301033	0.397933	0.301033
Muller_E	2788916	0.301019	0.397962	0.301019
Muller_E	2795398	0.30096	0.398081	0.30096
Muller_E	2798296	0.300933	0.398134	0.300933
Muller_E	2799305	0.300924	0.398153	0.300924
Muller_E	2800245	0.300915	0.39817	0.300915
Muller_E	2800507	0.300913	0.398175	0.300913
Muller_E	2800780	0.30091	0.39818	0.30091
Muller_E	2800932	0.300909	0.398182	0.300909
Muller_E	2801158	0.300907	0.398186	0.300907
Muller_E	2805736	0.300865	0.39827	0.300865
Muller_E	2807233	0.300851	0.398298	0.300851
Muller_E	2807795	0.300846	0.398308	0.300846
Muller_E	2808363	0.300841	0.398318	0.300841
Muller_E	2809031	0.300835	0.398331	0.300835
Muller_E	2809272	0.300832	0.398335	0.300832
Muller_E	2809909	0.300827	0.398347	0.300827
Muller_E	2811470	0.300812	0.398375	0.300812
Muller_E	2811776	0.30081	0.398381	0.30081
Muller_E	2812117	0.300806	0.398387	0.300806
Muller_E	2815676	0.300774	0.398452	0.300774
Muller_E	2816259	0.300769	0.398463	0.300769
Muller_E	2817070	0.300761	0.398478	0.300761
Muller_E	2817616	0.300756	0.398488	0.300756
Muller_E	2819402	0.30074	0.39852	0.30074
Muller_E	2820166	0.300733	0.398534	0.300733
Muller_E	2820386	0.300731	0.398538	0.300731
Muller_E	2820775	0.300727	0.398545	0.300727
Muller_E	2821135	0.300724	0.398552	0.300724
Muller_E	2821440	0.300721	0.398557	0.300721
Muller_E	2826939	0.300671	0.398658	0.300671
Muller_E	2831172	0.300633	0.398735	0.300633
Muller_E	2831515	0.300629	0.398741	0.300629
Muller_E	2832336	0.300622	0.398756	0.300622
Muller_E	2833070	0.300615	0.39877	0.300615
Muller_E	2850717	0.300455	0.399091	0.300455
Muller_E	2853215	0.300432	0.399136	0.300432
Muller_E	2856496	0.300402	0.399196	0.300402
Muller_E	2856945	0.300398	0.399204	0.300398
Muller_E	2857481	0.300393	0.399213	0.300393
Muller_E	2858163	0.300387	0.399226	0.300387
Muller_E	2859754	0.300373	0.399255	0.300373
Muller_E	2859987	0.300371	0.399259	0.300371
Muller_E	2862604	0.300347	0.399306	0.300347
Muller_E	2866488	0.300312	0.399377	0.300312
Muller_E	2867267	0.300305	0.399391	0.300305
Muller_E	2868557	0.300293	0.399414	0.300293
Muller_E	2870085	0.300279	0.399442	0.300279
Muller_E	2870623	0.300274	0.399451	0.300274
Muller_E	2876155	0.300224	0.399552	0.300224
Muller_E	2877151	0.300215	0.39957	0.300215
Muller_E	2886067	0.300135	0.399731	0.300135
Muller_E	2886534	0.30013	0.399739	0.30013
Muller_E	2887599	0.300121	0.399758	0.300121
Muller_E	2887882	0.300118	0.399763	0.300118
Muller_E	2888492	0.300113	0.399774	0.300113
Muller_E	2888607	0.300112	0.399776	0.300112
Muller_E	2890000	0.300099	0.399802	0.300099
Muller_E	2890387	0.300096	0.399809	0.300096
Muller_E	2890907	0.300091	0.399818	0.300091
Muller_E	2894764	0.300056	0.399887	0.300056
Muller_E	2899098	0.300017	0.399965	0.300017
Muller_E	2901481	0.299996	0.400008	0.299996
Muller_E	2901643	0.299994	0.400011	0.299994
Muller_E	2902627	0.299985	0.400029	0.299985
Muller_E	2903432	0.299978	0.400043	0.299978
Muller_E	2904998	0.299964	0.400072	0.299964
Muller_E	2905994	0.299955	0.40009	0.299955
Muller_E	2907134	0.299945	0.40011	0.299945
Muller_E	2908511	0.299933	0.400135	0.299933
Muller_E	2909452	0.299924	0.400152	0.299924
Muller_E	2910160	0.299918	0.400164	0.299918
Muller_E	2911022	0.29991	0.40018	0.29991
Muller_E	2911252	0.299908	0.400184	0.299908
Muller_E	2911992	0.299901	0.400197	0.299901
Muller_E	2914672	0.299877	0.400246	0.299877
Muller_E	2915489	0.29987	0.40026	0.29987
Muller_E	2918585	0.299842	0.400316	0.299842
Muller_E	2919015	0.299838	0.400323	0.299838
Muller_E	2919728	0.299832	0.400336	0.299832
Muller_E	2919971	0.29983	0.400341	0.29983
Muller_E	2921506	0.299816	0.400368	0.299816
Muller_E	2922564	0.299806	0.400387	0.299806
Muller_E	2922707	0.299805	0.40039	0.299805
Muller_E	2924226	0.299792	0.400417	0.299792
Muller_E	2925108	0.299784	0.400433	0.299784
Muller_E	2925552	0.29978	0.400441	0.29978
Muller_E	2928855	0.29975	0.4005	0.29975
Muller_E	2930674	0.299734	0.400532	0.299734
Muller_E	2931258	0.299729	0.400543	0.299729
Muller_E	2931592	0.299726	0.400549	0.299726
Muller_E	2931798	0.299724	0.400553	0.299724
Muller_E	2932326	0.299719	0.400562	0.299719
Muller_E	2945623	0.2996	0.4008	0.2996
Muller_E	2945753	0.299599	0.400802	0.299599
Muller_E	2945878	0.299598	0.400804	0.299598
Muller_E	2946001	0.299597	0.400806	0.299597
Muller_E	2955783	0.29951	0.400981	0.29951
Muller_E	2957997	0.29949	0.40102	0.29949
Muller_E	2959282	0.299478	0.401043	0.299478
Muller_E	2959697	0.299475	0.401051	0.299475
Muller_E	2959819	0.299474	0.401053	0.299474
Muller_E	2960759	0.299465	0.40107	0.299465
Muller_E	2961667	0.299457	0.401086	0.299457
Muller_E	2961801	0.299456	0.401088	0.299456
Muller_E	2963254	0.299443	0.401114	0.299443
Muller_E	2963568	0.29944	0.40112	0.29944
Muller_E	2975263	0.299336	0.401327	0.299336
Muller_E	2976725	0.299323	0.401353	0.299323
Muller_E	2977784	0.299314	0.401372	0.299314
Muller_E	2982473	0.299272	0.401455	0.299272
Muller_E	2984283	0.299256	0.401488	0.299256
Muller_E	2985483	0.299246	0.401509	0.299246
Muller_E	2985658	0.299244	0.401512	0.299244
Muller_E	2985908	0.299242	0.401516	0.299242
Muller_E	2987685	0.299226	0.401548	0.299226
Muller_E	2992894	0.29918	0.40164	0.29918
Muller_E	2993313	0.299176	0.401648	0.299176
Muller_E	2993798	0.299172	0.401656	0.299172
Muller_E	2994137	0.299169	0.401662	0.299169
Muller_E	2994487	0.299166	0.401668	0.299166
Muller_E	2994615	0.299165	0.401671	0.299165
Muller_E	2995123	0.29916	0.40168	0.29916
Muller_E	2995701	0.299155	0.40169	0.299155
Muller_E	2996048	0.299152	0.401696	0.299152
Muller_E	2996738	0.299146	0.401708	0.299146
Muller_E	2996880	0.299145	0.401711	0.299145
Muller_E	2997113	0.299143	0.401715	0.299143
Muller_E	2999116	0.299125	0.40175	0.299125
Muller_E	2999459	0.299122	0.401756	0.299122
Muller_E	3001420	0.299105	0.401791	0.299105
Muller_E	3001578	0.299103	0.401794	0.299103
Muller_E	3001696	0.299102	0.401796	0.299102
Muller_E	3002579	0.299094	0.401811	0.299094
Muller_E	3003095	0.29909	0.401821	0.29909
Muller_E	3003540	0.299086	0.401828	0.299086
Muller_E	3004120	0.299081	0.401839	0.299081
Muller_E	3005221	0.299071	0.401858	0.299071
Muller_E	3007967	0.299047	0.401907	0.299047
Muller_E	3012773	0.299004	0.401991	0.299004
Muller_E	3013331	0.298999	0.402001	0.298999
Muller_E	3013618	0.298997	0.402006	0.298997
Muller_E	3014080	0.298993	0.402014	0.298993
Muller_E	3014783	0.298987	0.402027	0.298987
Muller_E	3016296	0.298973	0.402054	0.298973
Muller_E	3017214	0.298965	0.40207	0.298965
Muller_E	3018320	0.298955	0.402089	0.298955
Muller_E	3018982	0.29895	0.402101	0.29895
Muller_E	3019303	0.298947	0.402107	0.298947
Muller_E	3019831	0.298942	0.402116	0.298942
Muller_E	3021834	0.298924	0.402151	0.298924
Muller_E	3021944	0.298923	0.402153	0.298923
Muller_E	3023127	0.298913	0.402174	0.298913
Muller_E	3024474	0.298901	0.402198	0.298901
Muller_E	3024813	0.298898	0.402204	0.298898
Muller_E	3029421	0.298858	0.402285	0.298858
Muller_E	3029834	0.298854	0.402292	0.298854
Muller_E	3030101	0.298852	0.402297	0.298852
Muller_E	3033200	0.298824	0.402351	0.298824
Muller_E	3033901	0.298818	0.402363	0.298818
Muller_E	3034073	0.298817	0.402366	0.298817
Muller_E	3036032	0.2988	0.402401	0.2988
Muller_E	3038305	0.29878	0.402441	0.29878
Muller_E	3041816	0.298749	0.402502	0.298749
Muller_E	3044683	0.298724	0.402553	0.298724
Muller_E	3046757	0.298705	0.402589	0.298705
Muller_E	3046887	0.298704	0.402591	0.298704
Muller_E	3047900	0.298695	0.402609	0.298695
Muller_E	3048135	0.298693	0.402613	0.298693
Muller_E	3050664	0.298671	0.402658	0.298671
Muller_E	3051698	0.298662	0.402676	0.298662
Muller_E	3051968	0.29866	0.40268	0.29866
Muller_E	3052635	0.298654	0.402692	0.298654
Muller_E	3053197	0.298649	0.402702	0.298649
Muller_E	3056428	0.298621	0.402758	0.298621
Muller_E	3056712	0.298618	0.402763	0.298618
Muller_E	3058398	0.298604	0.402793	0.298604
Muller_E	3059687	0.298592	0.402815	0.298592
Muller_E	3061511	0.298576	0.402847	0.298576
Muller_E	3062406	0.298568	0.402863	0.298568
Muller_E	3062537	0.298567	0.402865	0.298567
Muller_E	3100018	0.298241	0.403518	0.298241
Muller_E	3100718	0.298235	0.403531	0.298235
Muller_E	3112367	0.298134	0.403733	0.298134
Muller_E	3112987	0.298128	0.403743	0.298128
Muller_E	3113420	0.298125	0.403751	0.298125
Muller_E	3116107	0.298101	0.403797	0.298101
Muller_E	3119432	0.298073	0.403855	0.298073
Muller_E	3119714	0.29807	0.40386	0.29807
Muller_E	3120862	0.29806	0.40388	0.29806
Muller_E	3122265	0.298048	0.403904	0.298048
Muller_E	3123364	0.298039	0.403923	0.298039
Muller_E	3124138	0.298032	0.403936	0.298032
Muller_E	3127464	0.298003	0.403994	0.298003
Muller_E	3128767	0.297992	0.404016	0.297992
Muller_E	3128895	0.297991	0.404019	0.297991
Muller_E	3129611	0.297985	0.404031	0.297985
Muller_E	3129743	0.297983	0.404033	0.297983
Muller_E	3130171	0.29798	0.404041	0.29798
Muller_E	3131529	0.297968	0.404064	0.297968
Muller_E	3137674	0.297915	0.40417	0.297915
Muller_E	3139976	0.297895	0.40421	0.297895
Muller_E	3143168	0.297868	0.404265	0.297868
Muller_E	3169152	0.297644	0.404712	0.297644
Muller_E	3170575	0.297632	0.404736	0.297632
Muller_E	3173857	0.297604	0.404792	0.297604
Muller_E	3192801	0.297442	0.405116	0.297442
Muller_E	3194086	0.297431	0.405138	0.297431
Muller_E	3194230	0.29743	0.405141	0.29743
Muller_E	3207603	0.297316	0.405369	0.297316
Muller_E	3207708	0.297315	0.40537	0.297315
Muller_E	3208070	0.297312	0.405377	0.297312
Muller_E	3208369	0.297309	0.405382	0.297309
Muller_E	3208507	0.297308	0.405384	0.297308
Muller_E	3208706	0.297306	0.405387	0.297306
Muller_E	3210124	0.297294	0.405412	0.297294
Muller_E	3211254	0.297285	0.405431	0.297285
Muller_E	3212088	0.297277	0.405445	0.297277
Muller_E	3216063	0.297244	0.405513	0.297244
Muller_E	3216461	0.29724	0.405519	0.29724
Muller_E	3217109	0.297235	0.40553	0.297235
Muller_E	3217441	0.297232	0.405536	0.297232
Muller_E	3217706	0.29723	0.405541	0.29723
Muller_E	3217825	0.297229	0.405543	0.297229
Muller_E	3218354	0.297224	0.405552	0.297224
Muller_E	3219292	0.297216	0.405568	0.297216
Muller_E	3219763	0.297212	0.405576	0.297212
Muller_E	3221459	0.297198	0.405604	0.297198
Muller_E	3222112	0.297192	0.405615	0.297192
Muller_E	3223012	0.297185	0.405631	0.297185
Muller_E	3223549	0.29718	0.40564	0.29718
Muller_E	3224815	0.297169	0.405661	0.297169
Muller_E	3226800	0.297152	0.405695	0.297152
Muller_E	3229718	0.297128	0.405745	0.297128
Muller_E	3240322	0.297038	0.405924	0.297038
Muller_E	3240918	0.297033	0.405934	0.297033
Muller_E	3241273	0.29703	0.40594	0.29703
Muller_E	3247835	0.296974	0.406051	0.296974
Muller_E	3251442	0.296944	0.406112	0.296944
Muller_E	3252203	0.296937	0.406125	0.296937
Muller_E	3254014	0.296922	0.406156	0.296922
Muller_E	3254518	0.296918	0.406164	0.296918
Muller_E	3255141	0.296913	0.406175	0.296913
Muller_E	3255365	0.296911	0.406179	0.296911
Muller_E	3259142	0.296879	0.406242	0.296879
Muller_E	3259935	0.296872	0.406256	0.296872
Muller_E	3262497	0.29685	0.406299	0.29685
Muller_E	3263708	0.29684	0.406319	0.29684
Muller_E	3264644	0.296832	0.406335	0.296832
Muller_E	3266132	0.29682	0.40636	0.29682
Muller_E	3266579	0.296816	0.406368	0.296816
Muller_E	3266806	0.296814	0.406372	0.296814
Muller_E	3269029	0.296795	0.406409	0.296795
Muller_E	3271700	0.296773	0.406454	0.296773
Muller_E	3271881	0.296771	0.406457	0.296771
Muller_E	3273894	0.296754	0.406491	0.296754
Muller_E	3275081	0.296744	0.406511	0.296744
Muller_E	3275989	0.296737	0.406526	0.296737
Muller_E	3278049	0.29672	0.406561	0.29672
Muller_E	3280894	0.296696	0.406609	0.296696
Muller_E	3282107	0.296685	0.406629	0.296685
Muller_E	3282973	0.296678	0.406644	0.296678
Muller_E	3284532	0.296665	0.40667	0.296665
Muller_E	3291321	0.296608	0.406784	0.296608
Muller_E	3291878	0.296603	0.406793	0.296603
Muller_E	3293351	0.296591	0.406818	0.296591
Muller_E	3293759	0.296588	0.406825	0.296588
Muller_E	3304917	0.296494	0.407012	0.296494
Muller_E	3306663	0.29648	0.407041	0.29648
Muller_E	3306880	0.296478	0.407045	0.296478
Muller_E	3310127	0.296451	0.407099	0.296451
Muller_E	3312301	0.296432	0.407135	0.296432
Muller_E	3312718	0.296429	0.407142	0.296429
Muller_E	3318766	0.296378	0.407243	0.296378
Muller_E	3323588	0.296338	0.407324	0.296338
Muller_E	3324201	0.296333	0.407334	0.296333
Muller_E	3324656	0.296329	0.407342	0.296329
Muller_E	3325091	0.296326	0.407349	0.296326
Muller_E	3326084	0.296317	0.407365	0.296317
Muller_E	3326190	0.296316	0.407367	0.296316
Muller_E	3330218	0.296283	0.407434	0.296283
Muller_E	3334866	0.296244	0.407512	0.296244
Muller_E	3337545	0.296222	0.407556	0.296222
Muller_E	3340268	0.296199	0.407602	0.296199
Muller_E	3340480	0.296197	0.407605	0.296197
Muller_E	3410593	0.295618	0.408764	0.295618
Muller_E	3431230	0.295449	0.409102	0.295449
Muller_E	3437416	0.295398	0.409203	0.295398
Muller_E	3456916	0.295239	0.409521	0.295239
Muller_E	3457694	0.295233	0.409534	0.295233
Muller_E	3459001	0.295222	0.409555	0.295222
Muller_E	3462300	0.295196	0.409609	0.295196
Muller_E	3464519	0.295178	0.409645	0.295178
Muller_E	3464673	0.295176	0.409647	0.295176
Muller_E	3477602	0.295071	0.409857	0.295071
Muller_E	3525631	0.294683	0.410633	0.294683
Muller_E	3546828	0.294513	0.410974	0.294513
Muller_E	3557059	0.294431	0.411137	0.294431
Muller_E	3566467	0.294356	0.411288	0.294356
Muller_E	3572057	0.294312	0.411377	0.294312
Muller_E	3572168	0.294311	0.411379	0.294311
Muller_E	3579272	0.294254	0.411492	0.294254
Muller_E	3579502	0.294252	0.411496	0.294252
Muller_E	3582419	0.294229	0.411542	0.294229
Muller_E	3590131	0.294168	0.411665	0.294168
Muller_E	3605233	0.294048	0.411905	0.294048
Muller_E	3610748	0.294004	0.411992	0.294004
Muller_E	3611776	0.293996	0.412008	0.293996
Muller_E	3615071	0.29397	0.41206	0.29397
Muller_E	3617701	0.293949	0.412102	0.293949
Muller_E	3617818	0.293948	0.412104	0.293948
Muller_E	3617948	0.293947	0.412106	0.293947
Muller_E	3623404	0.293904	0.412192	0.293904
Muller_E	3630035	0.293852	0.412297	0.293852
Muller_E	3631532	0.29384	0.412321	0.29384
Muller_E	3634067	0.29382	0.412361	0.29382
Muller_E	3642157	0.293756	0.412488	0.293756
Muller_E	3643438	0.293746	0.412508	0.293746
Muller_E	3645674	0.293728	0.412543	0.293728
Muller_E	3652519	0.293674	0.412651	0.293674
Muller_E	3655257	0.293653	0.412694	0.293653
Muller_E	3657953	0.293632	0.412737	0.293632
Muller_E	3660200	0.293614	0.412772	0.293614
Muller_E	3665461	0.293573	0.412854	0.293573
Muller_E	3670065	0.293537	0.412927	0.293537
Muller_E	3757777	0.292855	0.41429	0.292855
Muller_E	3766114	0.292791	0.414419	0.292791
Muller_E	3770199	0.292759	0.414482	0.292759
Muller_E	3771242	0.292751	0.414498	0.292751
Muller_E	3775369	0.292719	0.414561	0.292719
Muller_E	3781958	0.292669	0.414663	0.292669
Muller_E	3788305	0.29262	0.41476	0.29262
Muller_E	3788531	0.292618	0.414764	0.292618
Muller_E	3788717	0.292617	0.414766	0.292617
Muller_E	3791492	0.292596	0.414809	0.292596
Muller_E	3791929	0.292592	0.414816	0.292592
Muller_E	3794089	0.292576	0.414849	0.292576
Muller_E	3798034	0.292545	0.414909	0.292545
Muller_E	3805877	0.292485	0.415029	0.292485
Muller_E	3808116	0.292468	0.415063	0.292468
Muller_E	3837593	0.292244	0.415513	0.292244
Muller_E	3889492	0.291851	0.416298	0.291851
Muller_E	3892070	0.291831	0.416337	0.291831
Muller_E	3892768	0.291826	0.416348	0.291826
Muller_E	3893846	0.291818	0.416364	0.291818
Muller_E	3895236	0.291808	0.416385	0.291808
Muller_E	3896701	0.291797	0.416407	0.291797
Muller_E	3964144	0.291292	0.417416	0.291292
Muller_E	3964249	0.291291	0.417417	0.291291
Muller_E	3964701	0.291288	0.417424	0.291288
Muller_E	3965335	0.291283	0.417433	0.291283
Muller_E	3965537	0.291282	0.417436	0.291282
Muller_E	3971184	0.29124	0.41752	0.29124
Muller_E	4005791	0.290984	0.418032	0.290984
Muller_E	4007537	0.290971	0.418058	0.290971
Muller_E	4008073	0.290967	0.418066	0.290967
Muller_E	4008732	0.290962	0.418076	0.290962
Muller_E	4009275	0.290958	0.418084	0.290958
Muller_E	4009794	0.290954	0.418091	0.290954
Muller_E	4010462	0.290949	0.418101	0.290949
Muller_E	4011246	0.290944	0.418113	0.290944
Muller_E	4011350	0.290943	0.418114	0.290943
Muller_E	4011743	0.29094	0.41812	0.29094
Muller_E	4012926	0.290931	0.418137	0.290931
Muller_E	4015010	0.290916	0.418168	0.290916
Muller_E	4015956	0.290909	0.418182	0.290909
Muller_E	4016731	0.290903	0.418194	0.290903
Muller_E	4017133	0.2909	0.418199	0.2909
Muller_E	4017640	0.290897	0.418207	0.290897
Muller_E	4021078	0.290871	0.418258	0.290871
Muller_E	4021876	0.290865	0.418269	0.290865
Muller_E	4022513	0.290861	0.418279	0.290861
Muller_E	4022928	0.290858	0.418285	0.290858
Muller_E	4024532	0.290846	0.418308	0.290846
Muller_E	4024639	0.290845	0.41831	0.290845
Muller_E	4025270	0.29084	0.418319	0.29084
Muller_E	4027169	0.290826	0.418347	0.290826
Muller_E	4027437	0.290824	0.418351	0.290824
Muller_E	4027764	0.290822	0.418356	0.290822
Muller_E	4029270	0.290811	0.418378	0.290811
Muller_E	4032202	0.290789	0.418421	0.290789
Muller_E	4032327	0.290789	0.418423	0.290789
Muller_E	4033521	0.29078	0.41844	0.29078
Muller_E	4033797	0.290778	0.418444	0.290778
Muller_E	4036360	0.290759	0.418482	0.290759
Muller_E	4037138	0.290753	0.418493	0.290753
Muller_E	4037610	0.29075	0.4185	0.29075
Muller_E	4040496	0.290729	0.418543	0.290729
Muller_E	4040949	0.290725	0.418549	0.290725
Muller_E	4045900	0.290689	0.418622	0.290689
Muller_E	4046078	0.290688	0.418624	0.290688
Muller_E	4046843	0.290682	0.418636	0.290682
Muller_E	4047581	0.290677	0.418647	0.290677
Muller_E	4048275	0.290672	0.418657	0.290672
Muller_E	4048700	0.290669	0.418663	0.290669
Muller_E	4053592	0.290633	0.418734	0.290633
Muller_E	4056223	0.290614	0.418773	0.290614
Muller_E	4056545	0.290611	0.418778	0.290611
Muller_E	4056951	0.290608	0.418784	0.290608
Muller_E	4057601	0.290603	0.418793	0.290603
Muller_E	4057720	0.290603	0.418795	0.290603
Muller_E	4058043	0.2906	0.4188	0.2906
Muller_E	4058149	0.290599	0.418801	0.290599
Muller_E	4058704	0.290595	0.418809	0.290595
Muller_E	4059417	0.29059	0.41882	0.29059
Muller_E	4059965	0.290586	0.418828	0.290586
Muller_E	4061381	0.290576	0.418848	0.290576
Muller_E	4061745	0.290573	0.418854	0.290573
Muller_E	4062020	0.290571	0.418858	0.290571
Muller_E	4062507	0.290568	0.418865	0.290568
Muller_E	4062941	0.290564	0.418871	0.290564
Muller_E	4064035	0.290556	0.418887	0.290556
Muller_E	4064680	0.290552	0.418896	0.290552
Muller_E	4064829	0.290551	0.418899	0.290551
Muller_E	4065474	0.290546	0.418908	0.290546
Muller_E	4065574	0.290545	0.41891	0.290545
Muller_E	4066028	0.290542	0.418916	0.290542
Muller_E	4067541	0.290531	0.418938	0.290531
Muller_E	4067967	0.290528	0.418944	0.290528
Muller_E	4068535	0.290524	0.418953	0.290524
Muller_E	4069245	0.290518	0.418963	0.290518
Muller_E	4070105	0.290512	0.418976	0.290512
Muller_E	4071088	0.290505	0.41899	0.290505
Muller_E	4071641	0.290501	0.418998	0.290501
Muller_E	4072126	0.290497	0.419005	0.290497
Muller_E	4072768	0.290493	0.419014	0.290493
Muller_E	4072973	0.290491	0.419017	0.290491
Muller_E	4073359	0.290488	0.419023	0.290488
Muller_E	4075135	0.290476	0.419049	0.290476
Muller_E	4075254	0.290475	0.419051	0.290475
Muller_E	4076053	0.290469	0.419062	0.290469
Muller_E	4077160	0.290461	0.419078	0.290461
Muller_E	4078165	0.290453	0.419093	0.290453
Muller_E	4078690	0.29045	0.419101	0.29045
Muller_E	4078900	0.290448	0.419104	0.290448
Muller_E	4079010	0.290447	0.419105	0.290447
Muller_E	4079297	0.290445	0.41911	0.290445
Muller_E	4081728	0.290428	0.419145	0.290428
Muller_E	4082079	0.290425	0.41915	0.290425
Muller_E	4083988	0.290411	0.419178	0.290411
Muller_E	4085715	0.290399	0.419203	0.290399
Muller_E	4089306	0.290372	0.419255	0.290372
Muller_E	4089803	0.290369	0.419262	0.290369
Muller_E	4092778	0.290347	0.419306	0.290347
Muller_E	4092894	0.290346	0.419307	0.290346
Muller_E	4098915	0.290303	0.419395	0.290303
Muller_E	4109650	0.290225	0.41955	0.290225
Muller_E	4113217	0.290199	0.419602	0.290199
Muller_E	4113538	0.290197	0.419607	0.290197
Muller_E	4114422	0.29019	0.419619	0.29019
Muller_E	4114803	0.290188	0.419625	0.290188
Muller_E	4115118	0.290185	0.419629	0.290185
Muller_E	4116856	0.290173	0.419655	0.290173
Muller_E	4117074	0.290171	0.419658	0.290171
Muller_E	4117473	0.290168	0.419663	0.290168
Muller_E	4118970	0.290157	0.419685	0.290157
Muller_E	4121851	0.290137	0.419727	0.290137
Muller_E	4122071	0.290135	0.41973	0.290135
Muller_E	4122393	0.290133	0.419735	0.290133
Muller_E	4122818	0.29013	0.419741	0.29013
Muller_E	4124318	0.290119	0.419762	0.290119
Muller_E	4124418	0.290118	0.419764	0.290118
Muller_E	4126492	0.290103	0.419794	0.290103
Muller_E	4127527	0.290096	0.419809	0.290096
Muller_E	4127720	0.290094	0.419812	0.290094
Muller_E	4128101	0.290091	0.419817	0.290091
Muller_E	4128234	0.290091	0.419819	0.290091
Muller_E	4130334	0.290075	0.419849	0.290075
Muller_E	4132221	0.290062	0.419876	0.290062
Muller_E	4134741	0.290044	0.419913	0.290044
Muller_E	4134982	0.290042	0.419916	0.290042
Muller_E	4136547	0.290031	0.419939	0.290031
Muller_E	4140224	0.290004	0.419992	0.290004
Muller_E	4140902	0.289999	0.420002	0.289999
Muller_E	4141485	0.289995	0.42001	0.289995
Muller_E	4143836	0.289978	0.420044	0.289978
Muller_E	4144350	0.289974	0.420051	0.289974
Muller_E	4144848	0.289971	0.420058	0.289971
Muller_E	4150850	0.289928	0.420145	0.289928
Muller_E	4151927	0.28992	0.42016	0.28992
Muller_E	4154621	0.289901	0.420199	0.289901
Muller_E	4159745	0.289864	0.420272	0.289864
Muller_E	4159958	0.289862	0.420275	0.289862
Muller_E	4160923	0.289855	0.420289	0.289855
Muller_E	4161787	0.289849	0.420302	0.289849
Muller_E	4162162	0.289846	0.420307	0.289846
Muller_E	4163984	0.289833	0.420333	0.289833
Muller_E	4164218	0.289832	0.420337	0.289832
Muller_E	4164859	0.289827	0.420346	0.289827
Muller_E	4165033	0.289826	0.420348	0.289826
Muller_E	4165157	0.289825	0.42035	0.289825
Muller_E	4165383	0.289823	0.420353	0.289823
Muller_E	4165808	0.28982	0.420359	0.28982
Muller_E	4165958	0.289819	0.420362	0.289819
Muller_E	4166062	0.289818	0.420363	0.289818
Muller_E	4166243	0.289817	0.420366	0.289817
Muller_E	4166628	0.289814	0.420371	0.289814
Muller_E	4168755	0.289799	0.420402	0.289799
Muller_E	4172546	0.289772	0.420456	0.289772
Muller_E	4172827	0.28977	0.42046	0.28977
Muller_E	4173860	0.289763	0.420475	0.289763
Muller_E	4176100	0.289747	0.420507	0.289747
Muller_E	4176326	0.289745	0.42051	0.289745
Muller_E	4176826	0.289741	0.420517	0.289741
Muller_E	4177022	0.28974	0.42052	0.28974
Muller_E	4178339	0.289731	0.420539	0.289731
Muller_E	4178608	0.289729	0.420543	0.289729
Muller_E	4179326	0.289724	0.420553	0.289724
Muller_E	4180712	0.289714	0.420573	0.289714
Muller_E	4180966	0.289712	0.420576	0.289712
Muller_E	4184926	0.289684	0.420633	0.289684
Muller_E	4185178	0.289682	0.420637	0.289682
Muller_E	4185319	0.289681	0.420639	0.289681
Muller_E	4185532	0.289679	0.420642	0.289679
Muller_E	4187632	0.289664	0.420672	0.289664
Muller_E	4188227	0.28966	0.42068	0.28966
Muller_E	4188670	0.289657	0.420686	0.289657
Muller_E	4192621	0.289629	0.420743	0.289629
Muller_E	4193546	0.289622	0.420756	0.289622
Muller_E	4194407	0.289616	0.420768	0.289616
Muller_E	4195783	0.289606	0.420788	0.289606
Muller_E	4196010	0.289604	0.420791	0.289604
Muller_E	4197440	0.289594	0.420811	0.289594
Muller_E	4198223	0.289589	0.420823	0.289589
Muller_E	4199021	0.289583	0.420834	0.289583
Muller_E	4199203	0.289582	0.420837	0.289582
Muller_E	4199424	0.28958	0.42084	0.28958
Muller_E	4199639	0.289579	0.420843	0.289579
Muller_E	4199983	0.289576	0.420848	0.289576
Muller_E	4203293	0.289553	0.420895	0.289553
Muller_E	4205814	0.289535	0.420931	0.289535
Muller_E	4206134	0.289532	0.420935	0.289532
Muller_E	4207588	0.289522	0.420956	0.289522
Muller_E	4210680	0.2895	0.421	0.2895
Muller_E	4210928	0.289498	0.421004	0.289498
Muller_E	4211312	0.289496	0.421009	0.289496
Muller_E	4211755	0.289492	0.421015	0.289492
Muller_E	4213444	0.28948	0.421039	0.28948
Muller_E	4216650	0.289458	0.421085	0.289458
Muller_E	4217058	0.289455	0.421091	0.289455
Muller_E	4217453	0.289452	0.421096	0.289452
Muller_E	4217565	0.289451	0.421098	0.289451
Muller_E	4217669	0.28945	0.421099	0.28945
Muller_E	4217825	0.289449	0.421102	0.289449
Muller_E	4218923	0.289441	0.421117	0.289441
Muller_E	4225215	0.289397	0.421206	0.289397
Muller_E	4232774	0.289343	0.421314	0.289343
Muller_E	4235298	0.289325	0.421349	0.289325
Muller_E	4245993	0.28925	0.4215	0.28925
Muller_E	4252835	0.289201	0.421597	0.289201
Muller_E	4253725	0.289195	0.42161	0.289195
Muller_E	4256197	0.289178	0.421645	0.289178
Muller_E	4261234	0.289142	0.421716	0.289142
Muller_E	4262892	0.289131	0.421739	0.289131
Muller_E	4263238	0.289128	0.421744	0.289128
Muller_E	4263588	0.289126	0.421749	0.289126
Muller_E	4264621	0.289118	0.421763	0.289118
Muller_E	4266950	0.289102	0.421796	0.289102
Muller_E	4267529	0.289098	0.421804	0.289098
Muller_E	4276223	0.289037	0.421926	0.289037
Muller_E	4311688	0.288788	0.422423	0.288788
Muller_E	4311965	0.288786	0.422427	0.288786
Muller_E	4312254	0.288784	0.422431	0.288784
Muller_E	4312510	0.288783	0.422435	0.288783
Muller_E	4334492	0.28863	0.422741	0.28863
Muller_E	4352032	0.288508	0.422985	0.288508
Muller_E	4353438	0.288498	0.423004	0.288498
Muller_E	4356857	0.288474	0.423051	0.288474
Muller_E	4360054	0.288452	0.423096	0.288452
Muller_E	4374783	0.28835	0.423299	0.28835
Muller_E	4374946	0.288349	0.423301	0.288349
Muller_E	4381350	0.288305	0.42339	0.288305
Muller_E	4558836	0.287101	0.425798	0.287101
Muller_E	4562012	0.28708	0.425841	0.28708
Muller_E	4564083	0.287066	0.425869	0.287066
Muller_E	4564194	0.287065	0.42587	0.287065
Muller_E	4568491	0.287036	0.425927	0.287036
Muller_E	4569115	0.287032	0.425936	0.287032
Muller_E	4569749	0.287028	0.425944	0.287028
Muller_E	4570340	0.287024	0.425952	0.287024
Muller_E	4571890	0.287014	0.425973	0.287014
Muller_E	4572624	0.287009	0.425982	0.287009
Muller_E	4573491	0.287003	0.425994	0.287003
Muller_E	4573809	0.287001	0.425998	0.287001
Muller_E	4577361	0.286977	0.426045	0.286977
Muller_E	4577462	0.286977	0.426047	0.286977
Muller_E	4578308	0.286971	0.426058	0.286971
Muller_E	4580664	0.286955	0.426089	0.286955
Muller_E	4580954	0.286953	0.426093	0.286953
Muller_E	4581769	0.286948	0.426104	0.286948
Muller_E	4581909	0.286947	0.426106	0.286947
Muller_E	4583019	0.28694	0.426121	0.28694
Muller_E	4583393	0.286937	0.426126	0.286937
Muller_E	4583516	0.286936	0.426127	0.286936
Muller_E	4584473	0.28693	0.42614	0.28693
Muller_E	4589180	0.286899	0.426203	0.286899
Muller_E	4590247	0.286892	0.426217	0.286892
Muller_E	4591539	0.286883	0.426234	0.286883
Muller_E	4593253	0.286872	0.426257	0.286872
Muller_E	4593508	0.28687	0.42626	0.28687
Muller_E	4593974	0.286867	0.426266	0.286867
Muller_E	4595111	0.286859	0.426281	0.286859
Muller_E	4595303	0.286858	0.426284	0.286858
Muller_E	4597548	0.286843	0.426314	0.286843
Muller_E	4597833	0.286841	0.426317	0.286841
Muller_E	4600306	0.286825	0.42635	0.286825
Muller_E	4607273	0.286779	0.426443	0.286779
Muller_E	4607398	0.286778	0.426444	0.286778
Muller_E	4610441	0.286758	0.426484	0.286758
Muller_E	4611041	0.286754	0.426492	0.286754
Muller_E	4611562	0.28675	0.426499	0.28675
Muller_E	4611697	0.286749	0.426501	0.286749
Muller_E	4612447	0.286744	0.426511	0.286744
Muller_E	4612733	0.286743	0.426515	0.286743
Muller_E	4612927	0.286741	0.426517	0.286741
Muller_E	4613148	0.28674	0.42652	0.28674
Muller_E	4614502	0.286731	0.426538	0.286731
Muller_E	4615888	0.286722	0.426557	0.286722
Muller_E	4616173	0.28672	0.42656	0.28672
Muller_E	4616508	0.286718	0.426565	0.286718
Muller_E	4616663	0.286717	0.426567	0.286717
Muller_E	4618190	0.286707	0.426587	0.286707
Muller_E	4619781	0.286696	0.426608	0.286696
Muller_E	4622166	0.28668	0.426639	0.28668
Muller_E	4626314	0.286653	0.426694	0.286653
Muller_E	4626864	0.286649	0.426701	0.286649
Muller_E	4627368	0.286646	0.426708	0.286646
Muller_E	4627488	0.286645	0.42671	0.286645
Muller_E	4633961	0.286602	0.426795	0.286602
Muller_E	4635834	0.28659	0.42682	0.28659
Muller_E	4636452	0.286586	0.426828	0.286586
Muller_E	4637295	0.286581	0.426839	0.286581
Muller_E	4640891	0.286557	0.426886	0.286557
Muller_E	4645727	0.286525	0.42695	0.286525
Muller_E	4646376	0.286521	0.426958	0.286521
Muller_E	4646798	0.286518	0.426964	0.286518
Muller_E	4653320	0.286475	0.42705	0.286475
Muller_E	4656520	0.286454	0.427092	0.286454
Muller_E	4672665	0.286348	0.427303	0.286348
Muller_E	4674140	0.286339	0.427323	0.286339
Muller_E	4675745	0.286328	0.427344	0.286328
Muller_E	4676485	0.286323	0.427353	0.286323
Muller_E	4677110	0.286319	0.427361	0.286319
Muller_E	4677655	0.286316	0.427368	0.286316
Muller_E	4678986	0.286307	0.427386	0.286307
Muller_E	4680223	0.286299	0.427402	0.286299
Muller_E	4682403	0.286285	0.427431	0.286285
Muller_E	4682621	0.286283	0.427433	0.286283
Muller_E	4684270	0.286273	0.427455	0.286273
Muller_E	4685491	0.286265	0.427471	0.286265
Muller_E	4686019	0.286261	0.427478	0.286261
Muller_E	4687101	0.286254	0.427492	0.286254
Muller_E	4689628	0.286238	0.427525	0.286238
Muller_E	4690052	0.286235	0.42753	0.286235
Muller_E	4690344	0.286233	0.427534	0.286233
Muller_E	4690905	0.286229	0.427541	0.286229
Muller_E	4691125	0.286228	0.427544	0.286228
Muller_E	4691712	0.286224	0.427552	0.286224
Muller_E	4691999	0.286222	0.427556	0.286222
Muller_E	4692111	0.286221	0.427557	0.286221
Muller_E	4693234	0.286214	0.427572	0.286214
Muller_E	4693620	0.286212	0.427577	0.286212
Muller_E	4693753	0.286211	0.427579	0.286211
Muller_E	4694021	0.286209	0.427582	0.286209
Muller_E	4694592	0.286205	0.42759	0.286205
Muller_E	4696429	0.286193	0.427613	0.286193
Muller_E	4696792	0.286191	0.427618	0.286191
Muller_E	4699402	0.286174	0.427652	0.286174
Muller_E	4700957	0.286164	0.427672	0.286164
Muller_E	4702606	0.286153	0.427694	0.286153
Muller_E	4708142	0.286117	0.427766	0.286117
Muller_E	4712097	0.286091	0.427817	0.286091
Muller_E	4713898	0.28608	0.427841	0.28608
Muller_E	4714194	0.286078	0.427845	0.286078
Muller_E	4717094	0.286059	0.427882	0.286059
Muller_E	4717794	0.286054	0.427891	0.286054
Muller_E	4720564	0.286036	0.427927	0.286036
Muller_E	4722390	0.286025	0.427951	0.286025
Muller_E	4727534	0.285991	0.428018	0.285991
Muller_E	4730688	0.285971	0.428058	0.285971
Muller_E	4731377	0.285966	0.428067	0.285966
Muller_E	4732944	0.285956	0.428088	0.285956
Muller_E	4738342	0.285921	0.428158	0.285921
Muller_E	4739398	0.285914	0.428171	0.285914
Muller_E	4742492	0.285894	0.428211	0.285894
Muller_E	4745718	0.285874	0.428253	0.285874
Muller_E	4746457	0.285869	0.428262	0.285869
Muller_E	4748015	0.285859	0.428282	0.285859
Muller_E	4748352	0.285857	0.428287	0.285857
Muller_E	4748630	0.285855	0.42829	0.285855
Muller_E	4751071	0.285839	0.428322	0.285839
Muller_E	4751685	0.285835	0.42833	0.285835
Muller_E	4751817	0.285834	0.428332	0.285834
Muller_E	4752607	0.285829	0.428342	0.285829
Muller_E	4752773	0.285828	0.428344	0.285828
Muller_E	4753826	0.285821	0.428357	0.285821
Muller_E	4754671	0.285816	0.428368	0.285816
Muller_E	4756619	0.285803	0.428393	0.285803
Muller_E	4759191	0.285787	0.428427	0.285787
Muller_E	4761262	0.285773	0.428453	0.285773
Muller_E	4761866	0.285769	0.428461	0.285769
Muller_E	4761985	0.285769	0.428463	0.285769
Muller_E	4763545	0.285759	0.428483	0.285759
Muller_E	4764509	0.285752	0.428495	0.285752
Muller_E	4765595	0.285745	0.428509	0.285745
Muller_E	4766291	0.285741	0.428518	0.285741
Muller_E	4766501	0.28574	0.428521	0.28574
Muller_E	4767354	0.285734	0.428532	0.285734
Muller_E	4769627	0.28572	0.428561	0.28572
Muller_E	4769950	0.285717	0.428565	0.285717
Muller_E	4772288	0.285702	0.428595	0.285702
Muller_E	4773763	0.285693	0.428614	0.285693
Muller_E	4773963	0.285692	0.428617	0.285692
Muller_E	4774375	0.285689	0.428622	0.285689
Muller_E	4774957	0.285685	0.428629	0.285685
Muller_E	4775479	0.285682	0.428636	0.285682
Muller_E	4776619	0.285675	0.428651	0.285675
Muller_E	4779373	0.285657	0.428686	0.285657
Muller_E	4781913	0.285641	0.428719	0.285641
Muller_E	4782620	0.285636	0.428728	0.285636
Muller_E	4783326	0.285632	0.428737	0.285632
Muller_E	4786044	0.285614	0.428772	0.285614
Muller_E	4786690	0.28561	0.42878	0.28561
Muller_E	4789453	0.285592	0.428815	0.285592
Muller_E	4790377	0.285586	0.428827	0.285586
Muller_E	4792360	0.285574	0.428853	0.285574
Muller_E	4792549	0.285572	0.428855	0.285572
Muller_E	4792702	0.285572	0.428857	0.285572
Muller_E	4822723	0.28538	0.42924	0.28538
Muller_E	4832155	0.28532	0.42936	0.28532
Muller_E	4834924	0.285302	0.429396	0.285302
Muller_E	4838041	0.285282	0.429435	0.285282
Muller_E	4839031	0.285276	0.429448	0.285276
Muller_E	4840034	0.28527	0.42946	0.28527
Muller_E	4843722	0.285246	0.429507	0.285246
Muller_E	4844215	0.285243	0.429514	0.285243
Muller_E	4846930	0.285226	0.429548	0.285226
Muller_E	4847984	0.285219	0.429561	0.285219
Muller_E	4849699	0.285208	0.429583	0.285208
Muller_E	4849916	0.285207	0.429586	0.285207
Muller_E	4850646	0.285202	0.429595	0.285202
Muller_E	4851102	0.2852	0.429601	0.2852
Muller_E	4851280	0.285198	0.429603	0.285198
Muller_E	4852753	0.285189	0.429622	0.285189
Muller_E	4853630	0.285184	0.429633	0.285184
Muller_E	4855355	0.285173	0.429655	0.285173
Muller_E	4859608	0.285146	0.429709	0.285146
Muller_E	4860728	0.285139	0.429723	0.285139
Muller_E	4862947	0.285125	0.429751	0.285125
Muller_E	4865598	0.285108	0.429784	0.285108
Muller_E	4865718	0.285107	0.429786	0.285107
Muller_E	4866182	0.285104	0.429792	0.285104
Muller_E	4867670	0.285095	0.42981	0.285095
Muller_E	4869382	0.285084	0.429832	0.285084
Muller_E	4875634	0.285044	0.429911	0.285044
Muller_E	4875860	0.285043	0.429914	0.285043
Muller_E	4876983	0.285036	0.429928	0.285036
Muller_E	4877350	0.285034	0.429933	0.285034
Muller_E	4878065	0.285029	0.429942	0.285029
Muller_E	4879381	0.285021	0.429958	0.285021
Muller_E	4880635	0.285013	0.429974	0.285013
Muller_E	4881487	0.285008	0.429985	0.285008
Muller_E	4881936	0.285005	0.42999	0.285005
Muller_E	4884468	0.284989	0.430022	0.284989
Muller_E	4888342	0.284964	0.430071	0.284964
Muller_E	4889910	0.284955	0.430091	0.284955
Muller_E	4890915	0.284948	0.430104	0.284948
Muller_E	4891113	0.284947	0.430106	0.284947
Muller_E	4891366	0.284945	0.430109	0.284945
Muller_E	4891615	0.284944	0.430112	0.284944
Muller_E	4892655	0.284937	0.430125	0.284937
Muller_E	4894761	0.284924	0.430152	0.284924
Muller_E	4895681	0.284918	0.430163	0.284918
Muller_E	4895913	0.284917	0.430166	0.284917
Muller_E	4896016	0.284916	0.430168	0.284916
Muller_E	4896306	0.284914	0.430171	0.284914
Muller_E	4896909	0.284911	0.430179	0.284911
Muller_E	4897149	0.284909	0.430182	0.284909
Muller_E	4897396	0.284907	0.430185	0.284907
Muller_E	4899238	0.284896	0.430208	0.284896
Muller_E	4899448	0.284895	0.430211	0.284895
Muller_E	4899730	0.284893	0.430214	0.284893
Muller_E	4900388	0.284889	0.430223	0.284889
Muller_E	4901136	0.284884	0.430232	0.284884
Muller_E	4901310	0.284883	0.430234	0.284883
Muller_E	4902057	0.284878	0.430244	0.284878
Muller_E	4902851	0.284873	0.430254	0.284873
Muller_E	4903242	0.284871	0.430258	0.284871
Muller_E	4905649	0.284856	0.430289	0.284856
