chrom	position	2,0	1,1	0,2
Muller_E	62882	0.425044	0.414544	0.160412
Muller_E	267432	0.421375	0.424362	0.154263
Muller_E	441230	0.418334	0.432622	0.149043
Muller_E	511157	0.41713	0.435927	0.146943
Muller_E	557879	0.416331	0.438129	0.14554
Muller_E	581000	0.415937	0.439217	0.144846
Muller_E	709108	0.413775	0.445228	0.140997
Muller_E	768129	0.41279	0.447988	0.139222
Muller_E	785241	0.412506	0.448787	0.138707
Muller_E	787322	0.412472	0.448884	0.138645
Muller_E	787424	0.41247	0.448888	0.138642
Muller_E	788173	0.412457	0.448923	0.138619
Muller_E	788750	0.412448	0.44895	0.138602
Muller_E	788860	0.412446	0.448955	0.138599
Muller_E	791823	0.412397	0.449094	0.138509
Muller_E	802257	0.412224	0.44958	0.138196
Muller_E	893794	0.410716	0.453843	0.135441
Muller_E	894300	0.410708	0.453867	0.135425
Muller_E	896281	0.410675	0.453959	0.135366
Muller_E	897287	0.410659	0.454006	0.135336
Muller_E	897987	0.410647	0.454038	0.135314
Muller_E	901015	0.410598	0.454179	0.135223
Muller_E	901718	0.410586	0.454212	0.135202
Muller_E	923408	0.410231	0.45522	0.134549
Muller_E	923675	0.410227	0.455232	0.134541
Muller_E	924320	0.410216	0.455262	0.134521
Muller_E	927795	0.41016	0.455424	0.134417
Muller_E	948021	0.40983	0.456363	0.133807
Muller_E	948230	0.409826	0.456373	0.133801
Muller_E	958531	0.409659	0.456851	0.133491
Muller_E	967701	0.40951	0.457276	0.133214
Muller_E	969142	0.409486	0.457343	0.133171
Muller_E	1033237	0.408448	0.460314	0.131238
Muller_E	1120573	0.407046	0.464353	0.128601
Muller_E	1123171	0.407004	0.464473	0.128522
Muller_E	1146845	0.406626	0.465567	0.127807
Muller_E	1148492	0.4066	0.465643	0.127757
Muller_E	1168315	0.406285	0.466558	0.127158
Muller_E	1213395	0.405569	0.468637	0.125794
Muller_E	1262309	0.404797	0.470891	0.124312
Muller_E	1275111	0.404596	0.47148	0.123924
Muller_E	1275707	0.404586	0.471508	0.123906
Muller_E	1314313	0.40398	0.473284	0.122736
Muller_E	1318297	0.403918	0.473468	0.122615
Muller_E	1358440	0.40329	0.475314	0.121396
Muller_E	1358616	0.403288	0.475322	0.121391
Muller_E	1378824	0.402973	0.47625	0.120777
Muller_E	1480336	0.4014	0.480911	0.117688
Muller_E	1489232	0.401263	0.481319	0.117417
Muller_E	1645912	0.398867	0.488501	0.112632
Muller_E	1673398	0.39845	0.48976	0.11179
Muller_E	1718642	0.397767	0.491831	0.110403
Muller_E	1746815	0.397342	0.493121	0.109538
Muller_E	1763447	0.397092	0.493882	0.109026
Muller_E	1765039	0.397068	0.493955	0.108978
Muller_E	1765159	0.397066	0.49396	0.108974
Muller_E	1765369	0.397063	0.49397	0.108967
Muller_E	1771226	0.396975	0.494238	0.108787
Muller_E	1799036	0.396558	0.49551	0.107932
Muller_E	1802542	0.396505	0.495671	0.107824
Muller_E	1802678	0.396503	0.495677	0.10782
Muller_E	1803039	0.396498	0.495694	0.107809
Muller_E	1803347	0.396493	0.495708	0.107799
Muller_E	1805518	0.396461	0.495807	0.107732
Muller_E	1812938	0.39635	0.496146	0.107504
Muller_E	1813040	0.396348	0.496151	0.107501
Muller_E	1815234	0.396315	0.496252	0.107433
Muller_E	1815907	0.396305	0.496282	0.107413
Muller_E	1816383	0.396298	0.496304	0.107398
Muller_E	1831501	0.396072	0.496996	0.106932
Muller_E	1850978	0.395781	0.497887	0.106332
Muller_E	1851905	0.395767	0.497929	0.106303
Muller_E	1852166	0.395763	0.497941	0.106295
Muller_E	1857635	0.395682	0.498192	0.106127
Muller_E	1861157	0.395629	0.498353	0.106018
Muller_E	1861336	0.395627	0.498361	0.106013
Muller_E	1861880	0.395618	0.498386	0.105996
Muller_E	1866595	0.395548	0.498602	0.10585
Muller_E	1870209	0.395494	0.498767	0.105739
Muller_E	1871973	0.395468	0.498848	0.105684
Muller_E	1880064	0.395348	0.499218	0.105435
Muller_E	1889333	0.39521	0.499642	0.105149
Muller_E	1891195	0.395182	0.499727	0.105091
Muller_E	1894320	0.395135	0.49987	0.104995
Muller_E	1900363	0.395046	0.500147	0.104808
Muller_E	1904375	0.394986	0.50033	0.104684
Muller_E	1915469	0.394821	0.500838	0.104341
Muller_E	1927060	0.394649	0.501368	0.103983
Muller_E	1932459	0.394569	0.501615	0.103816
Muller_E	1944351	0.394393	0.502159	0.103448
Muller_E	1946702	0.394358	0.502267	0.103375
Muller_E	1961660	0.394137	0.502951	0.102912
Muller_E	1975567	0.393931	0.503587	0.102481
Muller_E	2011856	0.393396	0.505248	0.101356
Muller_E	2013122	0.393377	0.505306	0.101317
Muller_E	2044597	0.392914	0.506746	0.10034
Muller_E	2048236	0.39286	0.506913	0.100227
Muller_E	2048434	0.392857	0.506922	0.100221
Muller_E	2086567	0.392298	0.508668	0.0990348
Muller_E	2103366	0.392052	0.509437	0.0985118
Muller_E	2117584	0.391844	0.510088	0.0980688
Muller_E	2126123	0.391719	0.510479	0.0978027
Muller_E	2135792	0.391577	0.510921	0.0975011
Muller_E	2140907	0.391503	0.511156	0.0973416
Muller_E	2141169	0.391499	0.511168	0.0973334
Muller_E	2142715	0.391476	0.511238	0.0972852
Muller_E	2145389	0.391437	0.511361	0.0972018
Muller_E	2146953	0.391414	0.511433	0.097153
Muller_E	2147057	0.391413	0.511437	0.0971497
Muller_E	2201852	0.390615	0.513947	0.0954378
Muller_E	2204792	0.390572	0.514082	0.0953458
Muller_E	2219543	0.390358	0.514758	0.0948841
Muller_E	2220290	0.390347	0.514792	0.0948607
Muller_E	2241628	0.390037	0.51577	0.0941924
Muller_E	2243471	0.39001	0.515855	0.0941346
Muller_E	2531559	0.385869	0.529089	0.085042
Muller_E	2693610	0.383568	0.536565	0.0798669
Muller_E	2696554	0.383527	0.536701	0.0797725
Muller_E	2706179	0.383391	0.537146	0.0794636
Muller_E	2713009	0.383294	0.537462	0.0792443
Muller_E	2716202	0.383249	0.537609	0.0791417
Muller_E	2721440	0.383175	0.537852	0.0789735
Muller_E	2735475	0.382977	0.538501	0.0785223
Muller_E	2763120	0.382587	0.539781	0.0776327
Muller_E	2777976	0.382377	0.540469	0.077154
Muller_E	2779619	0.382354	0.540545	0.077101
Muller_E	2787347	0.382245	0.540903	0.0768518
Muller_E	2788916	0.382223	0.540976	0.0768012
Muller_E	2795398	0.382132	0.541276	0.0765921
Muller_E	2798296	0.382091	0.54141	0.0764986
Muller_E	2799305	0.382077	0.541457	0.076466
Muller_E	2800245	0.382064	0.541501	0.0764357
Muller_E	2800507	0.38206	0.541513	0.0764272
Muller_E	2800780	0.382056	0.541526	0.0764184
Muller_E	2800932	0.382054	0.541533	0.0764135
Muller_E	2801158	0.382051	0.541543	0.0764062
Muller_E	2805736	0.381986	0.541755	0.0762584
Muller_E	2807233	0.381965	0.541825	0.0762101
Muller_E	2807795	0.381957	0.541851	0.0761919
Muller_E	2808363	0.381949	0.541877	0.0761736
Muller_E	2809031	0.38194	0.541908	0.076152
Muller_E	2809272	0.381936	0.541919	0.0761442
Muller_E	2809909	0.381928	0.541949	0.0761237
Muller_E	2811470	0.381906	0.542021	0.0760732
Muller_E	2811776	0.381901	0.542035	0.0760634
Muller_E	2812117	0.381896	0.542051	0.0760524
Muller_E	2815676	0.381846	0.542216	0.0759374
Muller_E	2816259	0.381838	0.542243	0.0759185
Muller_E	2817070	0.381827	0.542281	0.0758923
Muller_E	2817616	0.381819	0.542306	0.0758747
Muller_E	2819402	0.381794	0.542389	0.075817
Muller_E	2820166	0.381783	0.542425	0.0757923
Muller_E	2820386	0.38178	0.542435	0.0757852
Muller_E	2820775	0.381775	0.542453	0.0757726
Muller_E	2821135	0.38177	0.542469	0.075761
Muller_E	2821440	0.381765	0.542484	0.0757511
Muller_E	2826939	0.381688	0.542739	0.0755734
Muller_E	2831172	0.381628	0.542935	0.0754365
Muller_E	2831515	0.381624	0.542951	0.0754254
Muller_E	2832336	0.381612	0.542989	0.0753989
Muller_E	2833070	0.381602	0.543023	0.0753751
Muller_E	2850717	0.381354	0.543842	0.0748041
Muller_E	2853215	0.381319	0.543958	0.0747232
Muller_E	2856496	0.381272	0.544111	0.074617
Muller_E	2856945	0.381266	0.544131	0.0746024
Muller_E	2857481	0.381259	0.544156	0.0745851
Muller_E	2858163	0.381249	0.544188	0.074563
Muller_E	2859754	0.381227	0.544262	0.0745115
Muller_E	2859987	0.381223	0.544273	0.0745039
Muller_E	2862604	0.381187	0.544394	0.0744191
Muller_E	2866488	0.381132	0.544575	0.0742933
Muller_E	2867267	0.381121	0.544611	0.074268
Muller_E	2868557	0.381103	0.544671	0.0742262
Muller_E	2870085	0.381082	0.544742	0.0741767
Muller_E	2870623	0.381074	0.544767	0.0741593
Muller_E	2876155	0.380996	0.545024	0.0739799
Muller_E	2877151	0.380982	0.54507	0.0739476
Muller_E	2886067	0.380857	0.545484	0.0736584
Muller_E	2886534	0.380851	0.545506	0.0736433
Muller_E	2887599	0.380836	0.545556	0.0736087
Muller_E	2887882	0.380832	0.545569	0.0735995
Muller_E	2888492	0.380823	0.545597	0.0735797
Muller_E	2888607	0.380822	0.545602	0.073576
Muller_E	2890000	0.380802	0.545667	0.0735308
Muller_E	2890387	0.380797	0.545685	0.0735183
Muller_E	2890907	0.380789	0.545709	0.0735014
Muller_E	2894764	0.380735	0.545889	0.0733762
Muller_E	2899098	0.380674	0.54609	0.0732355
Muller_E	2901481	0.380641	0.546201	0.0731581
Muller_E	2901643	0.380639	0.546209	0.0731528
Muller_E	2902627	0.380625	0.546254	0.0731209
Muller_E	2903432	0.380614	0.546292	0.0730947
Muller_E	2904998	0.380592	0.546365	0.0730439
Muller_E	2905994	0.380578	0.546411	0.0730115
Muller_E	2907134	0.380562	0.546464	0.0729745
Muller_E	2908511	0.380542	0.546528	0.0729297
Muller_E	2909452	0.380529	0.546572	0.0728992
Muller_E	2910160	0.380519	0.546605	0.0728762
Muller_E	2911022	0.380507	0.546645	0.0728482
Muller_E	2911252	0.380504	0.546655	0.0728407
Muller_E	2911992	0.380493	0.54669	0.0728166
Muller_E	2914672	0.380456	0.546815	0.0727295
Muller_E	2915489	0.380444	0.546853	0.072703
Muller_E	2918585	0.380401	0.546997	0.0726023
Muller_E	2919015	0.380395	0.547017	0.0725884
Muller_E	2919728	0.380385	0.54705	0.0725652
Muller_E	2919971	0.380382	0.547061	0.0725573
Muller_E	2921506	0.38036	0.547133	0.0725074
Muller_E	2922564	0.380345	0.547182	0.072473
Muller_E	2922707	0.380343	0.547188	0.0724683
Muller_E	2924226	0.380322	0.547259	0.0724189
Muller_E	2925108	0.38031	0.5473	0.0723902
Muller_E	2925552	0.380303	0.547321	0.0723758
Muller_E	2928855	0.380257	0.547475	0.0722684
Muller_E	2930674	0.380232	0.547559	0.0722092
Muller_E	2931258	0.380223	0.547586	0.0721902
Muller_E	2931592	0.380219	0.547602	0.0721793
Muller_E	2931798	0.380216	0.547612	0.0721726
Muller_E	2932326	0.380208	0.547636	0.0721554
Muller_E	2945623	0.380022	0.548255	0.0717226
Muller_E	2945753	0.38002	0.548261	0.0717184
Muller_E	2945878	0.380019	0.548267	0.0717143
Muller_E	2946001	0.380017	0.548273	0.0717103
Muller_E	2955783	0.37988	0.548728	0.0713917
Muller_E	2957997	0.379849	0.548832	0.0713195
Muller_E	2959282	0.379831	0.548891	0.0712776
Muller_E	2959697	0.379825	0.548911	0.0712641
Muller_E	2959819	0.379823	0.548916	0.0712601
Muller_E	2960759	0.37981	0.54896	0.0712295
Muller_E	2961667	0.379798	0.549003	0.0711999
Muller_E	2961801	0.379796	0.549009	0.0711955
Muller_E	2963254	0.379775	0.549077	0.0711482
Muller_E	2963568	0.379771	0.549091	0.0711379
Muller_E	2975263	0.379607	0.549636	0.0707565
Muller_E	2976725	0.379587	0.549704	0.0707088
Muller_E	2977784	0.379572	0.549754	0.0706743
Muller_E	2982473	0.379506	0.549972	0.0705213
Muller_E	2984283	0.379481	0.550057	0.0704622
Muller_E	2985483	0.379464	0.550113	0.070423
Muller_E	2985658	0.379462	0.550121	0.0704173
Muller_E	2985908	0.379458	0.550133	0.0704091
Muller_E	2987685	0.379433	0.550215	0.0703511
Muller_E	2992894	0.379361	0.550458	0.070181
Muller_E	2993313	0.379355	0.550478	0.0701673
Muller_E	2993798	0.552622	0.437954	0.00942427
Muller_E	2994137	0.379329	0.550513	0.0701579
Muller_E	2994487	0.37931	0.550525	0.0701645
Muller_E	2994615	0.379303	0.55053	0.0701669
Muller_E	2995123	0.379275	0.550548	0.0701765
Muller_E	2995701	0.379243	0.550569	0.0701874
Muller_E	2996048	0.379224	0.550582	0.0701939
Muller_E	2996738	0.379186	0.550607	0.0702069
Muller_E	2996880	0.379178	0.550612	0.0702096
Muller_E	2997113	0.379165	0.55062	0.070214
Muller_E	2999116	0.379055	0.550693	0.0702518
Muller_E	2999459	0.379036	0.550705	0.0702583
Muller_E	3001420	0.378928	0.550776	0.0702953
Muller_E	3001578	0.37892	0.550782	0.0702982
Muller_E	3001696	0.378913	0.550786	0.0703005
Muller_E	3002579	0.378865	0.550818	0.0703171
Muller_E	3003095	0.378836	0.550837	0.0703268
Muller_E	3003540	0.378812	0.550853	0.0703352
Muller_E	3004120	0.37878	0.550874	0.0703462
Muller_E	3005221	0.378719	0.550914	0.0703669
Muller_E	3007967	0.378568	0.551013	0.0704187
Muller_E	3012773	0.378304	0.551187	0.0705093
Muller_E	3013331	0.378273	0.551207	0.0705198
Muller_E	3013618	0.378257	0.551218	0.0705253
Muller_E	3014080	0.378232	0.551234	0.070534
Muller_E	3014783	0.378193	0.55126	0.0705472
Muller_E	3016296	0.37811	0.551314	0.0705757
Muller_E	3017214	0.378059	0.551348	0.070593
Muller_E	3018320	0.377998	0.551388	0.0706139
Muller_E	3018982	0.377962	0.551412	0.0706264
Muller_E	3019303	0.377944	0.551423	0.0706324
Muller_E	3019831	0.377915	0.551442	0.0706424
Muller_E	3021834	0.377805	0.551515	0.0706801
Muller_E	3021944	0.377799	0.551519	0.0706822
Muller_E	3023127	0.377734	0.551561	0.0707045
Muller_E	3024474	0.37766	0.55161	0.0707299
Muller_E	3024813	0.377641	0.551622	0.0707363
Muller_E	3029421	0.377388	0.551789	0.0708231
Muller_E	3029834	0.377365	0.551804	0.0708309
Muller_E	3030101	0.377351	0.551814	0.0708359
Muller_E	3033200	0.37718	0.551926	0.0708943
Muller_E	3033901	0.377142	0.551951	0.0709075
Muller_E	3034073	0.377132	0.551957	0.0709107
Muller_E	3036032	0.377024	0.552028	0.0709476
Muller_E	3038305	0.376899	0.55211	0.0709904
Muller_E	3041816	0.376706	0.552237	0.0710566
Muller_E	3044683	0.376549	0.552341	0.0711106
Muller_E	3046757	0.376435	0.552416	0.0711496
Muller_E	3046887	0.376428	0.55242	0.0711521
Muller_E	3047900	0.376372	0.552457	0.0711711
Muller_E	3048135	0.376359	0.552465	0.0711756
Muller_E	3050664	0.37622	0.552557	0.0712232
Muller_E	3051698	0.376163	0.552594	0.0712426
Muller_E	3051968	0.376149	0.552604	0.0712477
Muller_E	3052635	0.376112	0.552628	0.0712603
Muller_E	3053197	0.376081	0.552648	0.0712709
Muller_E	3056428	0.375903	0.552765	0.0713317
Muller_E	3056712	0.375888	0.552775	0.071337
Muller_E	3058398	0.375795	0.552836	0.0713688
Muller_E	3059687	0.375724	0.552883	0.071393
Muller_E	3061511	0.375624	0.552948	0.0714273
Muller_E	3062406	0.375575	0.552981	0.0714442
Muller_E	3062537	0.375568	0.552986	0.0714467
Muller_E	3100018	0.37351	0.554338	0.0721515
Muller_E	3100718	0.373472	0.554364	0.0721647
Muller_E	3112367	0.372833	0.554784	0.0723835
Muller_E	3112987	0.372799	0.554806	0.0723952
Muller_E	3113420	0.372775	0.554822	0.0724033
Muller_E	3116107	0.372628	0.554919	0.0724538
Muller_E	3119432	0.372445	0.555038	0.0725162
Muller_E	3119714	0.37243	0.555049	0.0725215
Muller_E	3120862	0.372367	0.55509	0.0725431
Muller_E	3122265	0.37229	0.555141	0.0725694
Muller_E	3123364	0.37223	0.55518	0.07259
Muller_E	3124138	0.372187	0.555208	0.0726046
Muller_E	3127464	0.372005	0.555328	0.072667
Muller_E	3128767	0.371934	0.555375	0.0726915
Muller_E	3128895	0.371927	0.55538	0.0726939
Muller_E	3129611	0.371887	0.555405	0.0727073
Muller_E	3129743	0.37188	0.55541	0.0727098
Muller_E	3130171	0.371857	0.555426	0.0727178
Muller_E	3131529	0.371782	0.555474	0.0727433
Muller_E	3137674	0.371445	0.555696	0.0728586
Muller_E	3139976	0.371319	0.555779	0.0729018
Muller_E	3143168	0.371144	0.555894	0.0729617
Muller_E	3169152	0.369721	0.55683	0.073449
Muller_E	3170575	0.369643	0.556881	0.0734757
Muller_E	3173857	0.369464	0.556999	0.0735372
Muller_E	3192801	0.368427	0.557681	0.0738921
Muller_E	3194086	0.368357	0.557727	0.0739161
Muller_E	3194230	0.368349	0.557732	0.0739188
Muller_E	3207603	0.367617	0.558213	0.0741692
Muller_E	3207708	0.367612	0.558217	0.0741711
Muller_E	3208070	0.367592	0.55823	0.0741779
Muller_E	3208369	0.367576	0.558241	0.0741835
Muller_E	3208507	0.367568	0.558246	0.0741861
Muller_E	3208706	0.367557	0.558253	0.0741898
Muller_E	3210124	0.36748	0.558304	0.0742164
Muller_E	3211254	0.367418	0.558345	0.0742375
Muller_E	3212088	0.367372	0.558375	0.0742531
Muller_E	3216063	0.367155	0.558518	0.0743275
Muller_E	3216461	0.367133	0.558532	0.0743349
Muller_E	3217109	0.367098	0.558555	0.0743471
Muller_E	3217441	0.36708	0.558567	0.0743533
Muller_E	3217706	0.367065	0.558577	0.0743582
Muller_E	3217825	0.367059	0.558581	0.0743605
Muller_E	3218354	0.36703	0.5586	0.0743704
Muller_E	3219292	0.366978	0.558634	0.0743879
Muller_E	3219763	0.366953	0.558651	0.0743967
Muller_E	3221459	0.36686	0.558712	0.0744284
Muller_E	3222112	0.366824	0.558735	0.0744407
Muller_E	3223012	0.366775	0.558767	0.0744575
Muller_E	3223549	0.366746	0.558787	0.0744675
Muller_E	3224815	0.366676	0.558832	0.0744912
Muller_E	3226800	0.366568	0.558904	0.0745283
Muller_E	3229718	0.366409	0.559009	0.0745829
Muller_E	3240322	0.365829	0.55939	0.0747811
Muller_E	3240918	0.365797	0.559411	0.0747923
Muller_E	3241273	0.365777	0.559424	0.0747989
Muller_E	3247835	0.365419	0.55966	0.0749216
Muller_E	3251442	0.365222	0.559789	0.074989
Muller_E	3252203	0.36518	0.559817	0.0750032
Muller_E	3254014	0.365081	0.559882	0.075037
Muller_E	3254518	0.365054	0.5599	0.0750464
Muller_E	3255141	0.36502	0.559922	0.0750581
Muller_E	3255365	0.365008	0.55993	0.0750622
Muller_E	3259142	0.364801	0.560066	0.0751328
Muller_E	3259935	0.364758	0.560094	0.0751476
Muller_E	3262497	0.364618	0.560186	0.0751955
Muller_E	3263708	0.364552	0.56023	0.0752181
Muller_E	3264644	0.364501	0.560264	0.0752355
Muller_E	3266132	0.36442	0.560317	0.0752633
Muller_E	3266579	0.364395	0.560333	0.0752717
Muller_E	3266806	0.364383	0.560341	0.0752759
Muller_E	3269029	0.364262	0.560421	0.0753174
Muller_E	3271700	0.364116	0.560517	0.0753673
Muller_E	3271881	0.364106	0.560523	0.0753707
Muller_E	3273894	0.363996	0.560596	0.0754082
Muller_E	3275081	0.363931	0.560638	0.0754304
Muller_E	3275989	0.363882	0.560671	0.0754473
Muller_E	3278049	0.363769	0.560745	0.0754858
Muller_E	3280894	0.363614	0.560847	0.0755389
Muller_E	3282107	0.363548	0.560891	0.0755615
Muller_E	3282973	0.363501	0.560922	0.0755777
Muller_E	3284532	0.363416	0.560978	0.0756068
Muller_E	3291321	0.363045	0.561221	0.0757334
Muller_E	3291878	0.363015	0.561241	0.0757438
Muller_E	3293351	0.362934	0.561294	0.0757713
Muller_E	3293759	0.362912	0.561309	0.0757789
Muller_E	3304917	0.362304	0.561709	0.075987
Muller_E	3306663	0.362209	0.561772	0.0760195
Muller_E	3306880	0.362197	0.56178	0.0760236
Muller_E	3310127	0.36202	0.561896	0.0760841
Muller_E	3312301	0.361901	0.561974	0.0761246
Muller_E	3312718	0.361878	0.561989	0.0761324
Muller_E	3318766	0.361549	0.562206	0.0762451
Muller_E	3323588	0.361286	0.562379	0.0763349
Muller_E	3324201	0.361253	0.562401	0.0763464
Muller_E	3324656	0.361228	0.562417	0.0763548
Muller_E	3325091	0.361204	0.562433	0.0763629
Muller_E	3326084	0.36115	0.562469	0.0763814
Muller_E	3326190	0.361144	0.562472	0.0763834
Muller_E	3330218	0.360925	0.562617	0.0764584
Muller_E	3334866	0.360671	0.562784	0.076545
Muller_E	3337545	0.360525	0.56288	0.0765949
Muller_E	3340268	0.360377	0.562977	0.0766456
Muller_E	3340480	0.360366	0.562985	0.0766495
Muller_E	3410593	0.35655	0.565497	0.0779528
Muller_E	3431230	0.355428	0.566236	0.0783357
Muller_E	3437416	0.355092	0.566457	0.0784504
Muller_E	3456916	0.354033	0.567155	0.0788118
Muller_E	3457694	0.353991	0.567183	0.0788262
Muller_E	3459001	0.35392	0.567229	0.0788505
Muller_E	3462300	0.353741	0.567348	0.0789116
Muller_E	3464519	0.35362	0.567427	0.0789527
Muller_E	3464673	0.353612	0.567432	0.0789555
Muller_E	3477602	0.35291	0.567895	0.0791949
Muller_E	3525631	0.350305	0.569612	0.0800829
Muller_E	3546828	0.349157	0.570369	0.0804742
Muller_E	3557059	0.348603	0.570735	0.0806629
Muller_E	3566467	0.348093	0.571071	0.0808364
Muller_E	3572057	0.34779	0.57127	0.0809394
Muller_E	3572168	0.347784	0.571274	0.0809415
Muller_E	3579272	0.3474	0.571528	0.0810724
Muller_E	3579502	0.347387	0.571536	0.0810766
Muller_E	3582419	0.347229	0.57164	0.0811304
Muller_E	3590131	0.346812	0.571915	0.0812724
Muller_E	3605233	0.345995	0.572455	0.0815504
Muller_E	3610748	0.345697	0.572651	0.0816519
Muller_E	3611776	0.345641	0.572688	0.0816708
Muller_E	3615071	0.345463	0.572806	0.0817314
Muller_E	3617701	0.345321	0.5729	0.0817798
Muller_E	3617818	0.345314	0.572904	0.081782
Muller_E	3617948	0.345307	0.572908	0.0817844
Muller_E	3623404	0.345012	0.573103	0.0818847
Muller_E	3630035	0.344654	0.57334	0.0820066
Muller_E	3631532	0.344573	0.573393	0.0820341
Muller_E	3634067	0.344436	0.573484	0.0820807
Muller_E	3642157	0.343998	0.573772	0.0822294
Muller_E	3643438	0.343929	0.573818	0.0822529
Muller_E	3645674	0.343808	0.573898	0.082294
Muller_E	3652519	0.343438	0.574142	0.0824197
Muller_E	3655257	0.34329	0.57424	0.08247
Muller_E	3657953	0.343145	0.574336	0.0825195
Muller_E	3660200	0.343023	0.574416	0.0825607
Muller_E	3665461	0.342739	0.574604	0.0826573
Muller_E	3670065	0.34249	0.574768	0.0827418
Muller_E	3757777	0.337757	0.577895	0.0843477
Muller_E	3766114	0.337308	0.578192	0.0845
Muller_E	3770199	0.337088	0.578338	0.0845746
Muller_E	3771242	0.337032	0.578375	0.0845937
Muller_E	3775369	0.336809	0.578522	0.084669
Muller_E	3781958	0.336454	0.578757	0.0847893
Muller_E	3788305	0.336112	0.578983	0.0849051
Muller_E	3788531	0.3361	0.578991	0.0849092
Muller_E	3788717	0.33609	0.578997	0.0849126
Muller_E	3791492	0.335941	0.579096	0.0849633
Muller_E	3791929	0.335917	0.579112	0.0849712
Muller_E	3794089	0.335801	0.579189	0.0850106
Muller_E	3798034	0.335588	0.579329	0.0850826
Muller_E	3805877	0.335166	0.579609	0.0852256
Muller_E	3808116	0.335045	0.579688	0.0852664
Muller_E	3837593	0.333458	0.580739	0.0858032
Muller_E	3889492	0.330667	0.582587	0.0867466
Muller_E	3892070	0.330528	0.582679	0.0867933
Muller_E	3892768	0.33049	0.582704	0.086806
Muller_E	3893846	0.330432	0.582742	0.0868256
Muller_E	3895236	0.330358	0.582791	0.0868508
Muller_E	3896701	0.330279	0.582844	0.0868774
Muller_E	3964144	0.326656	0.585245	0.0880991
Muller_E	3964249	0.32665	0.585249	0.0881009
Muller_E	3964701	0.326626	0.585265	0.0881091
Muller_E	3965335	0.326592	0.585287	0.0881206
Muller_E	3965537	0.326581	0.585295	0.0881242
Muller_E	3971184	0.326278	0.585496	0.0882263
Muller_E	4005791	0.324421	0.586728	0.0888513
Muller_E	4007537	0.324327	0.58679	0.0888828
Muller_E	4008073	0.324298	0.586809	0.0888925
Muller_E	4008732	0.324263	0.586833	0.0889044
Muller_E	4009275	0.324234	0.586852	0.0889142
Muller_E	4009794	0.324206	0.58687	0.0889235
Muller_E	4010462	0.32417	0.586894	0.0889356
Muller_E	4011246	0.324128	0.586922	0.0889497
Muller_E	4011350	0.324123	0.586926	0.0889516
Muller_E	4011743	0.324102	0.58694	0.0889587
Muller_E	4012926	0.324038	0.586982	0.08898
Muller_E	4015010	0.323926	0.587056	0.0890176
Muller_E	4015956	0.323876	0.58709	0.0890347
Muller_E	4016731	0.323834	0.587117	0.0890486
Muller_E	4017133	0.323812	0.587132	0.0890559
Muller_E	4017640	0.323785	0.58715	0.089065
Muller_E	4021078	0.323601	0.587272	0.089127
Muller_E	4021876	0.323558	0.587301	0.0891414
Muller_E	4022513	0.323524	0.587323	0.0891529
Muller_E	4022928	0.323502	0.587338	0.0891604
Muller_E	4024532	0.323416	0.587395	0.0891893
Muller_E	4024639	0.32341	0.587399	0.0891912
Muller_E	4025270	0.323376	0.587421	0.0892026
Muller_E	4027169	0.323274	0.587489	0.0892368
Muller_E	4027437	0.32326	0.587499	0.0892416
Muller_E	4027764	0.323242	0.58751	0.0892475
Muller_E	4029270	0.323162	0.587564	0.0892747
Muller_E	4032202	0.323004	0.587668	0.0893275
Muller_E	4032327	0.322998	0.587673	0.0893297
Muller_E	4033521	0.322934	0.587715	0.0893513
Muller_E	4033797	0.322919	0.587725	0.0893562
Muller_E	4036360	0.322781	0.587816	0.0894024
Muller_E	4037138	0.32274	0.587844	0.0894164
Muller_E	4037610	0.322714	0.587861	0.0894249
Muller_E	4040496	0.32256	0.587963	0.0894769
Muller_E	4040949	0.322535	0.58798	0.0894851
Muller_E	4045900	0.32227	0.588156	0.0895742
Muller_E	4046078	0.32226	0.588162	0.0895774
Muller_E	4046843	0.322219	0.588189	0.0895912
Muller_E	4047581	0.32218	0.588216	0.0896045
Muller_E	4048275	0.322143	0.58824	0.089617
Muller_E	4048700	0.32212	0.588256	0.0896246
Muller_E	4053592	0.321858	0.58843	0.0897127
Muller_E	4056223	0.321717	0.588523	0.08976
Muller_E	4056545	0.321699	0.588535	0.0897658
Muller_E	4056951	0.321678	0.588549	0.0897731
Muller_E	4057601	0.321643	0.588572	0.0897848
Muller_E	4057720	0.321636	0.588577	0.0897869
Muller_E	4058043	0.321619	0.588588	0.0897928
Muller_E	4058149	0.321613	0.588592	0.0897947
Muller_E	4058704	0.321584	0.588612	0.0898047
Muller_E	4059417	0.321545	0.588637	0.0898175
Muller_E	4059965	0.321516	0.588657	0.0898273
Muller_E	4061381	0.32144	0.588707	0.0898528
Muller_E	4061745	0.321421	0.58872	0.0898594
Muller_E	4062020	0.321406	0.58873	0.0898643
Muller_E	4062507	0.32138	0.588747	0.0898731
Muller_E	4062941	0.321356	0.588763	0.0898809
Muller_E	4064035	0.321298	0.588802	0.0899006
Muller_E	4064680	0.321263	0.588825	0.0899122
Muller_E	4064829	0.321255	0.58883	0.0899148
Muller_E	4065474	0.321221	0.588853	0.0899264
Muller_E	4065574	0.321215	0.588856	0.0899282
Muller_E	4066028	0.321191	0.588873	0.0899364
Muller_E	4067541	0.32111	0.588926	0.0899636
Muller_E	4067967	0.321087	0.588942	0.0899713
Muller_E	4068535	0.321057	0.588962	0.0899815
Muller_E	4069245	0.321019	0.588987	0.0899942
Muller_E	4070105	0.320973	0.589018	0.0900097
Muller_E	4071088	0.32092	0.589053	0.0900274
Muller_E	4071641	0.32089	0.589072	0.0900373
Muller_E	4072126	0.320864	0.58909	0.090046
Muller_E	4072768	0.32083	0.589113	0.0900576
Muller_E	4072973	0.320819	0.58912	0.0900613
Muller_E	4073359	0.320798	0.589134	0.0900682
Muller_E	4075135	0.320703	0.589197	0.0901001
Muller_E	4075254	0.320697	0.589201	0.0901023
Muller_E	4076053	0.320654	0.58923	0.0901166
Muller_E	4077160	0.320595	0.589269	0.0901365
Muller_E	4078165	0.320541	0.589305	0.0901546
Muller_E	4078690	0.320513	0.589323	0.090164
Muller_E	4078900	0.320501	0.589331	0.0901678
Muller_E	4079010	0.320495	0.589335	0.0901698
Muller_E	4079297	0.32048	0.589345	0.0901749
Muller_E	4081728	0.32035	0.589432	0.0902186
Muller_E	4082079	0.320331	0.589444	0.0902249
Muller_E	4083988	0.320229	0.589512	0.0902592
Muller_E	4085715	0.320136	0.589574	0.0902903
Muller_E	4089306	0.319944	0.589701	0.0903548
Muller_E	4089803	0.319917	0.589719	0.0903637
Muller_E	4092778	0.319758	0.589825	0.0904171
Muller_E	4092894	0.319752	0.589829	0.0904192
Muller_E	4098915	0.319429	0.590044	0.0905273
Muller_E	4109650	0.318854	0.590426	0.09072
Muller_E	4113217	0.318663	0.590553	0.090784
Muller_E	4113538	0.318646	0.590564	0.0907897
Muller_E	4114422	0.318599	0.590596	0.0908056
Muller_E	4114803	0.318578	0.590609	0.0908124
Muller_E	4115118	0.318561	0.590621	0.0908181
Muller_E	4116856	0.318468	0.590682	0.0908493
Muller_E	4117074	0.318457	0.59069	0.0908532
Muller_E	4117473	0.318435	0.590704	0.0908603
Muller_E	4118970	0.318355	0.590758	0.0908872
Muller_E	4121851	0.318201	0.59086	0.0909388
Muller_E	4122071	0.318189	0.590868	0.0909428
Muller_E	4122393	0.318172	0.59088	0.0909485
Muller_E	4122818	0.318149	0.590895	0.0909562
Muller_E	4124318	0.318069	0.590948	0.0909831
Muller_E	4124418	0.318063	0.590952	0.0909848
Muller_E	4126492	0.317952	0.591026	0.091022
Muller_E	4127527	0.317897	0.591062	0.0910406
Muller_E	4127720	0.317887	0.591069	0.091044
Muller_E	4128101	0.317866	0.591083	0.0910509
Muller_E	4128234	0.317859	0.591088	0.0910533
Muller_E	4130334	0.317747	0.591162	0.0910909
Muller_E	4132221	0.317646	0.59123	0.0911247
Muller_E	4134741	0.317511	0.591319	0.0911699
Muller_E	4134982	0.317498	0.591328	0.0911742
Muller_E	4136547	0.317414	0.591384	0.0912022
Muller_E	4140224	0.317217	0.591515	0.0912681
Muller_E	4140902	0.317181	0.591539	0.0912802
Muller_E	4141485	0.31715	0.59156	0.0912907
Muller_E	4143836	0.317024	0.591643	0.0913328
Muller_E	4144350	0.316996	0.591662	0.091342
Muller_E	4144848	0.31697	0.591679	0.0913509
Muller_E	4150850	0.316649	0.591893	0.0914584
Muller_E	4151927	0.316591	0.591931	0.0914776
Muller_E	4154621	0.316447	0.592027	0.0915259
Muller_E	4159745	0.316173	0.59221	0.0916175
Muller_E	4159958	0.316161	0.592218	0.0916214
Muller_E	4160923	0.316109	0.592252	0.0916386
Muller_E	4161787	0.316063	0.592283	0.0916541
Muller_E	4162162	0.316043	0.592296	0.0916608
Muller_E	4163984	0.315946	0.592361	0.0916934
Muller_E	4164218	0.315933	0.592369	0.0916976
Muller_E	4164859	0.315899	0.592392	0.091709
Muller_E	4165033	0.31589	0.592398	0.0917121
Muller_E	4165157	0.315883	0.592403	0.0917144
Muller_E	4165383	0.315871	0.592411	0.0917184
Muller_E	4165808	0.315848	0.592426	0.091726
Muller_E	4165958	0.31584	0.592431	0.0917287
Muller_E	4166062	0.315835	0.592435	0.0917305
Muller_E	4166243	0.315825	0.592441	0.0917338
Muller_E	4166628	0.315804	0.592455	0.0917407
Muller_E	4168755	0.31569	0.592531	0.0917787
Muller_E	4172546	0.315488	0.592666	0.0918465
Muller_E	4172827	0.315473	0.592676	0.0918515
Muller_E	4173860	0.315417	0.592713	0.09187
Muller_E	4176100	0.315297	0.592793	0.09191
Muller_E	4176326	0.315285	0.592801	0.0919141
Muller_E	4176826	0.315259	0.592818	0.091923
Muller_E	4177022	0.315248	0.592825	0.0919265
Muller_E	4178339	0.315178	0.592872	0.0919501
Muller_E	4178608	0.315163	0.592882	0.0919549
Muller_E	4179326	0.315125	0.592907	0.0919677
Muller_E	4180712	0.315051	0.592957	0.0919925
Muller_E	4180966	0.315037	0.592966	0.091997
Muller_E	4184926	0.314825	0.593107	0.0920678
Muller_E	4185178	0.314812	0.593116	0.0920723
Muller_E	4185319	0.314804	0.593121	0.0920748
Muller_E	4185532	0.314793	0.593128	0.0920786
Muller_E	4187632	0.314681	0.593203	0.0921161
Muller_E	4188227	0.314649	0.593225	0.0921267
Muller_E	4188670	0.314625	0.59324	0.0921346
Muller_E	4192621	0.314414	0.593381	0.0922052
Muller_E	4193546	0.314364	0.593414	0.0922217
Muller_E	4194407	0.314318	0.593445	0.0922371
Muller_E	4195783	0.314245	0.593494	0.0922617
Muller_E	4196010	0.314232	0.593502	0.0922657
Muller_E	4197440	0.314156	0.593553	0.0922913
Muller_E	4198223	0.314114	0.593581	0.0923052
Muller_E	4199021	0.314071	0.593609	0.0923195
Muller_E	4199203	0.314062	0.593616	0.0923227
Muller_E	4199424	0.31405	0.593623	0.0923267
Muller_E	4199639	0.314038	0.593631	0.0923305
Muller_E	4199983	0.31402	0.593643	0.0923367
Muller_E	4203293	0.313843	0.593761	0.0923958
Muller_E	4205814	0.313708	0.593851	0.0924407
Muller_E	4206134	0.313691	0.593862	0.0924465
Muller_E	4207588	0.313613	0.593914	0.0924724
Muller_E	4210680	0.313448	0.594024	0.0925276
Muller_E	4210928	0.313435	0.594033	0.092532
Muller_E	4211312	0.313414	0.594047	0.0925388
Muller_E	4211755	0.313391	0.594063	0.0925467
Muller_E	4213444	0.3133	0.594123	0.0925769
Muller_E	4216650	0.313129	0.594237	0.0926341
Muller_E	4217058	0.313107	0.594252	0.0926413
Muller_E	4217453	0.313086	0.594266	0.0926484
Muller_E	4217565	0.31308	0.59427	0.0926504
Muller_E	4217669	0.313074	0.594273	0.0926522
Muller_E	4217825	0.313066	0.594279	0.092655
Muller_E	4218923	0.313007	0.594318	0.0926746
Muller_E	4225215	0.312671	0.594542	0.0927868
Muller_E	4232774	0.312267	0.594812	0.0929215
Muller_E	4235298	0.312132	0.594902	0.0929665
Muller_E	4245993	0.31156	0.595283	0.0931569
Muller_E	4252835	0.311195	0.595527	0.0932787
Muller_E	4253725	0.311147	0.595558	0.0932946
Muller_E	4256197	0.311015	0.595646	0.0933386
Muller_E	4261234	0.310746	0.595826	0.0934282
Muller_E	4262892	0.310657	0.595885	0.0934577
Muller_E	4263238	0.310639	0.595897	0.0934638
Muller_E	4263588	0.31062	0.59591	0.0934701
Muller_E	4264621	0.310565	0.595947	0.0934884
Muller_E	4266950	0.31044	0.59603	0.0935298
Muller_E	4267529	0.31041	0.59605	0.0935401
Muller_E	4276223	0.309945	0.59636	0.0936947
Muller_E	4311688	0.308051	0.597625	0.0943244
Muller_E	4311965	0.308036	0.597635	0.0943293
Muller_E	4312254	0.308021	0.597645	0.0943344
Muller_E	4312510	0.308007	0.597654	0.094339
Muller_E	4334492	0.306833	0.598438	0.0947286
Muller_E	4352032	0.305897	0.599064	0.0950391
Muller_E	4353438	0.305822	0.599114	0.095064
Muller_E	4356857	0.30564	0.599236	0.0951245
Muller_E	4360054	0.305469	0.59935	0.095181
Muller_E	4374783	0.304683	0.599875	0.0954414
Muller_E	4374946	0.304675	0.599881	0.0954443
Muller_E	4381350	0.304333	0.60011	0.0955574
Muller_E	4558836	0.294873	0.606452	0.0986753
Muller_E	4562012	0.294704	0.606565	0.0987308
Muller_E	4564083	0.294594	0.60664	0.098767
Muller_E	4564194	0.294588	0.606643	0.0987689
Muller_E	4568491	0.294359	0.606797	0.0988439
Muller_E	4569115	0.294326	0.60682	0.0988548
Muller_E	4569749	0.294292	0.606842	0.0988659
Muller_E	4570340	0.29426	0.606863	0.0988762
Muller_E	4571890	0.294178	0.606919	0.0989033
Muller_E	4572624	0.294139	0.606945	0.0989161
Muller_E	4573491	0.294093	0.606976	0.0989312
Muller_E	4573809	0.294076	0.606988	0.0989368
Muller_E	4577361	0.293887	0.607115	0.0989987
Muller_E	4577462	0.293881	0.607118	0.0990005
Muller_E	4578308	0.293836	0.607149	0.0990153
Muller_E	4580664	0.293711	0.607233	0.0990564
Muller_E	4580954	0.293695	0.607243	0.0990614
Muller_E	4581769	0.293652	0.607273	0.0990756
Muller_E	4581909	0.293644	0.607278	0.0990781
Muller_E	4583019	0.293585	0.607317	0.0990975
Muller_E	4583393	0.293565	0.607331	0.099104
Muller_E	4583516	0.293559	0.607335	0.0991061
Muller_E	4584473	0.293508	0.607369	0.0991228
Muller_E	4589180	0.293257	0.607538	0.0992049
Muller_E	4590247	0.2932	0.607576	0.0992235
Muller_E	4591539	0.293132	0.607622	0.099246
Muller_E	4593253	0.29304	0.607684	0.0992759
Muller_E	4593508	0.293027	0.607693	0.0992803
Muller_E	4593974	0.293002	0.60771	0.0992885
Muller_E	4595111	0.292942	0.60775	0.0993083
Muller_E	4595303	0.292931	0.607757	0.0993116
Muller_E	4597548	0.292812	0.607837	0.0993508
Muller_E	4597833	0.292797	0.607848	0.0993557
Muller_E	4600306	0.292665	0.607936	0.0993988
Muller_E	4607273	0.292294	0.608186	0.0995202
Muller_E	4607398	0.292287	0.60819	0.0995223
Muller_E	4610441	0.292125	0.608299	0.0995753
Muller_E	4611041	0.292093	0.608321	0.0995858
Muller_E	4611562	0.292066	0.608339	0.0995948
Muller_E	4611697	0.292059	0.608344	0.0995972
Muller_E	4612447	0.292019	0.608371	0.0996103
Muller_E	4612733	0.292003	0.608381	0.0996152
Muller_E	4612927	0.291993	0.608388	0.0996186
Muller_E	4613148	0.291981	0.608396	0.0996225
Muller_E	4614502	0.291909	0.608445	0.099646
Muller_E	4615888	0.291836	0.608494	0.0996702
Muller_E	4616173	0.29182	0.608505	0.0996751
Muller_E	4616508	0.291802	0.608517	0.0996809
Muller_E	4616663	0.291794	0.608522	0.0996836
Muller_E	4618190	0.291713	0.608577	0.0997102
Muller_E	4619781	0.291628	0.608634	0.0997379
Muller_E	4622166	0.291501	0.608719	0.0997794
Muller_E	4626314	0.291281	0.608868	0.0998516
Muller_E	4626864	0.291251	0.608888	0.0998611
Muller_E	4627368	0.291224	0.608906	0.0998699
Muller_E	4627488	0.291218	0.60891	0.099872
Muller_E	4633961	0.290874	0.609142	0.0999845
Muller_E	4635834	0.290774	0.609209	0.100017
Muller_E	4636452	0.290741	0.609231	0.100028
Muller_E	4637295	0.290696	0.609261	0.100042
Muller_E	4640891	0.290505	0.60939	0.100105
Muller_E	4645727	0.290247	0.609564	0.100189
Muller_E	4646376	0.290213	0.609587	0.1002
Muller_E	4646798	0.29019	0.609602	0.100208
Muller_E	4653320	0.289843	0.609836	0.100321
Muller_E	4656520	0.289673	0.60995	0.100376
Muller_E	4672665	0.288814	0.610529	0.100657
Muller_E	4674140	0.288736	0.610582	0.100682
Muller_E	4675745	0.28865	0.61064	0.10071
Muller_E	4676485	0.288611	0.610666	0.100723
Muller_E	4677110	0.288578	0.610689	0.100734
Muller_E	4677655	0.288549	0.610708	0.100743
Muller_E	4678986	0.288478	0.610756	0.100766
Muller_E	4680223	0.288412	0.6108	0.100788
Muller_E	4682403	0.288296	0.610879	0.100825
Muller_E	4682621	0.288284	0.610887	0.100829
Muller_E	4684270	0.288197	0.610946	0.100858
Muller_E	4685491	0.288132	0.610989	0.100879
Muller_E	4686019	0.288104	0.611008	0.100888
Muller_E	4687101	0.288046	0.611047	0.100907
Muller_E	4689628	0.287912	0.611138	0.100951
Muller_E	4690052	0.287889	0.611153	0.100958
Muller_E	4690344	0.287874	0.611164	0.100963
Muller_E	4690905	0.287844	0.611184	0.100973
Muller_E	4691125	0.287832	0.611192	0.100976
Muller_E	4691712	0.287801	0.611213	0.100987
Muller_E	4691999	0.287785	0.611223	0.100992
Muller_E	4692111	0.28778	0.611227	0.100994
Muller_E	4693234	0.28772	0.611267	0.101013
Muller_E	4693620	0.287699	0.611281	0.10102
Muller_E	4693753	0.287692	0.611286	0.101022
Muller_E	4694021	0.287678	0.611296	0.101027
Muller_E	4694592	0.287648	0.611316	0.101036
Muller_E	4696429	0.28755	0.611382	0.101068
Muller_E	4696792	0.28753	0.611395	0.101075
Muller_E	4699402	0.287392	0.611489	0.10112
Muller_E	4700957	0.287309	0.611544	0.101147
Muller_E	4702606	0.287221	0.611604	0.101175
Muller_E	4708142	0.286927	0.611802	0.101271
Muller_E	4712097	0.286716	0.611944	0.101339
Muller_E	4713898	0.286621	0.612009	0.101371
Muller_E	4714194	0.286605	0.61202	0.101376
Muller_E	4717094	0.286451	0.612124	0.101426
Muller_E	4717794	0.286413	0.612149	0.101438
Muller_E	4720564	0.286266	0.612248	0.101486
Muller_E	4722390	0.286169	0.612314	0.101517
Muller_E	4727534	0.285895	0.612498	0.101606
Muller_E	4730688	0.285728	0.612612	0.101661
Muller_E	4731377	0.285691	0.612636	0.101673
Muller_E	4732944	0.285608	0.612693	0.1017
Muller_E	4738342	0.28532	0.612887	0.101793
Muller_E	4739398	0.285264	0.612925	0.101811
Muller_E	4742492	0.2851	0.613036	0.101865
Muller_E	4745718	0.284928	0.613152	0.10192
Muller_E	4746457	0.284889	0.613178	0.101933
Muller_E	4748015	0.284806	0.613234	0.10196
Muller_E	4748352	0.284788	0.613246	0.101966
Muller_E	4748630	0.284773	0.613256	0.10197
Muller_E	4751071	0.284644	0.613344	0.102013
Muller_E	4751685	0.284611	0.613366	0.102023
Muller_E	4751817	0.284604	0.613371	0.102025
Muller_E	4752607	0.284562	0.613399	0.102039
Muller_E	4752773	0.284553	0.613405	0.102042
Muller_E	4753826	0.284497	0.613443	0.10206
Muller_E	4754671	0.284452	0.613473	0.102075
Muller_E	4756619	0.284349	0.613543	0.102108
Muller_E	4759191	0.284212	0.613636	0.102153
Muller_E	4761262	0.284102	0.61371	0.102188
Muller_E	4761866	0.28407	0.613732	0.102199
Muller_E	4761985	0.284063	0.613736	0.102201
Muller_E	4763545	0.28398	0.613792	0.102228
Muller_E	4764509	0.283929	0.613827	0.102244
Muller_E	4765595	0.283871	0.613866	0.102263
Muller_E	4766291	0.283834	0.613891	0.102275
Muller_E	4766501	0.283823	0.613898	0.102279
Muller_E	4767354	0.283778	0.613929	0.102293
Muller_E	4769627	0.283657	0.614011	0.102332
Muller_E	4769950	0.28364	0.614022	0.102338
Muller_E	4772288	0.283515	0.614106	0.102378
Muller_E	4773763	0.283437	0.614159	0.102404
Muller_E	4773963	0.283426	0.614167	0.102407
Muller_E	4774375	0.283404	0.614181	0.102414
Muller_E	4774957	0.283373	0.614202	0.102424
Muller_E	4775479	0.283346	0.614221	0.102433
Muller_E	4776619	0.283285	0.614262	0.102453
Muller_E	4779373	0.283139	0.614361	0.1025
Muller_E	4781913	0.283004	0.614452	0.102544
Muller_E	4782620	0.282966	0.614478	0.102556
Muller_E	4783326	0.282928	0.614503	0.102568
Muller_E	4786044	0.282784	0.614601	0.102615
Muller_E	4786690	0.28275	0.614624	0.102626
Muller_E	4789453	0.282603	0.614724	0.102674
Muller_E	4790377	0.282554	0.614757	0.10269
Muller_E	4792360	0.282448	0.614828	0.102724
Muller_E	4792549	0.282438	0.614835	0.102727
Muller_E	4792702	0.28243	0.61484	0.10273
Muller_E	4822723	0.280834	0.615921	0.103245
Muller_E	4832155	0.280333	0.61626	0.103407
Muller_E	4834924	0.280185	0.61636	0.103455
Muller_E	4838041	0.28002	0.616472	0.103508
Muller_E	4839031	0.279967	0.616508	0.103525
Muller_E	4840034	0.279914	0.616544	0.103542
Muller_E	4843722	0.279718	0.616677	0.103606
Muller_E	4844215	0.279692	0.616694	0.103614
Muller_E	4846930	0.279547	0.616792	0.103661
Muller_E	4847984	0.279491	0.61683	0.103679
Muller_E	4849699	0.2794	0.616892	0.103708
Muller_E	4849916	0.279389	0.6169	0.103712
Muller_E	4850646	0.27935	0.616926	0.103724
Muller_E	4851102	0.279325	0.616942	0.103732
Muller_E	4851280	0.279316	0.616949	0.103735
Muller_E	4852753	0.279238	0.617002	0.10376
Muller_E	4853630	0.279191	0.617033	0.103775
Muller_E	4855355	0.279099	0.617096	0.103805
Muller_E	4859608	0.278873	0.617249	0.103878
Muller_E	4860728	0.278814	0.617289	0.103897
Muller_E	4862947	0.278696	0.617369	0.103935
Muller_E	4865598	0.278555	0.617465	0.10398
Muller_E	4865718	0.278549	0.617469	0.103982
Muller_E	4866182	0.278524	0.617486	0.10399
Muller_E	4867670	0.278445	0.617539	0.104016
Muller_E	4869382	0.278354	0.617601	0.104045
Muller_E	4875634	0.278022	0.617826	0.104152
Muller_E	4875860	0.27801	0.617835	0.104156
Muller_E	4876983	0.27795	0.617875	0.104175
Muller_E	4877350	0.27793	0.617888	0.104181
Muller_E	4878065	0.277892	0.617914	0.104194
Muller_E	4879381	0.277822	0.617961	0.104216
Muller_E	4880635	0.277756	0.618007	0.104238
Muller_E	4881487	0.277711	0.618037	0.104252
Muller_E	4881936	0.277687	0.618054	0.10426
Muller_E	4884468	0.277552	0.618145	0.104303
Muller_E	4888342	0.277346	0.618285	0.104369
Muller_E	4889910	0.277263	0.618341	0.104396
Muller_E	4890915	0.277209	0.618377	0.104413
Muller_E	4891113	0.277199	0.618384	0.104417
Muller_E	4891366	0.277186	0.618394	0.104421
Muller_E	4891615	0.277172	0.618403	0.104425
Muller_E	4892655	0.277117	0.61844	0.104443
Muller_E	4894761	0.277005	0.618516	0.104479
Muller_E	4895681	0.276956	0.618549	0.104495
Muller_E	4895913	0.276944	0.618558	0.104499
Muller_E	4896016	0.276938	0.618561	0.1045
