chrom	position	2,0	1,1	0,2
Muller_E	62882	0.542274	0.411232	0.0464941
Muller_E	267432	0.539766	0.420895	0.0393389
Muller_E	441230	0.537745	0.42902	0.0332352
Muller_E	511157	0.536959	0.432269	0.030772
Muller_E	557879	0.536442	0.434434	0.0291236
Muller_E	581000	0.536189	0.435504	0.0283071
Muller_E	709108	0.534816	0.441411	0.023773
Muller_E	768129	0.5342	0.444122	0.021678
Muller_E	785241	0.534024	0.444906	0.0210698
Muller_E	787322	0.534002	0.445002	0.0209958
Muller_E	787424	0.534001	0.445006	0.0209922
Muller_E	788173	0.533994	0.445041	0.0209656
Muller_E	788750	0.533988	0.445067	0.0209451
Muller_E	788860	0.533987	0.445072	0.0209411
Muller_E	791823	0.533956	0.445208	0.0208358
Muller_E	802257	0.533849	0.445686	0.0204647
Muller_E	893794	0.532924	0.449872	0.0172035
Muller_E	894300	0.532919	0.449896	0.0171855
Muller_E	896281	0.532899	0.449986	0.0171148
Muller_E	897287	0.532889	0.450032	0.0170789
Muller_E	897987	0.532882	0.450064	0.0170539
Muller_E	901015	0.532852	0.450202	0.0169458
Muller_E	901718	0.532845	0.450234	0.0169207
Muller_E	923408	0.53263	0.451224	0.0161462
Muller_E	923675	0.532627	0.451236	0.0161367
Muller_E	924320	0.532621	0.451265	0.0161137
Muller_E	927795	0.532587	0.451424	0.0159895
Muller_E	948021	0.532387	0.452346	0.0152666
Muller_E	948230	0.532385	0.452356	0.0152591
Muller_E	958531	0.532284	0.452825	0.0148908
Muller_E	967701	0.532195	0.453243	0.0145627
Muller_E	969142	0.532181	0.453308	0.0145111
Muller_E	1033237	0.531561	0.456224	0.0122149
Muller_E	1120573	0.530736	0.460188	0.00907671
Muller_E	1123171	0.530711	0.460306	0.00898319
Muller_E	1146845	0.530491	0.461378	0.00813054
Muller_E	1148492	0.530476	0.461453	0.00807119
Muller_E	1168315	0.530293	0.46235	0.00735655
Muller_E	1213395	0.529881	0.46439	0.00572914
Muller_E	1262309	0.52944	0.4666	0.00395977
Muller_E	1275111	0.529326	0.467178	0.00349606
Muller_E	1275707	0.682094	0.317658	0.000247386
Muller_E	1314313	0.527217	0.469392	0.00339127
Muller_E	1318297	0.527	0.469618	0.0033824
Muller_E	1358440	0.524814	0.471896	0.00328996
Muller_E	1358616	0.524805	0.471906	0.00328954
Muller_E	1378824	0.523705	0.473054	0.0032409
Muller_E	1480336	0.518184	0.478841	0.00297508
Muller_E	1489232	0.517701	0.479349	0.00295006
Muller_E	1645912	0.509194	0.488343	0.00246315
Muller_E	1673398	0.507703	0.489929	0.00236858
Muller_E	1718642	0.505249	0.492544	0.00220687
Muller_E	1746815	0.503721	0.494176	0.00210235
Muller_E	1763447	0.50282	0.495141	0.00203926
Muller_E	1765039	0.502733	0.495234	0.00203316
Muller_E	1765159	0.502727	0.495241	0.0020327
Muller_E	1765369	0.502715	0.495253	0.0020319
Muller_E	1771226	0.502398	0.495593	0.0020094
Muller_E	1799036	0.50089	0.497209	0.00190079
Muller_E	1802542	0.5007	0.497413	0.00188689
Muller_E	1802678	0.500693	0.497421	0.00188635
Muller_E	1803039	0.500673	0.497442	0.00188491
Muller_E	1803347	0.500657	0.49746	0.00188369
Muller_E	1805518	0.500539	0.497586	0.00187505
Muller_E	1812938	0.500137	0.498018	0.0018454
Muller_E	1813040	0.500131	0.498024	0.001845
Muller_E	1815234	0.500013	0.498151	0.00183619
Muller_E	1815907	0.499976	0.49819	0.00183348
Muller_E	1816383	0.49995	0.498218	0.00183157
Muller_E	1831501	0.499131	0.499099	0.00177032
Muller_E	1850978	0.498076	0.500234	0.00169013
Muller_E	1851905	0.498025	0.500288	0.00168628
Muller_E	1852166	0.498011	0.500304	0.0016852
Muller_E	1857635	0.497715	0.500623	0.0016624
Muller_E	1861157	0.497524	0.500828	0.00164765
Muller_E	1861336	0.497514	0.500839	0.0016469
Muller_E	1861880	0.497485	0.500871	0.00164462
Muller_E	1866595	0.497229	0.501146	0.0016248
Muller_E	1870209	0.497033	0.501357	0.00160955
Muller_E	1871973	0.496938	0.50146	0.00160208
Muller_E	1880064	0.4965	0.501933	0.0015677
Muller_E	1889333	0.495997	0.502475	0.00152801
Muller_E	1891195	0.495896	0.502584	0.00152
Muller_E	1894320	0.495727	0.502766	0.00150652
Muller_E	1900363	0.4954	0.50312	0.00148035
Muller_E	1904375	0.495182	0.503355	0.0014629
Muller_E	1915469	0.494581	0.504004	0.00141431
Muller_E	1927060	0.493953	0.504684	0.00136305
Muller_E	1932459	0.493661	0.505	0.001339
Muller_E	1944351	0.493017	0.505698	0.00128562
Muller_E	1946702	0.492889	0.505836	0.001275
Muller_E	1961660	0.492079	0.506714	0.00120694
Muller_E	1975567	0.491326	0.507531	0.00114289
Muller_E	2011856	0.48936	0.509668	0.000972197
Muller_E	2013122	0.489292	0.509742	0.000966149
Muller_E	2044597	0.487587	0.5116	0.000813768
Muller_E	2048236	0.48739	0.511815	0.000795898
Muller_E	2048434	0.487379	0.511826	0.000794925
Muller_E	2086567	0.485313	0.514082	0.000604494
Muller_E	2103366	0.484403	0.515078	0.00051877
Muller_E	2117584	0.483633	0.515921	0.000445338
Muller_E	2126123	0.483171	0.516428	0.000400848
Muller_E	2135792	0.747715	0.252263	2.18752e-05
Muller_E	2140907	0.481552	0.518096	0.000351952
Muller_E	2141169	0.481496	0.518152	0.000352043
Muller_E	2142715	0.481166	0.518482	0.000352576
Muller_E	2145389	0.480593	0.519053	0.000353478
Muller_E	2146953	0.480259	0.519387	0.000353993
Muller_E	2147057	0.480237	0.519409	0.000354026
Muller_E	2201852	0.468512	0.531121	0.000366166
Muller_E	2204792	0.467883	0.53175	0.00036649
Muller_E	2219543	0.464727	0.534905	0.000367604
Muller_E	2220290	0.464567	0.535065	0.000367638
Muller_E	2241628	0.460002	0.539631	0.000367664
Muller_E	2243471	0.459607	0.540025	0.000367581
Muller_E	2531559	0.542411	0.457561	2.78174e-05
Muller_E	2693610	0.334782	0.664938	0.000280536
Muller_E	2696554	0.333634	0.666084	0.000281321
Muller_E	2706179	0.329882	0.669835	0.000283595
Muller_E	2713009	0.327219	0.672496	0.000284938
Muller_E	2716202	0.325974	0.67374	0.000285487
Muller_E	2721440	0.323932	0.675782	0.000286281
Muller_E	2735475	0.318459	0.681253	0.000287741
Muller_E	2763120	0.307679	0.692034	0.000287736
Muller_E	2777976	0.301884	0.69783	0.000286127
Muller_E	2779619	0.301243	0.698471	0.000285879
Muller_E	2787347	0.298229	0.701486	0.000284525
Muller_E	2788916	0.297617	0.702099	0.000284212
Muller_E	2795398	0.295089	0.704629	0.000282782
Muller_E	2798296	0.293958	0.70576	0.000282071
Muller_E	2799305	0.293564	0.706154	0.000281814
Muller_E	2800245	0.293198	0.706521	0.000281569
Muller_E	2800507	0.293095	0.706623	0.000281499
Muller_E	2800780	0.292989	0.70673	0.000281427
Muller_E	2800932	0.29293	0.706789	0.000281387
Muller_E	2801158	0.292842	0.706877	0.000281326
Muller_E	2805736	0.291056	0.708664	0.000280044
Muller_E	2807233	0.290472	0.709249	0.0002796
Muller_E	2807795	0.290252	0.709468	0.000279431
Muller_E	2808363	0.290031	0.70969	0.000279258
Muller_E	2809031	0.28977	0.709951	0.000279052
Muller_E	2809272	0.289676	0.710045	0.000278977
Muller_E	2809909	0.289428	0.710294	0.000278778
Muller_E	2811470	0.288819	0.710903	0.00027828
Muller_E	2811776	0.288699	0.711023	0.000278181
Muller_E	2812117	0.288566	0.711156	0.00027807
Muller_E	2815676	0.287178	0.712546	0.000276875
Muller_E	2816259	0.28695	0.712773	0.000276673
Muller_E	2817070	0.286634	0.71309	0.000276389
Muller_E	2817616	0.286421	0.713303	0.000276195
Muller_E	2819402	0.285724	0.714001	0.000275552
Muller_E	2820166	0.285426	0.714299	0.000275271
Muller_E	2820386	0.28534	0.714385	0.00027519
Muller_E	2820775	0.285188	0.714537	0.000275045
Muller_E	2821135	0.285048	0.714677	0.00027491
Muller_E	2821440	0.284929	0.714797	0.000274796
Muller_E	2826939	0.282783	0.716944	0.000272645
Muller_E	2831172	0.281131	0.718598	0.000270878
Muller_E	2831515	0.280998	0.718732	0.000270731
Muller_E	2832336	0.280677	0.719052	0.000270375
Muller_E	2833070	0.280391	0.719339	0.000270054
Muller_E	2850717	0.273504	0.726234	0.000261451
Muller_E	2853215	0.272529	0.727211	0.000260095
Muller_E	2856496	0.271249	0.728493	0.000258261
Muller_E	2856945	0.271074	0.728668	0.000258006
Muller_E	2857481	0.270864	0.728878	0.000257699
Muller_E	2858163	0.270598	0.729144	0.000257307
Muller_E	2859754	0.269977	0.729766	0.000256381
Muller_E	2859987	0.269886	0.729857	0.000256245
Muller_E	2862604	0.268865	0.73088	0.000254688
Muller_E	2866488	0.267349	0.732399	0.000252308
Muller_E	2867267	0.267045	0.732703	0.00025182
Muller_E	2868557	0.266541	0.733208	0.000251005
Muller_E	2870085	0.265945	0.733805	0.000250028
Muller_E	2870623	0.265735	0.734015	0.000249681
Muller_E	2876155	0.263576	0.736178	0.000246016
Muller_E	2877151	0.263187	0.736568	0.000245337
Muller_E	2886067	0.259706	0.740055	0.000239016
Muller_E	2886534	0.259524	0.740237	0.000238673
Muller_E	2887599	0.259108	0.740654	0.000237884
Muller_E	2887882	0.258998	0.740765	0.000237674
Muller_E	2888492	0.25876	0.741003	0.000237219
Muller_E	2888607	0.258715	0.741048	0.000237133
Muller_E	2890000	0.258171	0.741593	0.000236084
Muller_E	2890387	0.25802	0.741744	0.000235791
Muller_E	2890907	0.257817	0.741948	0.000235395
Muller_E	2894764	0.256311	0.743457	0.000232414
Muller_E	2899098	0.254619	0.745152	0.000228962
Muller_E	2901481	0.253688	0.746085	0.000227018
Muller_E	2901643	0.253625	0.746148	0.000226885
Muller_E	2902627	0.253241	0.746533	0.000226072
Muller_E	2903432	0.252927	0.746848	0.000225402
Muller_E	2904998	0.252315	0.747461	0.000224089
Muller_E	2905994	0.251926	0.74785	0.000223247
Muller_E	2907134	0.251481	0.748297	0.000222275
Muller_E	2908511	0.250944	0.748835	0.000221092
Muller_E	2909452	0.250576	0.749204	0.000220277
Muller_E	2910160	0.2503	0.749481	0.000219661
Muller_E	2911022	0.249963	0.749818	0.000218906
Muller_E	2911252	0.249873	0.749908	0.000218704
Muller_E	2911992	0.249584	0.750198	0.000218052
Muller_E	2914672	0.248538	0.751247	0.000215663
Muller_E	2915489	0.248219	0.751566	0.000214927
Muller_E	2918585	0.24701	0.752778	0.0002121
Muller_E	2919015	0.246842	0.752946	0.000211703
Muller_E	2919728	0.246563	0.753226	0.000211043
Muller_E	2919971	0.246468	0.753321	0.000210817
Muller_E	2921506	0.245869	0.753922	0.000209382
Muller_E	2922564	0.245456	0.754336	0.000208385
Muller_E	2922707	0.2454	0.754392	0.00020825
Muller_E	2924226	0.244807	0.754986	0.000206806
Muller_E	2925108	0.244462	0.755332	0.000205962
Muller_E	2925552	0.244289	0.755506	0.000205535
Muller_E	2928855	0.242999	0.756799	0.000202322
Muller_E	2930674	0.242289	0.757511	0.000200526
Muller_E	2931258	0.242061	0.75774	0.000199945
Muller_E	2931592	0.24193	0.75787	0.000199612
Muller_E	2931798	0.24185	0.757951	0.000199406
Muller_E	2932326	0.241643	0.758158	0.000198877
Muller_E	2945623	0.23645	0.763365	0.000185018
Muller_E	2945753	0.236399	0.763416	0.000184878
Muller_E	2945878	0.23635	0.763465	0.000184742
Muller_E	2946001	0.236302	0.763513	0.000184609
Muller_E	2955783	0.232481	0.767345	0.000173718
Muller_E	2957997	0.231616	0.768213	0.000171173
Muller_E	2959282	0.231114	0.768716	0.000169682
Muller_E	2959697	0.361883	0.638101	1.57186e-05
Muller_E	2959819	0.230862	0.768969	0.000169557
Muller_E	2960759	0.230166	0.769662	0.000172317
Muller_E	2961667	0.229494	0.770331	0.00017498
Muller_E	2961801	0.229395	0.77043	0.000175373
Muller_E	2963254	0.228319	0.771501	0.000179629
Muller_E	2963568	0.228087	0.771733	0.000180548
Muller_E	2975263	0.219431	0.780354	0.000214537
Muller_E	2976725	0.218349	0.781432	0.000218754
Muller_E	2977784	0.217565	0.782213	0.000221804
Muller_E	2982473	0.214095	0.78567	0.000235263
Muller_E	2984283	0.212755	0.787004	0.000240438
Muller_E	2985483	0.211867	0.787889	0.000243863
Muller_E	2985658	0.211737	0.788018	0.000244362
Muller_E	2985908	0.211552	0.788202	0.000245075
Muller_E	2987685	0.210237	0.789513	0.000250135
Muller_E	2992894	0.206382	0.793353	0.000264903
Muller_E	2993313	0.206072	0.793662	0.000266087
Muller_E	2993798	0.205713	0.79402	0.000267456
Muller_E	2994137	0.205462	0.79427	0.000268413
Muller_E	2994487	0.205203	0.794528	0.000269401
Muller_E	2994615	0.205108	0.794622	0.000269762
Muller_E	2995123	0.204732	0.794997	0.000271194
Muller_E	2995701	0.204304	0.795423	0.000272822
Muller_E	2996048	0.204047	0.795679	0.000273799
Muller_E	2996738	0.203537	0.796188	0.00027574
Muller_E	2996880	0.203431	0.796292	0.00027614
Muller_E	2997113	0.203259	0.796464	0.000276795
Muller_E	2999116	0.201776	0.797941	0.000282418
Muller_E	2999459	0.201523	0.798194	0.00028338
Muller_E	3001420	0.200071	0.79964	0.000288869
Muller_E	3001578	0.199954	0.799757	0.000289311
Muller_E	3001696	0.199867	0.799844	0.00028964
Muller_E	3002579	0.199213	0.800495	0.000292107
Muller_E	3003095	0.198831	0.800875	0.000293547
Muller_E	3003540	0.198502	0.801203	0.000294788
Muller_E	3004120	0.198073	0.801631	0.000296404
Muller_E	3005221	0.197258	0.802443	0.000299469
Muller_E	3007967	0.195225	0.804468	0.000307094
Muller_E	3012773	0.191668	0.808012	0.000320374
Muller_E	3013331	0.191255	0.808423	0.00032191
Muller_E	3013618	0.191042	0.808635	0.0003227
Muller_E	3014080	0.1907	0.808976	0.00032397
Muller_E	3014783	0.19018	0.809494	0.000325902
Muller_E	3016296	0.18906	0.81061	0.000330053
Muller_E	3017214	0.188381	0.811287	0.000332568
Muller_E	3018320	0.187562	0.812102	0.000335594
Muller_E	3018982	0.187072	0.812591	0.000337402
Muller_E	3019303	0.186834	0.812827	0.000338279
Muller_E	3019831	0.186443	0.813217	0.00033972
Muller_E	3021834	0.184961	0.814694	0.000345176
Muller_E	3021944	0.184879	0.814775	0.000345475
Muller_E	3023127	0.184004	0.815648	0.00034869
Muller_E	3024474	0.183007	0.816641	0.000352344
Muller_E	3024813	0.182756	0.816891	0.000353263
Muller_E	3029421	0.179345	0.82029	0.000365705
Muller_E	3029834	0.179039	0.820594	0.000366816
Muller_E	3030101	0.178841	0.820791	0.000367534
Muller_E	3033200	0.176547	0.823077	0.000375847
Muller_E	3033901	0.176028	0.823594	0.000377723
Muller_E	3034073	0.175901	0.823721	0.000378183
Muller_E	3036032	0.174451	0.825166	0.000383412
Muller_E	3038305	0.172768	0.826842	0.000389461
Muller_E	3041816	0.170169	0.829432	0.000398764
Muller_E	3044683	0.168047	0.831547	0.000406325
Muller_E	3046757	0.166512	0.833077	0.000411774
Muller_E	3046887	0.166415	0.833172	0.000412115
Muller_E	3047900	0.165666	0.83392	0.000414769
Muller_E	3048135	0.165492	0.834093	0.000415385
Muller_E	3050664	0.163619	0.835959	0.000421992
Muller_E	3051698	0.162854	0.836721	0.000424686
Muller_E	3051968	0.162654	0.836921	0.000425388
Muller_E	3052635	0.16216	0.837413	0.000427123
Muller_E	3053197	0.161744	0.837827	0.000428583
Muller_E	3056428	0.159352	0.840211	0.000436953
Muller_E	3056712	0.159142	0.84042	0.000437687
Muller_E	3058398	0.157894	0.841664	0.000442036
Muller_E	3059687	0.15694	0.842615	0.000445352
Muller_E	3061511	0.155589	0.843961	0.000450034
Muller_E	3062406	0.154927	0.844621	0.000452327
Muller_E	3062537	0.15483	0.844718	0.000452662
Muller_E	3100018	0.12708	0.872375	0.000545574
Muller_E	3100718	0.126561	0.872892	0.000547251
Muller_E	3112367	0.117936	0.88149	0.000574829
Muller_E	3112987	0.117476	0.881947	0.00057628
Muller_E	3113420	0.117156	0.882267	0.000577292
Muller_E	3116107	0.115166	0.88425	0.000583552
Muller_E	3119432	0.0195059	0.97929	0.00120365
Muller_E	3119714	0.112672	0.886736	0.000591347
Muller_E	3120862	0.112543	0.886865	0.000591726
Muller_E	3122265	0.112385	0.887023	0.000592176
Muller_E	3123364	0.112261	0.887146	0.000592519
Muller_E	3124138	0.112174	0.887233	0.000592755
Muller_E	3127464	0.111799	0.887607	0.000593724
Muller_E	3128767	0.111652	0.887754	0.000594083
Muller_E	3128895	0.111638	0.887768	0.000594117
Muller_E	3129611	0.111557	0.887849	0.000594309
Muller_E	3129743	0.111542	0.887864	0.000594344
Muller_E	3130171	0.111494	0.887912	0.000594456
Muller_E	3131529	0.111341	0.888064	0.000594804
Muller_E	3137674	0.110648	0.888756	0.000596217
Muller_E	3139976	0.110388	0.889015	0.000596678
Muller_E	3143168	0.110028	0.889374	0.000597257
Muller_E	3169152	0.107096	0.892305	0.000599314
Muller_E	3170575	0.106935	0.892466	0.00059929
Muller_E	3173857	0.106564	0.892837	0.00059918
Muller_E	3192801	0.104423	0.89498	0.000597064
Muller_E	3194086	0.104277	0.895126	0.000596829
Muller_E	3194230	0.104261	0.895142	0.000596802
Muller_E	3207603	0.102748	0.896658	0.000593648
Muller_E	3207708	0.102736	0.89667	0.000593619
Muller_E	3208070	0.102695	0.896711	0.000593515
Muller_E	3208369	0.102661	0.896745	0.000593429
Muller_E	3208507	0.102646	0.896761	0.00059339
Muller_E	3208706	0.102623	0.896783	0.000593332
Muller_E	3210124	0.102463	0.896944	0.000592912
Muller_E	3211254	0.102335	0.897073	0.000592568
Muller_E	3212088	0.10224	0.897167	0.000592308
Muller_E	3216063	0.10179	0.897619	0.000591
Muller_E	3216461	0.101745	0.897664	0.000590863
Muller_E	3217109	0.101672	0.897738	0.000590637
Muller_E	3217441	0.101634	0.897775	0.000590521
Muller_E	3217706	0.101604	0.897805	0.000590427
Muller_E	3217825	0.101591	0.897819	0.000590385
Muller_E	3218354	0.101531	0.897879	0.000590196
Muller_E	3219292	0.101425	0.897986	0.000589855
Muller_E	3219763	0.101371	0.898039	0.000589682
Muller_E	3221459	0.101179	0.898232	0.000589046
Muller_E	3222112	0.101105	0.898306	0.000588795
Muller_E	3223012	0.101003	0.898408	0.000588445
Muller_E	3223549	0.100942	0.898469	0.000588233
Muller_E	3224815	0.100799	0.898613	0.000587726
Muller_E	3226800	0.100574	0.898839	0.000586908
Muller_E	3229718	0.100243	0.899171	0.000585654
Muller_E	3240322	0.0990413	0.900378	0.000580589
Muller_E	3240918	0.0989738	0.900446	0.000580281
Muller_E	3241273	0.0989335	0.900486	0.000580096
Muller_E	3247835	0.0981892	0.901234	0.000576516
Muller_E	3251442	0.09778	0.901646	0.000574417
Muller_E	3252203	0.0976937	0.901732	0.000573962
Muller_E	3254014	0.0974882	0.901939	0.000572864
Muller_E	3254518	0.097431	0.901996	0.000572554
Muller_E	3255141	0.0973603	0.902068	0.000572168
Muller_E	3255365	0.0973348	0.902093	0.000572029
Muller_E	3259142	0.0969061	0.902524	0.000569626
Muller_E	3259935	0.0968161	0.902615	0.000569108
Muller_E	3262497	0.0965253	0.902907	0.000567406
Muller_E	3263708	0.0963878	0.903046	0.000566585
Muller_E	3264644	0.0962815	0.903153	0.000565943
Muller_E	3266132	0.0961125	0.903323	0.000564909
Muller_E	3266579	0.0960618	0.903374	0.000564596
Muller_E	3266806	0.096036	0.9034	0.000564436
Muller_E	3269029	0.0957835	0.903654	0.000562852
Muller_E	3271700	0.0954801	0.903959	0.000560902
Muller_E	3271881	0.0242583	0.974067	0.00167512
Muller_E	3273894	0.0954298	0.904019	0.000551233
Muller_E	3275081	0.0954122	0.904042	0.000545597
Muller_E	3275989	0.0953988	0.90406	0.000541279
Muller_E	3278049	0.0953682	0.9041	0.00053146
Muller_E	3280894	0.095326	0.904156	0.000517849
Muller_E	3282107	0.095308	0.90418	0.000512027
Muller_E	3282973	0.0952952	0.904197	0.000507865
Muller_E	3284532	0.095272	0.904228	0.000500358
Muller_E	3291321	0.0951709	0.904362	0.000467462
Muller_E	3291878	0.0951626	0.904373	0.000464748
Muller_E	3293351	0.0951406	0.904402	0.000457561
Muller_E	3293759	0.0951345	0.90441	0.000455567
Muller_E	3304917	0.0949675	0.904632	0.00040058
Muller_E	3306663	0.0949413	0.904667	0.000391894
Muller_E	3306880	0.094938	0.904671	0.000390813
Muller_E	3310127	0.0948893	0.904736	0.000374596
Muller_E	3312301	0.0948566	0.90478	0.000363696
Muller_E	3312718	0.0948503	0.904788	0.000361601
Muller_E	3318766	0.0947591	0.90491	0.000331077
Muller_E	3323588	0.0946863	0.905007	0.000306551
Muller_E	3324201	0.094677	0.90502	0.000303422
Muller_E	3324656	0.0946701	0.905029	0.000301097
Muller_E	3325091	0.164024	0.835942	3.42529e-05
Muller_E	3326084	0.0946186	0.905082	0.000299861
Muller_E	3326190	0.0946138	0.905086	0.000299966
Muller_E	3330218	0.0944316	0.905265	0.000303899
Muller_E	3334866	0.0942212	0.905471	0.000308292
Muller_E	3337545	0.0940998	0.905589	0.000310753
Muller_E	3340268	0.0939764	0.90571	0.000313202
Muller_E	3340480	0.0939668	0.90572	0.00031339
Muller_E	3410593	0.0907731	0.908869	0.000357816
Muller_E	3431230	0.0898269	0.909809	0.00036409
Muller_E	3437416	0.0895428	0.910092	0.000365366
Muller_E	3456916	0.0886454	0.910987	0.000367564
Muller_E	3457694	0.0886095	0.911023	0.000367594
Muller_E	3459001	0.0885493	0.911083	0.000367635
Muller_E	3462300	0.0883972	0.911235	0.000367682
Muller_E	3464519	0.0882948	0.911338	0.000367669
Muller_E	3464673	0.0882877	0.911345	0.000367667
Muller_E	3477602	0.0876907	0.911942	0.000366862
Muller_E	3525631	0.0854631	0.914184	0.000353159
Muller_E	3546828	0.0844752	0.915183	0.000341732
Muller_E	3557059	0.0839972	0.915668	0.000335035
Muller_E	3566467	0.0835571	0.916115	0.000328197
Muller_E	3572057	0.0832954	0.916381	0.000323826
Muller_E	3572168	0.0832902	0.916386	0.000323736
Muller_E	3579272	0.0829572	0.916725	0.000317843
Muller_E	3579502	0.0829464	0.916736	0.000317646
Muller_E	3582419	0.0828096	0.916875	0.000315114
Muller_E	3590131	0.0824475	0.917244	0.000308116
Muller_E	3605233	0.0817374	0.917969	0.000293142
Muller_E	3610748	0.0814777	0.918235	0.000287254
Muller_E	3611776	0.0814293	0.918285	0.000286132
Muller_E	3615071	0.081274	0.918443	0.000282482
Muller_E	3617701	0.08115	0.91857	0.000279511
Muller_E	3617818	0.0811445	0.918576	0.000279378
Muller_E	3617948	0.0811384	0.918582	0.000279229
Muller_E	3623404	0.080881	0.918846	0.000272893
Muller_E	3630035	0.0805679	0.919167	0.000264896
Muller_E	3631532	0.0804972	0.91924	0.000263045
Muller_E	3634067	0.0803774	0.919363	0.000259874
Muller_E	3642157	0.0799948	0.919756	0.000249435
Muller_E	3643438	0.0799342	0.919818	0.000247738
Muller_E	3645674	0.0798283	0.919927	0.000244746
Muller_E	3652519	0.171636	0.828293	7.10813e-05
Muller_E	3655257	0.0791625	0.9206	0.000237447
Muller_E	3657953	0.0788261	0.920934	0.000239453
Muller_E	3660200	0.0785457	0.921213	0.000241084
Muller_E	3665461	0.0778891	0.921866	0.00024476
Muller_E	3670065	0.0773143	0.922438	0.000247812
Muller_E	3757777	0.0663364	0.933387	0.000276299
Muller_E	3766114	0.0652902	0.934434	0.000276054
Muller_E	3770199	0.0647774	0.934947	0.000275745
Muller_E	3771242	0.0646465	0.935078	0.000275647
Muller_E	3775369	0.0641282	0.935597	0.000275177
Muller_E	3781958	0.0633007	0.936425	0.000274164
Muller_E	3788305	0.0625032	0.937224	0.000272883
Muller_E	3788531	0.0624748	0.937252	0.000272832
Muller_E	3788717	0.0624514	0.937276	0.000272789
Muller_E	3791492	0.0621026	0.937625	0.000272126
Muller_E	3791929	0.0620477	0.93768	0.000272016
Muller_E	3794089	0.0617762	0.937952	0.000271453
Muller_E	3798034	0.0612802	0.938449	0.000270335
Muller_E	3805877	0.0602939	0.939438	0.000267766
Muller_E	3808116	0.0600122	0.939721	0.000266948
Muller_E	3837593	0.0563007	0.943447	0.000252671
Muller_E	3889492	0.0497511	0.950037	0.000211592
Muller_E	3892070	0.0494253	0.950366	0.000209019
Muller_E	3892768	0.049337	0.950455	0.000208313
Muller_E	3893846	0.0492008	0.950592	0.000207216
Muller_E	3895236	0.049025	0.950769	0.000205789
Muller_E	3896701	0.0488398	0.950956	0.000204268
Muller_E	3964144	0.0402959	0.959588	0.000116463
Muller_E	3964249	0.0402826	0.959601	0.000116299
Muller_E	3964701	0.0402252	0.959659	0.000115592
Muller_E	3965335	0.0401447	0.959741	0.000114598
Muller_E	3965537	0.0401191	0.959767	0.000114281
Muller_E	3971184	0.0394021	0.960493	0.000105278
Muller_E	4005791	0.0350031	0.964952	4.47025e-05
Muller_E	4007537	0.034781	0.965178	4.13993e-05
Muller_E	4008073	0.0347127	0.965247	4.03805e-05
Muller_E	4008732	0.0346289	0.965332	3.91248e-05
Muller_E	4009275	0.0345598	0.965402	3.80876e-05
Muller_E	4009794	0.0344937	0.965469	3.70941e-05
Muller_E	4010462	0.0344087	0.965555	3.58123e-05
Muller_E	4011246	0.0343089	0.965657	3.43034e-05
Muller_E	4011350	0.0630654	0.936931	3.46501e-06
Muller_E	4011743	0.0342003	0.965765	3.4271e-05
Muller_E	4012926	0.0339132	0.966052	3.477e-05
Muller_E	4015010	0.0334075	0.966557	3.56228e-05
Muller_E	4015956	0.0331779	0.966786	3.59989e-05
Muller_E	4016731	0.0329898	0.966974	3.63019e-05
Muller_E	4017133	0.0328922	0.967071	3.64573e-05
Muller_E	4017640	0.00593195	0.993999	6.86997e-05
Muller_E	4021078	0.0326321	0.967332	3.62992e-05
Muller_E	4021876	0.0326003	0.967364	3.62043e-05
Muller_E	4022513	0.0325749	0.967389	3.61249e-05
Muller_E	4022928	0.0325583	0.967406	3.60715e-05
Muller_E	4024532	0.0324943	0.96747	3.58523e-05
Muller_E	4024639	0.0324901	0.967474	3.5837e-05
Muller_E	4025270	0.0324649	0.967499	3.57448e-05
Muller_E	4027169	0.0323891	0.967575	3.54484e-05
Muller_E	4027437	0.0323784	0.967586	3.54043e-05
Muller_E	4027764	0.0323653	0.967599	3.53497e-05
Muller_E	4029270	0.0323052	0.96766	3.50876e-05
Muller_E	4032202	0.0321881	0.967777	3.45263e-05
Muller_E	4032327	0.0321831	0.967782	3.45009e-05
Muller_E	4033521	0.0321353	0.96783	3.42519e-05
Muller_E	4033797	0.0321243	0.967841	3.41928e-05
Muller_E	4036360	0.0320218	0.967945	3.36151e-05
Muller_E	4037138	0.0319907	0.967976	3.34296e-05
Muller_E	4037610	0.0319718	0.967995	3.33147e-05
Muller_E	4040496	0.0318564	0.968111	3.25745e-05
Muller_E	4040949	0.0318382	0.968129	3.24524e-05
Muller_E	4045900	0.03164	0.968329	3.10131e-05
Muller_E	4046078	0.0316329	0.968336	3.09577e-05
Muller_E	4046843	0.0316022	0.968367	3.07171e-05
Muller_E	4047581	0.0315726	0.968397	3.04807e-05
Muller_E	4048275	0.0315448	0.968425	3.02545e-05
Muller_E	4048700	0.0315278	0.968442	3.01141e-05
Muller_E	4053592	0.0313316	0.96864	2.83961e-05
Muller_E	4056223	0.031226	0.968747	2.73946e-05
Muller_E	4056545	0.0312131	0.96876	2.72683e-05
Muller_E	4056951	0.0311968	0.968776	2.71079e-05
Muller_E	4057601	0.0311707	0.968802	2.68484e-05
Muller_E	4057720	0.0311659	0.968807	2.68006e-05
Muller_E	4058043	0.0311529	0.96882	2.66701e-05
Muller_E	4058149	0.0311487	0.968825	2.66271e-05
Muller_E	4058704	0.0311264	0.968847	2.64005e-05
Muller_E	4059417	0.0310978	0.968876	2.61059e-05
Muller_E	4059965	0.0310757	0.968898	2.58768e-05
Muller_E	4061381	0.0310189	0.968956	2.52738e-05
Muller_E	4061745	0.0310042	0.968971	2.51163e-05
Muller_E	4062020	0.0309932	0.968982	2.49966e-05
Muller_E	4062507	0.0309736	0.969002	2.47831e-05
Muller_E	4062941	0.0309562	0.969019	2.45913e-05
Muller_E	4064035	0.0570107	0.942987	2.456e-06
Muller_E	4064680	0.0308606	0.969114	2.50171e-05
Muller_E	4064829	0.0308486	0.969126	2.52282e-05
Muller_E	4065474	0.030797	0.969177	2.614e-05
Muller_E	4065574	0.030789	0.969185	2.62811e-05
Muller_E	4066028	0.0307526	0.96922	2.69206e-05
Muller_E	4067541	0.0306315	0.969339	2.90404e-05
Muller_E	4067967	0.0305974	0.969373	2.9634e-05
Muller_E	4068535	0.0305519	0.969418	3.04234e-05
Muller_E	4069245	0.030495	0.969474	3.14066e-05
Muller_E	4070105	0.0304262	0.969541	3.25923e-05
Muller_E	4071088	0.0303474	0.969619	3.39405e-05
Muller_E	4071641	0.0303031	0.969662	3.46957e-05
Muller_E	4072126	0.0302643	0.9697	3.53561e-05
Muller_E	4072768	0.0302128	0.969751	3.62275e-05
Muller_E	4072973	0.0301964	0.969767	3.65051e-05
Muller_E	4073359	0.0301655	0.969797	3.70268e-05
Muller_E	4075135	0.0300232	0.969937	3.94126e-05
Muller_E	4075254	0.0300137	0.969947	3.95716e-05
Muller_E	4076053	0.0299496	0.97001	4.06363e-05
Muller_E	4077160	0.0298609	0.970097	4.21032e-05
Muller_E	4078165	0.0297804	0.970176	4.34267e-05
Muller_E	4078690	0.0297383	0.970218	4.4115e-05
Muller_E	4078900	0.0297215	0.970234	4.43897e-05
Muller_E	4079010	0.0297126	0.970243	4.45335e-05
Muller_E	4079297	0.0296896	0.970265	4.49081e-05
Muller_E	4081728	0.0294947	0.970457	4.8056e-05
Muller_E	4082079	0.0294666	0.970485	4.85067e-05
Muller_E	4083988	0.0293135	0.970636	5.09414e-05
Muller_E	4085715	0.029175	0.970772	5.31197e-05
Muller_E	4089306	0.0288869	0.971056	5.75751e-05
Muller_E	4089803	0.028847	0.971095	5.81839e-05
Muller_E	4092778	0.0286083	0.97133	6.17879e-05
Muller_E	4092894	0.028599	0.971339	6.1927e-05
Muller_E	4098915	0.0281156	0.971815	6.90057e-05
Muller_E	4109650	0.027253	0.972666	8.09289e-05
Muller_E	4113217	0.0269662	0.972949	8.46926e-05
Muller_E	4113538	0.0269404	0.972975	8.50265e-05
Muller_E	4114422	0.0268693	0.973045	8.59417e-05
Muller_E	4114803	0.0268387	0.973075	8.63343e-05
Muller_E	4115118	0.0268133	0.9731	8.66581e-05
Muller_E	4116856	0.0266735	0.973238	8.84304e-05
Muller_E	4117074	0.026656	0.973255	8.86511e-05
Muller_E	4117473	0.0266239	0.973287	8.9054e-05
Muller_E	4118970	0.0265034	0.973406	9.05546e-05
Muller_E	4121851	0.0262716	0.973635	9.33935e-05
Muller_E	4122071	0.0262539	0.973652	9.36076e-05
Muller_E	4122393	0.026228	0.973678	9.39204e-05
Muller_E	4122818	0.0261938	0.973712	9.43319e-05
Muller_E	4124318	0.026073	0.973831	9.57731e-05
Muller_E	4124418	0.026065	0.973839	9.58686e-05
Muller_E	4126492	0.025898	0.974004	9.78309e-05
Muller_E	4127527	0.0258147	0.974087	9.87976e-05
Muller_E	4127720	0.0257991	0.974102	9.8977e-05
Muller_E	4128101	0.0257684	0.974132	9.93302e-05
Muller_E	4128234	0.0257577	0.974143	9.94532e-05
Muller_E	4130334	0.0255886	0.97431	0.000101378
Muller_E	4132221	0.0254366	0.97446	0.000103077
Muller_E	4134741	0.0252336	0.974661	0.000105304
Muller_E	4134982	0.0252141	0.97468	0.000105515
Muller_E	4136547	0.025088	0.974805	0.00010687
Muller_E	4140224	0.0247916	0.975098	0.000109978
Muller_E	4140902	0.024737	0.975152	0.00011054
Muller_E	4141485	0.02469	0.975199	0.00011102
Muller_E	4143836	0.0245004	0.975387	0.00011293
Muller_E	4144350	0.0244589	0.975428	0.000113341
Muller_E	4144848	0.0244187	0.975468	0.000113738
Muller_E	4150850	0.0239345	0.975947	0.00011837
Muller_E	4151927	0.0745711	0.925417	1.1588e-05
Muller_E	4154621	0.0231212	0.97673	0.000149237
Muller_E	4159745	0.0217394	0.978054	0.000206326
Muller_E	4159958	0.021682	0.978109	0.000208696
Muller_E	4160923	0.0214218	0.978359	0.000219433
Muller_E	4161787	0.0211888	0.978582	0.000229042
Muller_E	4162162	0.0210876	0.978679	0.000233211
Muller_E	4163984	0.0205963	0.97915	0.000253459
Muller_E	4164218	0.0205332	0.979211	0.000256058
Muller_E	4164859	0.0203603	0.979377	0.000263177
Muller_E	4165033	0.0203134	0.979422	0.00026511
Muller_E	4165157	0.0202799	0.979454	0.000266486
Muller_E	4165383	0.020219	0.979512	0.000268996
Muller_E	4165808	0.0201044	0.979622	0.000273713
Muller_E	4165958	0.0200639	0.979661	0.000275378
Muller_E	4166062	0.0200359	0.979688	0.000276533
Muller_E	4166243	0.019987	0.979734	0.000278541
Muller_E	4166628	0.0198832	0.979834	0.000282814
Muller_E	4168755	0.0193095	0.980384	0.000306404
Muller_E	4172546	0.0039422	0.995426	0.000631667
Muller_E	4172827	0.0182713	0.981379	0.000350091
Muller_E	4173860	0.0182133	0.98143	0.000356324
Muller_E	4176100	0.0180875	0.981543	0.000369811
Muller_E	4176326	0.0180748	0.981554	0.000371169
Muller_E	4176826	0.0180468	0.981579	0.000374174
Muller_E	4177022	0.0180358	0.981589	0.000375351
Muller_E	4178339	0.0179618	0.981655	0.000383254
Muller_E	4178608	0.0179467	0.981668	0.000384867
Muller_E	4179326	0.0179064	0.981704	0.000389168
Muller_E	4180712	0.0178285	0.981774	0.00039746
Muller_E	4180966	0.0178143	0.981787	0.000398979
Muller_E	4184926	0.0175917	0.981986	0.000422583
Muller_E	4185178	0.0175776	0.981998	0.000424081
Muller_E	4185319	0.0175696	0.982005	0.000424919
Muller_E	4185532	0.0175577	0.982016	0.000426185
Muller_E	4187632	0.0174396	0.982122	0.000438644
Muller_E	4188227	0.0174061	0.982152	0.000442169
Muller_E	4188670	0.0173812	0.982174	0.000444791
Muller_E	4192621	0.017159	0.982373	0.000468111
Muller_E	4193546	0.0171069	0.98242	0.000473553
Muller_E	4194407	0.0170585	0.982463	0.000478613
Muller_E	4195783	0.016981	0.982532	0.000486688
Muller_E	4196010	0.0169683	0.982544	0.000488019
Muller_E	4197440	0.0168878	0.982616	0.000496394
Muller_E	4198223	0.0168437	0.982655	0.000500972
Muller_E	4199021	0.0167987	0.982696	0.000505634
Muller_E	4199203	0.0167885	0.982705	0.000506697
Muller_E	4199424	0.016776	0.982716	0.000507986
Muller_E	4199639	0.0167639	0.982727	0.000509241
Muller_E	4199983	0.0167446	0.982744	0.000511247
Muller_E	4203293	0.0165581	0.982911	0.000530508
Muller_E	4205814	0.016416	0.983039	0.000545121
Muller_E	4206134	0.016398	0.983055	0.000546973
Muller_E	4207588	0.016316	0.983129	0.000555376
Muller_E	4210680	0.0161417	0.983285	0.000573192
Muller_E	4210928	0.0161277	0.983298	0.000574617
Muller_E	4211312	0.016106	0.983317	0.000576824
Muller_E	4211755	0.016081	0.98334	0.000579369
Muller_E	4213444	0.0159858	0.983425	0.000589056
Muller_E	4216650	0.0158048	0.983588	0.000607385
Muller_E	4217058	0.0157818	0.983608	0.000609712
Muller_E	4217453	0.0157595	0.983629	0.000611963
Muller_E	4217565	0.0157532	0.983634	0.000612601
Muller_E	4217669	0.0157473	0.983639	0.000613194
Muller_E	4217825	0.0157385	0.983647	0.000614082
Muller_E	4218923	0.0156765	0.983703	0.000620332
Muller_E	4225215	0.0153211	0.984023	0.000655967
Muller_E	4232774	0.0148937	0.984408	0.00069838
Muller_E	4235298	0.0147509	0.984537	0.000712445
Muller_E	4245993	0.0141453	0.985083	0.000771504
Muller_E	4252835	0.0137575	0.985434	0.00080883
Muller_E	4253725	0.013707	0.985479	0.000813659
Muller_E	4256197	0.0135667	0.985606	0.00082704
Muller_E	4261234	0.0132808	0.985865	0.000854161
Muller_E	4262892	0.0131867	0.98595	0.000863046
Muller_E	4263238	0.013167	0.985968	0.000864898
Muller_E	4263588	0.0131472	0.985986	0.00086677
Muller_E	4264621	0.0130885	0.986039	0.000872289
Muller_E	4266950	0.0129562	0.986159	0.000884704
Muller_E	4267529	0.0129233	0.986189	0.000887784
Muller_E	4276223	0.0124289	0.986637	0.000933723
Muller_E	4311688	0.0104065	0.988478	0.00111513
Muller_E	4311965	0.0103906	0.988493	0.00111651
Muller_E	4312254	0.0103741	0.988508	0.00111795
Muller_E	4312510	0.0018453	0.996098	0.00205624
Muller_E	4334492	0.0102217	0.988623	0.00115544
Muller_E	4352032	0.0101091	0.988709	0.00118157
Muller_E	4353438	0.0101	0.988716	0.00118356
Muller_E	4356857	0.0100777	0.988734	0.00118833
Muller_E	4360054	0.0300011	0.969822	0.000177147
Muller_E	4374783	0.00960796	0.988915	0.00147685
Muller_E	4374946	0.00960299	0.988917	0.00147999
Muller_E	4381350	0.00940735	0.98899	0.00160303
Muller_E	4558836	0.00386559	0.991242	0.0048927
Muller_E	4562012	0.00376431	0.991286	0.00494945
Muller_E	4564083	0.00369823	0.991315	0.00498642
Muller_E	4564194	0.00369469	0.991317	0.0049884
Muller_E	4568491	0.00355748	0.991378	0.00506499
Muller_E	4569115	0.00353754	0.991386	0.00507611
Muller_E	4569749	0.00351728	0.991395	0.00508739
Muller_E	4570340	0.0034984	0.991404	0.00509791
Muller_E	4571890	0.00344885	0.991426	0.00512549
Muller_E	4572624	0.00342538	0.991436	0.00513854
Muller_E	4573491	0.00339765	0.991448	0.00515395
Muller_E	4573809	0.00338748	0.991453	0.0051596
Muller_E	4577361	0.00327381	0.991504	0.00522268
Muller_E	4577462	0.00327058	0.991505	0.00522447
Muller_E	4578308	0.00324349	0.991517	0.00523948
Muller_E	4580664	0.00316803	0.991551	0.00528124
Muller_E	4580954	0.00315874	0.991555	0.00528638
Muller_E	4581769	0.00313263	0.991567	0.00530082
Muller_E	4581909	0.00312814	0.991569	0.0053033
Muller_E	4583019	0.00309257	0.991584	0.00532295
Muller_E	4583393	0.00308058	0.99159	0.00532957
Muller_E	4583516	0.00307663	0.991592	0.00533175
Muller_E	4584473	0.00304595	0.991605	0.00534869
Muller_E	4589180	0.00289494	0.991673	0.00543188
Muller_E	4590247	0.00286068	0.991689	0.00545072
Muller_E	4591539	0.00281919	0.991707	0.00547351
Muller_E	4593253	0.00276413	0.991732	0.00550374
Muller_E	4593508	0.00275594	0.991736	0.00550823
Muller_E	4593974	0.00274096	0.991743	0.00551644
Muller_E	4595111	0.00270442	0.991759	0.00553648
Muller_E	4595303	0.00269825	0.991762	0.00553986
Muller_E	4597548	0.00262606	0.991795	0.00557938
Muller_E	4597833	0.0026169	0.991799	0.00558439
Muller_E	4600306	0.00253733	0.991835	0.00562788
Muller_E	4607273	0.00231293	0.991937	0.00575015
Muller_E	4607398	0.00230891	0.991939	0.00575234
Muller_E	4610441	0.00221078	0.991984	0.00580562
Muller_E	4611041	0.00219142	0.991992	0.00581612
Muller_E	4611562	0.00217461	0.992	0.00582524
Muller_E	4611697	0.00217026	0.992002	0.0058276
Muller_E	4612447	0.00214606	0.992013	0.00584072
Muller_E	4612733	0.00213683	0.992017	0.00584572
Muller_E	4612927	0.00213056	0.99202	0.00584911
Muller_E	4613148	0.00212343	0.992024	0.00585297
Muller_E	4614502	0.00207972	0.992044	0.00587663
Muller_E	4615888	0.00203496	0.992064	0.00590084
Muller_E	4616173	0.00202576	0.992068	0.00590582
Muller_E	4616508	0.00201494	0.992073	0.00591166
Muller_E	4616663	0.00200993	0.992076	0.00591437
Muller_E	4618190	0.00196059	0.992098	0.00594101
Muller_E	4619781	0.00190917	0.992122	0.00596876
Muller_E	4622166	0.00183205	0.992158	0.00601031
Muller_E	4626314	0.00169782	0.99222	0.00608248
Muller_E	4626864	0.00168002	0.992228	0.00609204
Muller_E	4627368	0.0016637	0.992236	0.0061008
Muller_E	4627488	0.00165981	0.992237	0.00610288
Muller_E	4633961	0.00145003	0.992335	0.0062152
Muller_E	4635834	0.00138928	0.992363	0.00624764
Muller_E	4636452	0.00136922	0.992372	0.00625833
Muller_E	4637295	0.00134187	0.992385	0.00627292
Muller_E	4640891	0.0012251	0.99244	0.0063351
Muller_E	4645727	0.00106793	0.992514	0.00641856
Muller_E	4646376	0.00104682	0.992523	0.00642974
Muller_E	4646798	0.0010331	0.99253	0.00643702
Muller_E	4653320	0.000820798	0.99263	0.00654925
Muller_E	4656520	0.000716519	0.992679	0.0066042
Muller_E	4672665	0.000189239	0.99293	0.0068803
Muller_E	4674140	0.000140971	0.992954	0.00690543
Muller_E	4675745	8.84298e-05	0.992979	0.00693275
Muller_E	4676485	1.35705e-05	0.987639	0.0123477
Muller_E	4677110	1.22087e-05	0.987581	0.0124073
Muller_E	4677655	5.9182e-05	0.99299	0.00695064
Muller_E	4678986	5.7493e-05	0.992991	0.00695186
Muller_E	4680223	5.59104e-05	0.992991	0.00695299
Muller_E	4682403	5.30916e-05	0.992992	0.00695494
Muller_E	4682621	5.28076e-05	0.992992	0.00695513
Muller_E	4684270	5.06472e-05	0.992993	0.00695658
Muller_E	4685491	4.90334e-05	0.992993	0.00695764
Muller_E	4686019	4.83318e-05	0.992994	0.0069581
Muller_E	4687101	4.68872e-05	0.992994	0.00695902
Muller_E	4689628	4.34765e-05	0.992995	0.00696114
Muller_E	4690052	4.28992e-05	0.992996	0.00696149
Muller_E	4690344	4.25008e-05	0.992996	0.00696173
Muller_E	4690905	4.17335e-05	0.992996	0.00696219
Muller_E	4691125	4.14319e-05	0.992996	0.00696237
Muller_E	4691712	4.06252e-05	0.992997	0.00696285
Muller_E	4691999	4.02298e-05	0.992997	0.00696308
Muller_E	4692111	4.00753e-05	0.992997	0.00696317
Muller_E	4693234	3.85208e-05	0.992997	0.00696408
Muller_E	4693620	5.22351e-06	0.978274	0.0217204
Muller_E	4693753	3.80537e-05	0.992999	0.00696256
Muller_E	4694021	3.81935e-05	0.993003	0.00695888
Muller_E	4694592	3.84894e-05	0.99301	0.00695103
Muller_E	4696429	3.94237e-05	0.993035	0.00692577
Muller_E	4696792	3.96051e-05	0.99304	0.00692078
Muller_E	4699402	4.08783e-05	0.993074	0.00688483
Muller_E	4700957	4.16108e-05	0.993095	0.00686339
Muller_E	4702606	4.23664e-05	0.993117	0.00684064
Muller_E	4708142	4.47435e-05	0.993191	0.00676408
Muller_E	4712097	4.62909e-05	0.993244	0.00670923
Muller_E	4713898	4.69539e-05	0.993269	0.00668421
Muller_E	4714194	4.70604e-05	0.993273	0.0066801
Muller_E	4717094	4.80663e-05	0.993312	0.00663976
Muller_E	4717794	4.8299e-05	0.993322	0.00663001
Muller_E	4720564	4.91812e-05	0.993359	0.0065914
Muller_E	4722390	4.9729e-05	0.993384	0.00656591
Muller_E	4727534	5.11283e-05	0.993455	0.00649397
Muller_E	4730688	5.18811e-05	0.993498	0.00644975
Muller_E	4731377	5.20349e-05	0.993508	0.00644008
Muller_E	4732944	5.23705e-05	0.99353	0.00641808
Muller_E	4738342	5.33755e-05	0.993605	0.00634212
Muller_E	4739398	5.35447e-05	0.993619	0.00632723
Muller_E	4742492	5.39889e-05	0.993662	0.00628357
Muller_E	4745718	5.43702e-05	0.993708	0.00623796
Muller_E	4746457	5.44457e-05	0.993718	0.0062275
Muller_E	4748015	5.45906e-05	0.99374	0.00620543
Muller_E	4748352	5.46194e-05	0.993745	0.00620065
Muller_E	4748630	5.46424e-05	0.993749	0.00619671
Muller_E	4751071	5.48182e-05	0.993783	0.00616209
Muller_E	4751685	5.48548e-05	0.993792	0.00615337
Muller_E	4751817	5.48623e-05	0.993794	0.0061515
Muller_E	4752607	5.49042e-05	0.993805	0.00614028
Muller_E	4752773	5.49123e-05	0.993807	0.00613792
Muller_E	4753826	5.49589e-05	0.993822	0.00612295
Muller_E	4754671	5.49899e-05	0.993834	0.00611094
Muller_E	4756619	5.50394e-05	0.993862	0.00608322
Muller_E	4759191	5.5058e-05	0.993898	0.00604657
Muller_E	4761262	5.50343e-05	0.993928	0.00601702
Muller_E	4761866	5.50209e-05	0.993937	0.0060084
Muller_E	4761985	5.50179e-05	0.993938	0.0060067
Muller_E	4763545	5.49682e-05	0.993961	0.00598441
Muller_E	4764509	5.49277e-05	0.993974	0.00597062
Muller_E	4765595	5.48731e-05	0.99399	0.00595509
Muller_E	4766291	9.73922e-06	0.989213	0.010777
Muller_E	4766501	5.53327e-05	0.994005	0.00593925
Muller_E	4767354	5.73582e-05	0.994027	0.00591536
Muller_E	4769627	6.27272e-05	0.994086	0.00585167
Muller_E	4769950	6.34868e-05	0.994094	0.00584262
Muller_E	4772288	6.89603e-05	0.994154	0.00577706
Muller_E	4773763	7.2391e-05	0.994192	0.00573568
Muller_E	4773963	7.28549e-05	0.994197	0.00573007
Muller_E	4774375	1.02576e-05	0.989403	0.010587
Muller_E	4774957	8.39549e-05	0.994229	0.00568751
Muller_E	4775479	9.30525e-05	0.994247	0.0056597
Muller_E	4776619	0.000112914	0.994288	0.00559896
Muller_E	4779373	0.000160857	0.994387	0.0054522
Muller_E	4781913	0.000205027	0.994478	0.00531679
Muller_E	4782620	0.000217313	0.994504	0.00527909
Muller_E	4783326	0.000229579	0.994529	0.00524145
Muller_E	4786044	0.000276766	0.994627	0.00509647
