chrom	position	2,0	1,1	0,2
Muller_E	62882	0.746236	0.204043	0.0497214
Muller_E	267432	0.749508	0.204028	0.0464641
Muller_E	441230	0.752539	0.203701	0.0437606
Muller_E	511157	0.753824	0.203487	0.0426893
Muller_E	557879	0.754703	0.203318	0.0419787
Muller_E	581000	0.755144	0.203227	0.0416287
Muller_E	709108	0.757665	0.202628	0.0397075
Muller_E	768129	0.758869	0.202298	0.038833
Muller_E	785241	0.759223	0.202197	0.0385807
Muller_E	787322	0.759266	0.202184	0.0385501
Muller_E	787424	0.759268	0.202184	0.0385486
Muller_E	788173	0.759283	0.202179	0.0385375
Muller_E	788750	0.759295	0.202176	0.038529
Muller_E	788860	0.759298	0.202175	0.0385274
Muller_E	791823	0.759359	0.202157	0.0384838
Muller_E	802257	0.759577	0.202093	0.0383304
Muller_E	893794	0.761521	0.201485	0.0369931
Muller_E	894300	0.761532	0.201482	0.0369858
Muller_E	896281	0.761575	0.201468	0.036957
Muller_E	897287	0.761597	0.201461	0.0369424
Muller_E	897987	0.761612	0.201456	0.0369322
Muller_E	901015	0.761678	0.201434	0.0368883
Muller_E	901718	0.761693	0.201429	0.0368781
Muller_E	923408	0.762164	0.201272	0.0365639
Muller_E	923675	0.76217	0.20127	0.03656
Muller_E	924320	0.762184	0.201265	0.0365507
Muller_E	927795	0.76226	0.201239	0.0365005
Muller_E	948021	0.762704	0.201088	0.0362084
Muller_E	948230	0.762709	0.201086	0.0362054
Muller_E	958531	0.762936	0.201007	0.036057
Muller_E	967701	0.763139	0.200936	0.035925
Muller_E	969142	0.763171	0.200925	0.0359043
Muller_E	1033237	0.764609	0.200405	0.0349866
Muller_E	1120573	0.76662	0.199632	0.0337487
Muller_E	1123171	0.76668	0.199607	0.0337121
Muller_E	1146845	0.767236	0.199384	0.0333792
Muller_E	1148492	0.767275	0.199369	0.0333561
Muller_E	1168315	0.767744	0.199178	0.0330782
Muller_E	1213395	0.768822	0.198729	0.0324489
Muller_E	1262309	0.770011	0.198219	0.0317706
Muller_E	1275111	0.770325	0.198082	0.0315938
Muller_E	1275707	0.770339	0.198075	0.0315855
Muller_E	1314313	0.771294	0.197651	0.0310543
Muller_E	1318297	0.771393	0.197607	0.0309997
Muller_E	1358440	0.7724	0.197149	0.0304506
Muller_E	1358616	0.772405	0.197147	0.0304482
Muller_E	1378824	0.772916	0.196911	0.030173
Muller_E	1480336	0.775536	0.195662	0.0288021
Muller_E	1489232	0.775769	0.195548	0.0286829
Muller_E	1645912	0.779984	0.193408	0.0266083
Muller_E	1673398	0.780744	0.193007	0.0262492
Muller_E	1718642	0.782007	0.192331	0.0256613
Muller_E	1746815	0.782803	0.1919	0.0252972
Muller_E	1763447	0.783275	0.191642	0.0250829
Muller_E	1765039	0.78332	0.191617	0.0250624
Muller_E	1765159	0.783324	0.191615	0.0250609
Muller_E	1765369	0.78333	0.191612	0.0250582
Muller_E	1771226	0.783497	0.19152	0.0249829
Muller_E	1799036	0.784294	0.19108	0.0246263
Muller_E	1802542	0.784394	0.191024	0.0245814
Muller_E	1802678	0.784398	0.191022	0.0245797
Muller_E	1803039	0.784409	0.191016	0.024575
Muller_E	1803347	0.784418	0.191011	0.0245711
Muller_E	1805518	0.78448	0.190977	0.0245433
Muller_E	1812938	0.784694	0.190857	0.0244485
Muller_E	1813040	0.784697	0.190856	0.0244472
Muller_E	1815234	0.78476	0.19082	0.0244192
Muller_E	1815907	0.78478	0.190809	0.0244106
Muller_E	1816383	0.784794	0.190802	0.0244046
Muller_E	1831501	0.785232	0.190557	0.0242118
Muller_E	1850978	0.785798	0.190238	0.0239642
Muller_E	1851905	0.785825	0.190222	0.0239524
Muller_E	1852166	0.785833	0.190218	0.0239491
Muller_E	1857635	0.785993	0.190128	0.0238797
Muller_E	1861157	0.786096	0.190069	0.023835
Muller_E	1861336	0.786101	0.190066	0.0238327
Muller_E	1861880	0.786117	0.190057	0.0238258
Muller_E	1866595	0.786255	0.189979	0.0237661
Muller_E	1870209	0.786361	0.189919	0.0237203
Muller_E	1871973	0.786413	0.189889	0.023698
Muller_E	1880064	0.786651	0.189754	0.0235957
Muller_E	1889333	0.786924	0.189598	0.0234786
Muller_E	1891195	0.786978	0.189566	0.0234551
Muller_E	1894320	0.787071	0.189514	0.0234157
Muller_E	1900363	0.787249	0.189411	0.0233395
Muller_E	1904375	0.787368	0.189343	0.0232889
Muller_E	1915469	0.787697	0.189154	0.0231493
Muller_E	1927060	0.788042	0.188954	0.0230038
Muller_E	1932459	0.788203	0.188861	0.022936
Muller_E	1944351	0.788558	0.188655	0.0227871
Muller_E	1946702	0.788629	0.188614	0.0227576
Muller_E	1961660	0.789078	0.188351	0.0225707
Muller_E	1975567	0.789497	0.188106	0.0223973
Muller_E	2011856	0.790598	0.187455	0.0219466
Muller_E	2013122	0.790637	0.187432	0.0219309
Muller_E	2044597	0.791601	0.186857	0.0215422
Muller_E	2048236	0.791713	0.18679	0.0214973
Muller_E	2048434	0.791719	0.186786	0.0214949
Muller_E	2086567	0.792899	0.186074	0.0210268
Muller_E	2103366	0.793422	0.185756	0.0208215
Muller_E	2117584	0.793867	0.185484	0.0206481
Muller_E	2126123	0.794136	0.18532	0.0205442
Muller_E	2135792	0.79444	0.185133	0.0204267
Muller_E	2140907	0.794601	0.185034	0.0203646
Muller_E	2141169	0.794609	0.185029	0.0203615
Muller_E	2142715	0.794658	0.184999	0.0203427
Muller_E	2145389	0.794743	0.184947	0.0203103
Muller_E	2146953	0.794792	0.184917	0.0202913
Muller_E	2147057	0.794795	0.184915	0.0202901
Muller_E	2201852	0.796539	0.183832	0.0196289
Muller_E	2204792	0.796633	0.183773	0.0195936
Muller_E	2219543	0.797107	0.183476	0.0194167
Muller_E	2220290	0.797131	0.183461	0.0194078
Muller_E	2241628	0.797821	0.183027	0.0191527
Muller_E	2243471	0.79788	0.182989	0.0191307
Muller_E	2531559	0.807559	0.176664	0.0157768
Muller_E	2693610	0.813311	0.172725	0.0139641
Muller_E	2696554	0.813417	0.172651	0.0139317
Muller_E	2706179	0.813766	0.172408	0.0138257
Muller_E	2713009	0.814014	0.172235	0.0137507
Muller_E	2716202	0.814131	0.172154	0.0137157
Muller_E	2721440	0.814321	0.172021	0.0136582
Muller_E	2735475	0.814833	0.171662	0.0135045
Muller_E	2763120	0.815847	0.17095	0.0132031
Muller_E	2777976	0.816394	0.170564	0.0130417
Muller_E	2779619	0.816455	0.170522	0.0130239
Muller_E	2787347	0.81674	0.17032	0.0129402
Muller_E	2788916	0.816798	0.170279	0.0129232
Muller_E	2795398	0.817038	0.170109	0.0128531
Muller_E	2798296	0.817146	0.170033	0.0128218
Muller_E	2799305	0.817183	0.170006	0.0128109
Muller_E	2800245	0.817218	0.169981	0.0128008
Muller_E	2800507	0.817228	0.169975	0.0127979
Muller_E	2800780	0.817238	0.169967	0.012795
Muller_E	2800932	0.817243	0.169963	0.0127933
Muller_E	2801158	0.817252	0.169957	0.0127909
Muller_E	2805736	0.817422	0.169837	0.0127415
Muller_E	2807233	0.817477	0.169797	0.0127253
Muller_E	2807795	0.817498	0.169783	0.0127193
Muller_E	2808363	0.817519	0.169768	0.0127132
Muller_E	2809031	0.817544	0.16975	0.012706
Muller_E	2809272	0.817553	0.169744	0.0127034
Muller_E	2809909	0.817577	0.169727	0.0126965
Muller_E	2811470	0.817635	0.169686	0.0126797
Muller_E	2811776	0.817646	0.169677	0.0126764
Muller_E	2812117	0.817659	0.169668	0.0126727
Muller_E	2815676	0.817791	0.169574	0.0126344
Muller_E	2816259	0.817813	0.169559	0.0126281
Muller_E	2817070	0.817843	0.169537	0.0126194
Muller_E	2817616	0.817864	0.169523	0.0126135
Muller_E	2819402	0.81793	0.169476	0.0125943
Muller_E	2820166	0.817959	0.169455	0.012586
Muller_E	2820386	0.817967	0.16945	0.0125837
Muller_E	2820775	0.817981	0.169439	0.0125795
Muller_E	2821135	0.817995	0.16943	0.0125756
Muller_E	2821440	0.818006	0.169422	0.0125723
Muller_E	2826939	0.818211	0.169276	0.0125132
Muller_E	2831172	0.818369	0.169163	0.0124678
Muller_E	2831515	0.818382	0.169154	0.0124641
Muller_E	2832336	0.818413	0.169132	0.0124553
Muller_E	2833070	0.81844	0.169112	0.0124474
Muller_E	2850717	0.819101	0.16864	0.0122584
Muller_E	2853215	0.819195	0.168573	0.0122317
Muller_E	2856496	0.819318	0.168485	0.0121966
Muller_E	2856945	0.819335	0.168473	0.0121918
Muller_E	2857481	0.819355	0.168459	0.0121861
Muller_E	2858163	0.819381	0.16844	0.0121788
Muller_E	2859754	0.819441	0.168398	0.0121618
Muller_E	2859987	0.819449	0.168391	0.0121594
Muller_E	2862604	0.819548	0.168321	0.0121314
Muller_E	2866488	0.819694	0.168216	0.01209
Muller_E	2867267	0.819723	0.168195	0.0120817
Muller_E	2868557	0.819772	0.16816	0.012068
Muller_E	2870085	0.81983	0.168119	0.0120517
Muller_E	2870623	0.81985	0.168104	0.0120459
Muller_E	2876155	0.820059	0.167954	0.0119871
Muller_E	2877151	0.820096	0.167927	0.0119765
Muller_E	2886067	0.820433	0.167685	0.0118817
Muller_E	2886534	0.820451	0.167672	0.0118767
Muller_E	2887599	0.820491	0.167643	0.0118654
Muller_E	2887882	0.820502	0.167636	0.0118624
Muller_E	2888492	0.820525	0.167619	0.011856
Muller_E	2888607	0.820529	0.167616	0.0118547
Muller_E	2890000	0.820582	0.167578	0.01184
Muller_E	2890387	0.820597	0.167567	0.0118359
Muller_E	2890907	0.820616	0.167553	0.0118303
Muller_E	2894764	0.820763	0.167448	0.0117894
Muller_E	2899098	0.820927	0.167329	0.0117435
Muller_E	2901481	0.821017	0.167264	0.0117183
Muller_E	2901643	0.821024	0.16726	0.0117166
Muller_E	2902627	0.821061	0.167233	0.0117062
Muller_E	2903432	0.821092	0.167211	0.0116976
Muller_E	2904998	0.821151	0.167168	0.0116811
Muller_E	2905994	0.821189	0.167141	0.0116705
Muller_E	2907134	0.821232	0.167109	0.0116585
Muller_E	2908511	0.821285	0.167071	0.0116439
Muller_E	2909452	0.82132	0.167046	0.011634
Muller_E	2910160	0.821347	0.167026	0.0116265
Muller_E	2911022	0.82138	0.167002	0.0116174
Muller_E	2911252	0.821389	0.166996	0.0116149
Muller_E	2911992	0.821417	0.166976	0.0116071
Muller_E	2914672	0.821519	0.166902	0.0115788
Muller_E	2915489	0.82155	0.16688	0.0115702
Muller_E	2918585	0.821668	0.166794	0.0115375
Muller_E	2919015	0.821685	0.166782	0.011533
Muller_E	2919728	0.821712	0.166763	0.0115255
Muller_E	2919971	0.821721	0.166756	0.0115229
Muller_E	2921506	0.82178	0.166714	0.0115067
Muller_E	2922564	0.82182	0.166685	0.0114956
Muller_E	2922707	0.821825	0.166681	0.0114941
Muller_E	2924226	0.821883	0.166639	0.011478
Muller_E	2925108	0.821917	0.166614	0.0114688
Muller_E	2925552	0.821934	0.166602	0.0114641
Muller_E	2928855	0.82206	0.166511	0.0114293
Muller_E	2930674	0.82213	0.16646	0.0114101
Muller_E	2931258	0.822152	0.166444	0.011404
Muller_E	2931592	0.822165	0.166435	0.0114005
Muller_E	2931798	0.822173	0.166429	0.0113983
Muller_E	2932326	0.822193	0.166414	0.0113928
Muller_E	2945623	0.822702	0.166045	0.0112531
Muller_E	2945753	0.822707	0.166041	0.0112517
Muller_E	2945878	0.822712	0.166038	0.0112504
Muller_E	2946001	0.822717	0.166034	0.0112491
Muller_E	2955783	0.823092	0.165761	0.0111466
Muller_E	2957997	0.823177	0.165699	0.0111234
Muller_E	2959282	0.823227	0.165663	0.0111099
Muller_E	2959697	0.823243	0.165652	0.0111056
Muller_E	2959819	0.823247	0.165648	0.0111043
Muller_E	2960759	0.823284	0.165622	0.0110945
Muller_E	2961667	0.823318	0.165597	0.011085
Muller_E	2961801	0.823324	0.165593	0.0110836
Muller_E	2963254	0.82338	0.165552	0.0110684
Muller_E	2963568	0.823392	0.165543	0.0110651
Muller_E	2975263	0.823843	0.165214	0.010943
Muller_E	2976725	0.823899	0.165173	0.0109277
Muller_E	2977784	0.82394	0.165143	0.0109167
Muller_E	2982473	0.824121	0.165011	0.0108678
Muller_E	2984283	0.824191	0.16496	0.010849
Muller_E	2985483	0.824238	0.164926	0.0108365
Muller_E	2985658	0.824244	0.164921	0.0108347
Muller_E	2985908	0.824254	0.164914	0.0108321
Muller_E	2987685	0.824323	0.164863	0.0108136
Muller_E	2992894	0.824525	0.164716	0.0107594
Muller_E	2993313	0.824541	0.164704	0.0107551
Muller_E	2993798	0.82456	0.16469	0.01075
Muller_E	2994137	0.824573	0.164681	0.0107465
Muller_E	2994487	0.824586	0.164671	0.0107429
Muller_E	2994615	0.824591	0.164667	0.0107416
Muller_E	2995123	0.824611	0.164653	0.0107363
Muller_E	2995701	0.824634	0.164636	0.0107303
Muller_E	2996048	0.824647	0.164626	0.0107267
Muller_E	2996738	0.824674	0.164607	0.0107195
Muller_E	2996880	0.824679	0.164603	0.010718
Muller_E	2997113	0.824688	0.164596	0.0107156
Muller_E	2999116	0.824766	0.164539	0.0106948
Muller_E	2999459	0.824779	0.164529	0.0106913
Muller_E	3001420	0.824856	0.164474	0.0106709
Muller_E	3001578	0.824862	0.164469	0.0106693
Muller_E	3001696	0.824866	0.164466	0.0106681
Muller_E	3002579	0.824901	0.164441	0.0106589
Muller_E	3003095	0.824921	0.164426	0.0106535
Muller_E	3003540	0.824938	0.164413	0.0106489
Muller_E	3004120	0.82496	0.164397	0.0106429
Muller_E	3005221	0.825003	0.164365	0.0106315
Muller_E	3007967	0.82511	0.164287	0.010603
Muller_E	3012773	0.825297	0.16415	0.0105533
Muller_E	3013331	0.825319	0.164134	0.0105475
Muller_E	3013618	0.82533	0.164125	0.0105445
Muller_E	3014080	0.825348	0.164112	0.0105398
Muller_E	3014783	0.825375	0.164092	0.0105325
Muller_E	3016296	0.825434	0.164049	0.0105168
Muller_E	3017214	0.82547	0.164023	0.0105073
Muller_E	3018320	0.825513	0.163991	0.0104959
Muller_E	3018982	0.825539	0.163972	0.0104891
Muller_E	3019303	0.825552	0.163963	0.0104857
Muller_E	3019831	0.825572	0.163948	0.0104803
Muller_E	3021834	0.82565	0.16389	0.0104596
Muller_E	3021944	0.825655	0.163887	0.0104585
Muller_E	3023127	0.825701	0.163853	0.0104462
Muller_E	3024474	0.825753	0.163814	0.0104323
Muller_E	3024813	0.825767	0.163805	0.0104288
Muller_E	3029421	0.825947	0.163672	0.0103813
Muller_E	3029834	0.825963	0.16366	0.010377
Muller_E	3030101	0.825973	0.163653	0.0103743
Muller_E	3033200	0.826094	0.163563	0.0103423
Muller_E	3033901	0.826122	0.163543	0.0103351
Muller_E	3034073	0.826128	0.163538	0.0103333
Muller_E	3036032	0.826205	0.163482	0.0103131
Muller_E	3038305	0.826294	0.163416	0.0102897
Muller_E	3041816	0.826432	0.163315	0.0102536
Muller_E	3044683	0.826544	0.163232	0.0102241
Muller_E	3046757	0.826625	0.163172	0.0102028
Muller_E	3046887	0.82663	0.163168	0.0102015
Muller_E	3047900	0.82667	0.163139	0.0101911
Muller_E	3048135	0.826679	0.163132	0.0101886
Muller_E	3050664	0.826779	0.163059	0.0101627
Muller_E	3051698	0.826819	0.163029	0.0101521
Muller_E	3051968	0.82683	0.163021	0.0101493
Muller_E	3052635	0.826856	0.163001	0.0101424
Muller_E	3053197	0.826878	0.162985	0.0101367
Muller_E	3056428	0.827005	0.162891	0.0101035
Muller_E	3056712	0.827016	0.162883	0.0101006
Muller_E	3058398	0.827083	0.162834	0.0100833
Muller_E	3059687	0.827133	0.162796	0.0100701
Muller_E	3061511	0.827205	0.162743	0.0100514
Muller_E	3062406	0.82724	0.162717	0.0100423
Muller_E	3062537	0.827246	0.162713	0.0100409
Muller_E	3100018	0.828728	0.161614	0.00965853
Muller_E	3100718	0.828755	0.161593	0.00965141
Muller_E	3112367	0.829219	0.161248	0.00953321
Muller_E	3112987	0.829243	0.16123	0.00952692
Muller_E	3113420	0.82926	0.161217	0.00952253
Muller_E	3116107	0.829368	0.161137	0.00949532
Muller_E	3119432	0.8295	0.161038	0.00946166
Muller_E	3119714	0.829511	0.16103	0.0094588
Muller_E	3120862	0.829557	0.160996	0.00944719
Muller_E	3122265	0.829613	0.160954	0.009433
Muller_E	3123364	0.829657	0.160921	0.00942188
Muller_E	3124138	0.829688	0.160898	0.00941406
Muller_E	3127464	0.829821	0.160799	0.00938045
Muller_E	3128767	0.829873	0.16076	0.00936729
Muller_E	3128895	0.829878	0.160756	0.00936599
Muller_E	3129611	0.829906	0.160735	0.00935876
Muller_E	3129743	0.829912	0.160731	0.00935743
Muller_E	3130171	0.829929	0.160718	0.00935311
Muller_E	3131529	0.829983	0.160678	0.0093394
Muller_E	3137674	0.830229	0.160494	0.00927742
Muller_E	3139976	0.830321	0.160425	0.00925422
Muller_E	3143168	0.830449	0.160329	0.00922207
Muller_E	3169152	0.831494	0.159545	0.0089612
Muller_E	3170575	0.831551	0.159502	0.00894696
Muller_E	3173857	0.831683	0.159403	0.00891412
Muller_E	3192801	0.832449	0.158826	0.00872506
Muller_E	3194086	0.832501	0.158786	0.00871226
Muller_E	3194230	0.832507	0.158782	0.00871083
Muller_E	3207603	0.83305	0.158372	0.00857787
Muller_E	3207708	0.833054	0.158369	0.00857683
Muller_E	3208070	0.833069	0.158358	0.00857324
Muller_E	3208369	0.833081	0.158348	0.00857027
Muller_E	3208507	0.833087	0.158344	0.0085689
Muller_E	3208706	0.833095	0.158338	0.00856693
Muller_E	3210124	0.833153	0.158294	0.00855286
Muller_E	3211254	0.833199	0.15826	0.00854165
Muller_E	3212088	0.833233	0.158234	0.00853337
Muller_E	3216063	0.833394	0.158112	0.00849397
Muller_E	3216461	0.833411	0.158099	0.00849003
Muller_E	3217109	0.833437	0.158079	0.00848361
Muller_E	3217441	0.833451	0.158069	0.00848032
Muller_E	3217706	0.833461	0.158061	0.00847769
Muller_E	3217825	0.833466	0.158057	0.00847651
Muller_E	3218354	0.833488	0.158041	0.00847128
Muller_E	3219292	0.833526	0.158012	0.00846199
Muller_E	3219763	0.833545	0.157998	0.00845732
Muller_E	3221459	0.833614	0.157945	0.00844054
Muller_E	3222112	0.833641	0.157925	0.00843407
Muller_E	3223012	0.833678	0.157897	0.00842517
Muller_E	3223549	0.8337	0.157881	0.00841986
Muller_E	3224815	0.833751	0.157841	0.00840733
Muller_E	3226800	0.833832	0.15778	0.00838771
Muller_E	3229718	0.833951	0.15769	0.00835887
Muller_E	3240322	0.834385	0.157361	0.00825425
Muller_E	3240918	0.834409	0.157342	0.00824837
Muller_E	3241273	0.834424	0.157331	0.00824487
Muller_E	3247835	0.834693	0.157127	0.00818027
Muller_E	3251442	0.834841	0.157014	0.00814479
Muller_E	3252203	0.834872	0.156991	0.00813731
Muller_E	3254014	0.834947	0.156934	0.00811952
Muller_E	3254518	0.834967	0.156918	0.00811457
Muller_E	3255141	0.834993	0.156899	0.00810845
Muller_E	3255365	0.835002	0.156892	0.00810625
Muller_E	3259142	0.835157	0.156774	0.00806916
Muller_E	3259935	0.83519	0.156749	0.00806138
Muller_E	3262497	0.835295	0.156669	0.00803625
Muller_E	3263708	0.835345	0.156631	0.00802438
Muller_E	3264644	0.835384	0.156601	0.0080152
Muller_E	3266132	0.835445	0.156555	0.00800062
Muller_E	3266579	0.835463	0.156541	0.00799624
Muller_E	3266806	0.835473	0.156533	0.00799402
Muller_E	3269029	0.835564	0.156464	0.00797224
Muller_E	3271700	0.835674	0.15638	0.0079461
Muller_E	3271881	0.835682	0.156374	0.00794433
Muller_E	3273894	0.835765	0.156311	0.00792463
Muller_E	3275081	0.835814	0.156273	0.00791303
Muller_E	3275989	0.835851	0.156245	0.00790415
Muller_E	3278049	0.835936	0.15618	0.00788401
Muller_E	3280894	0.836054	0.15609	0.00785622
Muller_E	3282107	0.836104	0.156052	0.00784438
Muller_E	3282973	0.836139	0.156025	0.00783592
Muller_E	3284532	0.836204	0.155975	0.00782071
Muller_E	3291321	0.836485	0.155761	0.00775452
Muller_E	3291878	0.836508	0.155743	0.00774909
Muller_E	3293351	0.836569	0.155696	0.00773475
Muller_E	3293759	0.836586	0.155683	0.00773077
Muller_E	3304917	0.837048	0.155329	0.00762227
Muller_E	3306663	0.837121	0.155274	0.00760531
Muller_E	3306880	0.83713	0.155267	0.00760321
Muller_E	3310127	0.837265	0.155163	0.0075717
Muller_E	3312301	0.837355	0.155094	0.00755061
Muller_E	3312718	0.837373	0.155081	0.00754657
Muller_E	3318766	0.837624	0.154888	0.00748798
Muller_E	3323588	0.837825	0.154733	0.00744132
Muller_E	3324201	0.837851	0.154714	0.00743539
Muller_E	3324656	0.83787	0.154699	0.00743099
Muller_E	3325091	0.837888	0.154685	0.00742679
Muller_E	3326084	0.837929	0.154653	0.00741719
Muller_E	3326190	0.837934	0.15465	0.00741616
Muller_E	3330218	0.838102	0.154521	0.00737725
Muller_E	3334866	0.838296	0.154372	0.0073324
Muller_E	3337545	0.838408	0.154285	0.00730657
Muller_E	3340268	0.838522	0.154198	0.00728033
Muller_E	3340480	0.838531	0.154191	0.00727828
Muller_E	3410593	0.841486	0.151905	0.00660841
Muller_E	3431230	0.842365	0.151222	0.00641335
Muller_E	3437416	0.842629	0.151016	0.00635507
Muller_E	3456916	0.843463	0.150365	0.00617191
Muller_E	3457694	0.843497	0.150339	0.00616462
Muller_E	3459001	0.843553	0.150295	0.00615238
Muller_E	3462300	0.843694	0.150184	0.0061215
Muller_E	3464519	0.84379	0.15011	0.00610074
Muller_E	3464673	0.843796	0.150104	0.0060993
Muller_E	3477602	0.844352	0.149669	0.00597856
Muller_E	3525631	0.846432	0.148035	0.00553341
Muller_E	3546828	0.847356	0.147305	0.00533863
Muller_E	3557059	0.847804	0.146951	0.00524499
Muller_E	3566467	0.848216	0.146625	0.00515909
Muller_E	3572057	0.848462	0.14643	0.00510815
Muller_E	3572168	0.848467	0.146426	0.00510714
Muller_E	3579272	0.848779	0.146179	0.00504251
Muller_E	3579502	0.848789	0.146171	0.00504041
Muller_E	3582419	0.848917	0.146069	0.00501391
Muller_E	3590131	0.849257	0.145799	0.00494394
Muller_E	3605233	0.849924	0.145268	0.00480731
Muller_E	3610748	0.850168	0.145074	0.00475754
Muller_E	3611776	0.850214	0.145038	0.00474828
Muller_E	3615071	0.85036	0.144921	0.00471859
Muller_E	3617701	0.850477	0.144828	0.00469491
Muller_E	3617818	0.850482	0.144824	0.00469385
Muller_E	3617948	0.850488	0.14482	0.00469268
Muller_E	3623404	0.85073	0.144627	0.00464361
Muller_E	3630035	0.851024	0.144392	0.00458407
Muller_E	3631532	0.851091	0.144338	0.00457064
Muller_E	3634067	0.851204	0.144248	0.00454792
Muller_E	3642157	0.851564	0.14396	0.00447549
Muller_E	3643438	0.851621	0.143915	0.00446403
Muller_E	3645674	0.851721	0.143835	0.00444405
Muller_E	3652519	0.852027	0.143591	0.00438294
Muller_E	3655257	0.852149	0.143493	0.00435853
Muller_E	3657953	0.852269	0.143396	0.00433451
Muller_E	3660200	0.85237	0.143316	0.0043145
Muller_E	3665461	0.852605	0.143127	0.0042677
Muller_E	3670065	0.852812	0.142961	0.0042268
Muller_E	3757777	0.85678	0.139763	0.00345715
Muller_E	3766114	0.857161	0.139454	0.00338494
Muller_E	3770199	0.857348	0.139303	0.00334962
Muller_E	3771242	0.857395	0.139264	0.00334061
Muller_E	3775369	0.857584	0.139111	0.00330498
Muller_E	3781958	0.857887	0.138865	0.00324817
Muller_E	3788305	0.858178	0.138629	0.00319355
Muller_E	3788531	0.858188	0.13862	0.00319161
Muller_E	3788717	0.858197	0.138613	0.00319001
Muller_E	3791492	0.858324	0.13851	0.00316616
Muller_E	3791929	0.858344	0.138493	0.00316241
Muller_E	3794089	0.858444	0.138412	0.00314386
Muller_E	3798034	0.858625	0.138265	0.00311001
Muller_E	3805877	0.858986	0.137971	0.00304284
Muller_E	3808116	0.85909	0.137887	0.00302369
Muller_E	3837593	0.860453	0.136774	0.00277268
Muller_E	3889492	0.862873	0.134791	0.00233585
Muller_E	3892070	0.862994	0.134691	0.00231432
Muller_E	3892768	0.863027	0.134665	0.00230849
Muller_E	3893846	0.863078	0.134623	0.0022995
Muller_E	3895236	0.863143	0.134569	0.0022879
Muller_E	3896701	0.863212	0.134513	0.00227568
Muller_E	3964144	0.866399	0.131882	0.00171899
Muller_E	3964249	0.866404	0.131878	0.00171814
Muller_E	3964701	0.866426	0.13186	0.00171444
Muller_E	3965335	0.866456	0.131835	0.00170926
Muller_E	3965537	0.866465	0.131827	0.00170761
Muller_E	3971184	0.866734	0.131604	0.00166153
Muller_E	4005791	0.868389	0.13023	0.00138081
Muller_E	4007537	0.868473	0.13016	0.00136673
Muller_E	4008073	0.868499	0.130139	0.00136241
Muller_E	4008732	0.86853	0.130113	0.00135709
Muller_E	4009275	0.868556	0.130091	0.00135272
Muller_E	4009794	0.868581	0.13007	0.00134853
Muller_E	4010462	0.868613	0.130044	0.00134315
Muller_E	4011246	0.868651	0.130012	0.00133684
Muller_E	4011350	0.868656	0.130008	0.001336
Muller_E	4011743	0.868675	0.129992	0.00133283
Muller_E	4012926	0.868732	0.129945	0.00132331
Muller_E	4015010	0.868832	0.129862	0.00130653
Muller_E	4015956	0.868877	0.129824	0.00129892
Muller_E	4016731	0.868914	0.129793	0.00129269
Muller_E	4017133	0.868934	0.129777	0.00128946
Muller_E	4017640	0.868958	0.129756	0.00128538
Muller_E	4021078	0.869124	0.129619	0.00125776
Muller_E	4021876	0.95474	0.0452028	5.68676e-05
Muller_E	4022513	0.869157	0.129592	0.00125107
Muller_E	4022928	0.869154	0.129595	0.00125089
Muller_E	4024532	0.869142	0.129608	0.00125019
Muller_E	4024639	0.869141	0.129609	0.00125014
Muller_E	4025270	0.869136	0.129614	0.00124987
Muller_E	4027169	0.869121	0.12963	0.00124904
Muller_E	4027437	0.869119	0.129632	0.00124892
Muller_E	4027764	0.869117	0.129634	0.00124877
Muller_E	4029270	0.869105	0.129647	0.00124811
Muller_E	4032202	0.869083	0.12967	0.00124682
Muller_E	4032327	0.869082	0.129671	0.00124676
Muller_E	4033521	0.869073	0.129681	0.00124623
Muller_E	4033797	0.869071	0.129683	0.00124611
Muller_E	4036360	0.869051	0.129704	0.00124497
Muller_E	4037138	0.869045	0.12971	0.00124462
Muller_E	4037610	0.869042	0.129714	0.00124441
Muller_E	4040496	0.86902	0.129737	0.00124312
Muller_E	4040949	0.869017	0.12974	0.00124291
Muller_E	4045900	0.868979	0.12978	0.00124068
Muller_E	4046078	0.868978	0.129781	0.00124059
Muller_E	4046843	0.868972	0.129788	0.00124025
Muller_E	4047581	0.868967	0.129793	0.00123991
Muller_E	4048275	0.868961	0.129799	0.0012396
Muller_E	4048700	0.868958	0.129802	0.0012394
Muller_E	4053592	0.868922	0.129841	0.00123716
Muller_E	4056223	0.868902	0.129862	0.00123595
Muller_E	4056545	0.8689	0.129865	0.0012358
Muller_E	4056951	0.868896	0.129868	0.00123562
Muller_E	4057601	0.868892	0.129873	0.00123531
Muller_E	4057720	0.868891	0.129874	0.00123526
Muller_E	4058043	0.868888	0.129877	0.00123511
Muller_E	4058149	0.868888	0.129877	0.00123506
Muller_E	4058704	0.868883	0.129882	0.0012348
Muller_E	4059417	0.868878	0.129887	0.00123447
Muller_E	4059965	0.868874	0.129892	0.00123422
Muller_E	4061381	0.868863	0.129903	0.00123356
Muller_E	4061745	0.868861	0.129906	0.00123339
Muller_E	4062020	0.868859	0.129908	0.00123326
Muller_E	4062507	0.868855	0.129912	0.00123304
Muller_E	4062941	0.868852	0.129915	0.00123283
Muller_E	4064035	0.868844	0.129924	0.00123232
Muller_E	4064680	0.868839	0.129929	0.00123202
Muller_E	4064829	0.868838	0.12993	0.00123195
Muller_E	4065474	0.868833	0.129935	0.00123165
Muller_E	4065574	0.868832	0.129936	0.0012316
Muller_E	4066028	0.868829	0.12994	0.00123139
Muller_E	4067541	0.868818	0.129951	0.00123068
Muller_E	4067967	0.868815	0.129955	0.00123048
Muller_E	4068535	0.86881	0.129959	0.00123021
Muller_E	4069245	0.868805	0.129965	0.00122988
Muller_E	4070105	0.868799	0.129972	0.00122947
Muller_E	4071088	0.868792	0.129979	0.001229
Muller_E	4071641	0.868788	0.129984	0.00122874
Muller_E	4072126	0.868784	0.129987	0.00122851
Muller_E	4072768	0.868779	0.129993	0.00122821
Muller_E	4072973	0.868778	0.129994	0.00122811
Muller_E	4073359	0.868775	0.129997	0.00122793
Muller_E	4075135	0.868762	0.130011	0.00122708
Muller_E	4075254	0.868761	0.130012	0.00122703
Muller_E	4076053	0.868755	0.130018	0.00122665
Muller_E	4077160	0.868747	0.130027	0.00122612
Muller_E	4078165	0.86874	0.130035	0.00122564
Muller_E	4078690	0.868736	0.130039	0.00122539
Muller_E	4078900	0.868734	0.13004	0.00122528
Muller_E	4079010	0.868733	0.130041	0.00122523
Muller_E	4079297	0.868731	0.130044	0.00122509
Muller_E	4081728	0.868714	0.130062	0.00122393
Muller_E	4082079	0.868711	0.130065	0.00122376
Muller_E	4083988	0.868697	0.13008	0.00122284
Muller_E	4085715	0.868685	0.130093	0.001222
Muller_E	4089306	0.868658	0.130121	0.00122026
Muller_E	4089803	0.868655	0.130125	0.00122001
Muller_E	4092778	0.868633	0.130148	0.00121856
Muller_E	4092894	0.868632	0.130149	0.0012185
Muller_E	4098915	0.868589	0.130195	0.00121554
Muller_E	4109650	0.868512	0.130278	0.00121018
Muller_E	4113217	0.868487	0.130305	0.00120838
Muller_E	4113538	0.868484	0.130307	0.00120822
Muller_E	4114422	0.868478	0.130314	0.00120777
Muller_E	4114803	0.868475	0.130317	0.00120758
Muller_E	4115118	0.868473	0.130319	0.00120742
Muller_E	4116856	0.868461	0.130333	0.00120654
Muller_E	4117074	0.868459	0.130334	0.00120643
Muller_E	4117473	0.868456	0.130337	0.00120622
Muller_E	4118970	0.868446	0.130349	0.00120546
Muller_E	4121851	0.868426	0.13037	0.00120399
Muller_E	4122071	0.868424	0.130372	0.00120387
Muller_E	4122393	0.868422	0.130375	0.00120371
Muller_E	4122818	0.868419	0.130378	0.00120349
Muller_E	4124318	0.868408	0.130389	0.00120272
Muller_E	4124418	0.868407	0.13039	0.00120267
Muller_E	4126492	0.868393	0.130406	0.0012016
Muller_E	4127527	0.868386	0.130413	0.00120106
Muller_E	4127720	0.868384	0.130415	0.00120096
Muller_E	4128101	0.868382	0.130418	0.00120077
Muller_E	4128234	0.868381	0.130419	0.0012007
Muller_E	4130334	0.868366	0.130434	0.00119961
Muller_E	4132221	0.868353	0.130449	0.00119863
Muller_E	4134741	0.868335	0.130468	0.00119731
Muller_E	4134982	0.868333	0.130469	0.00119719
Muller_E	4136547	0.868323	0.130481	0.00119637
Muller_E	4140224	0.868297	0.130509	0.00119443
Muller_E	4140902	0.868292	0.130514	0.00119408
Muller_E	4141485	0.868288	0.130518	0.00119377
Muller_E	4143836	0.868272	0.130536	0.00119253
Muller_E	4144350	0.868268	0.130539	0.00119225
Muller_E	4144848	0.868265	0.130543	0.00119199
Muller_E	4150850	0.868224	0.130588	0.00118879
Muller_E	4151927	0.868216	0.130596	0.00118821
Muller_E	4154621	0.868198	0.130615	0.00118677
Muller_E	4159745	0.868163	0.130653	0.001184
Muller_E	4159958	0.868161	0.130655	0.00118388
Muller_E	4160923	0.868155	0.130662	0.00118336
Muller_E	4161787	0.868149	0.130668	0.00118289
Muller_E	4162162	0.868146	0.130671	0.00118268
Muller_E	4163984	0.868134	0.130684	0.00118169
Muller_E	4164218	0.868132	0.130686	0.00118156
Muller_E	4164859	0.868128	0.130691	0.00118121
Muller_E	4165033	0.868127	0.130692	0.00118112
Muller_E	4165157	0.868126	0.130693	0.00118105
Muller_E	4165383	0.868124	0.130695	0.00118093
Muller_E	4165808	0.868122	0.130698	0.00118069
Muller_E	4165958	0.86812	0.130699	0.00118061
Muller_E	4166062	0.86812	0.1307	0.00118056
Muller_E	4166243	0.868119	0.130701	0.00118046
Muller_E	4166628	0.868116	0.130704	0.00118025
Muller_E	4168755	0.868102	0.130719	0.00117908
Muller_E	4172546	0.868076	0.130747	0.00117699
Muller_E	4172827	0.868074	0.130749	0.00117684
Muller_E	4173860	0.868067	0.130757	0.00117626
Muller_E	4176100	0.868052	0.130773	0.00117502
Muller_E	4176326	0.868051	0.130775	0.0011749
Muller_E	4176826	0.868047	0.130778	0.00117462
Muller_E	4177022	0.868046	0.13078	0.00117451
Muller_E	4178339	0.868037	0.130789	0.00117378
Muller_E	4178608	0.868035	0.130791	0.00117363
Muller_E	4179326	0.86803	0.130796	0.00117323
Muller_E	4180712	0.868021	0.130806	0.00117245
Muller_E	4180966	0.868019	0.130808	0.00117231
Muller_E	4184926	0.867993	0.130837	0.00117009
Muller_E	4185178	0.867991	0.130839	0.00116995
Muller_E	4185319	0.86799	0.13084	0.00116987
Muller_E	4185532	0.867989	0.130841	0.00116975
Muller_E	4187632	0.867975	0.130856	0.00116857
Muller_E	4188227	0.867971	0.130861	0.00116823
Muller_E	4188670	0.867968	0.130864	0.00116798
Muller_E	4192621	0.867942	0.130892	0.00116574
Muller_E	4193546	0.867936	0.130899	0.00116522
Muller_E	4194407	0.86793	0.130905	0.00116473
Muller_E	4195783	0.867921	0.130915	0.00116394
Muller_E	4196010	0.86792	0.130917	0.00116381
Muller_E	4197440	0.86791	0.130927	0.001163
Muller_E	4198223	0.867905	0.130932	0.00116255
Muller_E	4199021	0.8679	0.130938	0.00116209
Muller_E	4199203	0.867899	0.130939	0.00116199
Muller_E	4199424	0.867897	0.130941	0.00116186
Muller_E	4199639	0.867896	0.130943	0.00116174
Muller_E	4199983	0.867893	0.130945	0.00116154
Muller_E	4203293	0.867872	0.130969	0.00115963
Muller_E	4205814	0.867855	0.130987	0.00115818
Muller_E	4206134	0.867853	0.130989	0.00115799
Muller_E	4207588	0.867844	0.130999	0.00115715
Muller_E	4210680	0.867824	0.131021	0.00115535
Muller_E	4210928	0.867822	0.131023	0.00115521
Muller_E	4211312	0.867819	0.131026	0.00115499
Muller_E	4211755	0.867817	0.131029	0.00115473
Muller_E	4213444	0.867806	0.131041	0.00115374
Muller_E	4216650	0.867785	0.131063	0.00115186
Muller_E	4217058	0.867782	0.131066	0.00115162
Muller_E	4217453	0.86778	0.131069	0.00115139
Muller_E	4217565	0.867779	0.13107	0.00115133
Muller_E	4217669	0.867778	0.13107	0.00115126
Muller_E	4217825	0.867777	0.131072	0.00115117
Muller_E	4218923	0.86777	0.131079	0.00115053
Muller_E	4225215	0.86773	0.131123	0.00114681
Muller_E	4232774	0.867681	0.131176	0.00114229
Muller_E	4235298	0.867665	0.131194	0.00114078
Muller_E	4245993	0.867598	0.131268	0.00113429
Muller_E	4252835	0.867555	0.131315	0.0011301
Muller_E	4253725	0.86755	0.131321	0.00112955
Muller_E	4256197	0.867534	0.131338	0.00112803
Muller_E	4261234	0.867503	0.131372	0.0011249
Muller_E	4262892	0.867493	0.131383	0.00112387
Muller_E	4263238	0.867491	0.131386	0.00112365
Muller_E	4263588	0.867488	0.131388	0.00112343
Muller_E	4264621	0.867482	0.131395	0.00112279
Muller_E	4266950	0.867468	0.131411	0.00112133
Muller_E	4267529	0.867464	0.131415	0.00112097
Muller_E	4276223	0.867411	0.131474	0.00111548
Muller_E	4311688	0.867199	0.131709	0.00109248
Muller_E	4311965	0.867197	0.131711	0.0010923
Muller_E	4312254	0.867195	0.131712	0.00109211
Muller_E	4312510	0.867194	0.131714	0.00109194
Muller_E	4334492	0.867067	0.131856	0.00107717
Muller_E	4352032	0.866967	0.131968	0.0010651
Muller_E	4353438	0.866959	0.131977	0.00106412
Muller_E	4356857	0.86694	0.131998	0.00106174
Muller_E	4360054	0.866922	0.132018	0.0010595
Muller_E	4374783	0.866841	0.13211	0.00104908
Muller_E	4374946	0.86684	0.132111	0.00104897
Muller_E	4381350	0.866805	0.132151	0.00104438
Muller_E	4558836	0.865937	0.133159	0.000904135
Muller_E	4562012	0.865924	0.133175	0.000901392
Muller_E	4564083	0.865915	0.133186	0.000899599
Muller_E	4564194	0.865914	0.133186	0.000899502
Muller_E	4568491	0.865896	0.133209	0.00089577
Muller_E	4569115	0.865893	0.133212	0.000895227
Muller_E	4569749	0.86589	0.133215	0.000894675
Muller_E	4570340	0.865888	0.133218	0.00089416
Muller_E	4571890	0.865881	0.133226	0.000892808
Muller_E	4572624	0.924543	0.0753995	5.72045e-05
Muller_E	4573491	0.865848	0.133257	0.000894974
Muller_E	4573809	0.865837	0.133267	0.000896004
Muller_E	4577361	0.865714	0.133378	0.000907507
Muller_E	4577462	0.865711	0.133381	0.000907835
Muller_E	4578308	0.865681	0.133408	0.000910575
Muller_E	4580664	0.8656	0.133482	0.000918205
Muller_E	4580954	0.86559	0.133491	0.000919145
Muller_E	4581769	0.865562	0.133516	0.000921784
Muller_E	4581909	0.865557	0.133521	0.000922238
Muller_E	4583019	0.865519	0.133555	0.000925833
Muller_E	4583393	0.865506	0.133567	0.000927045
Muller_E	4583516	0.865502	0.133571	0.000927443
Muller_E	4584473	0.865469	0.133601	0.000930543
Muller_E	4589180	0.865306	0.133748	0.000945791
Muller_E	4590247	0.865269	0.133781	0.000949248
Muller_E	4591539	0.865225	0.133822	0.000953433
Muller_E	4593253	0.865166	0.133875	0.000958987
Muller_E	4593508	0.865157	0.133883	0.000959813
Muller_E	4593974	0.865141	0.133898	0.000961323
Muller_E	4595111	0.865102	0.133933	0.000965006
Muller_E	4595303	0.865095	0.133939	0.000965628
Muller_E	4597548	0.865018	0.134009	0.000972903
Muller_E	4597833	0.865008	0.134018	0.000973826
Muller_E	4600306	0.864923	0.134095	0.000981839
Muller_E	4607273	0.864683	0.134312	0.00100442
Muller_E	4607398	0.864679	0.134316	0.00100482
Muller_E	4610441	0.864574	0.134411	0.00101468
Muller_E	4611041	0.864554	0.134429	0.00101663
Muller_E	4611562	0.864536	0.134446	0.00101832
Muller_E	4611697	0.864531	0.13445	0.00101876
Muller_E	4612447	0.864506	0.134473	0.00102119
Muller_E	4612733	0.864496	0.134482	0.00102211
Muller_E	4612927	0.864489	0.134488	0.00102274
Muller_E	4613148	0.864482	0.134495	0.00102346
Muller_E	4614502	0.864435	0.134537	0.00102785
Muller_E	4615888	0.864388	0.13458	0.00103234
Muller_E	4616173	0.864378	0.134589	0.00103326
Muller_E	4616508	0.864366	0.134599	0.00103435
Muller_E	4616663	0.864361	0.134604	0.00103485
Muller_E	4618190	0.864309	0.134652	0.0010398
Muller_E	4619781	0.864254	0.134701	0.00104496
Muller_E	4622166	0.864172	0.134775	0.00105269
Muller_E	4626314	0.86403	0.134904	0.00106614
Muller_E	4626864	0.864012	0.134921	0.00106792
Muller_E	4627368	0.863994	0.134936	0.00106956
Muller_E	4627488	0.86399	0.13494	0.00106995
Muller_E	4633961	0.863769	0.13514	0.00109093
Muller_E	4635834	0.863705	0.135198	0.00109701
Muller_E	4636452	0.863684	0.135217	0.00109901
Muller_E	4637295	0.863655	0.135243	0.00110174
Muller_E	4640891	0.863532	0.135354	0.00111341
Muller_E	4645727	0.863367	0.135504	0.00112909
Muller_E	4646376	0.863345	0.135524	0.0011312
Muller_E	4646798	0.863331	0.135537	0.00113256
Muller_E	4653320	0.863109	0.135738	0.00115372
Muller_E	4656520	0.863	0.135836	0.0011641
Muller_E	4672665	0.862452	0.136332	0.00121648
Muller_E	4674140	0.862402	0.136377	0.00122126
Muller_E	4675745	0.862347	0.136426	0.00122647
Muller_E	4676485	0.862322	0.136449	0.00122887
Muller_E	4677110	0.862301	0.136468	0.0012309
Muller_E	4677655	0.862283	0.136485	0.00123267
Muller_E	4678986	0.862237	0.136526	0.00123699
Muller_E	4680223	0.862196	0.136563	0.001241
Muller_E	4682403	0.862122	0.13663	0.00124807
Muller_E	4682621	0.862114	0.136637	0.00124878
Muller_E	4684270	0.862059	0.136687	0.00125413
Muller_E	4685491	0.862017	0.136724	0.0012581
Muller_E	4686019	0.862	0.136741	0.00125981
Muller_E	4687101	0.861963	0.136774	0.00126332
Muller_E	4689628	0.861878	0.136851	0.00127152
Muller_E	4690052	0.861863	0.136864	0.0012729
Muller_E	4690344	0.861853	0.136873	0.00127385
Muller_E	4690905	0.861834	0.13689	0.00127567
Muller_E	4691125	0.861827	0.136897	0.00127638
Muller_E	4691712	0.861807	0.136914	0.00127829
Muller_E	4691999	0.861798	0.136923	0.00127922
Muller_E	4692111	0.861794	0.136927	0.00127958
Muller_E	4693234	0.861756	0.136961	0.00128322
Muller_E	4693620	0.861743	0.136973	0.00128448
Muller_E	4693753	0.861738	0.136977	0.00128491
Muller_E	4694021	0.861729	0.136985	0.00128578
Muller_E	4694592	0.86171	0.137002	0.00128763
Muller_E	4696429	0.861648	0.137058	0.00129359
Muller_E	4696792	0.861636	0.137069	0.00129477
Muller_E	4699402	0.861548	0.137149	0.00130324
Muller_E	4700957	0.861495	0.137196	0.00130829
Muller_E	4702606	0.86144	0.137247	0.00131364
Muller_E	4708142	0.861253	0.137415	0.00133161
Muller_E	4712097	0.86112	0.137535	0.00134445
Muller_E	4713898	0.86106	0.13759	0.0013503
Muller_E	4714194	0.86105	0.137599	0.00135126
Muller_E	4717094	0.860952	0.137687	0.00136067
Muller_E	4717794	0.860929	0.137708	0.00136295
Muller_E	4720564	0.860836	0.137792	0.00137194
Muller_E	4722390	0.860775	0.137847	0.00137787
Muller_E	4727534	0.860602	0.138003	0.00139457
Muller_E	4730688	0.860497	0.138099	0.00140481
Muller_E	4731377	0.860473	0.138119	0.00140704
Muller_E	4732944	0.860421	0.138167	0.00141213
Muller_E	4738342	0.86024	0.13833	0.00142966
Muller_E	4739398	0.860205	0.138362	0.00143309
Muller_E	4742492	0.860102	0.138455	0.00144313
Muller_E	4745718	0.859994	0.138552	0.00145361
Muller_E	4746457	0.859969	0.138575	0.00145601
Muller_E	4748015	0.859917	0.138622	0.00146107
Muller_E	4748352	0.859906	0.138632	0.00146216
Muller_E	4748630	0.859897	0.13864	0.00146306
Muller_E	4751071	0.859815	0.138714	0.00147099
Muller_E	4751685	0.859795	0.138732	0.00147298
Muller_E	4751817	0.85979	0.138736	0.00147341
Muller_E	4752607	0.859764	0.13876	0.00147598
Muller_E	4752773	0.859759	0.138765	0.00147652
Muller_E	4753826	0.859723	0.138797	0.00147994
Muller_E	4754671	0.859695	0.138822	0.00148268
Muller_E	4756619	0.85963	0.138881	0.001489
Muller_E	4759191	0.859545	0.138958	0.00149736
Muller_E	4761262	0.859476	0.13902	0.00150408
Muller_E	4761866	0.859456	0.139038	0.00150604
Muller_E	4761985	0.859452	0.139042	0.00150643
Muller_E	4763545	0.8594	0.139089	0.0015115
Muller_E	4764509	0.859368	0.139118	0.00151463
Muller_E	4765595	0.859332	0.13915	0.00151815
Muller_E	4766291	0.859309	0.139171	0.00152041
Muller_E	4766501	0.859302	0.139177	0.0015211
Muller_E	4767354	0.859273	0.139203	0.00152387
Muller_E	4769627	0.859198	0.139271	0.00153125
Muller_E	4769950	0.859187	0.139281	0.0015323
Muller_E	4772288	0.859109	0.139351	0.00153989
Muller_E	4773763	0.85906	0.139395	0.00154468
Muller_E	4773963	0.859054	0.139401	0.00154533
Muller_E	4774375	0.85904	0.139413	0.00154667
Muller_E	4774957	0.859021	0.139431	0.00154856
Muller_E	4775479	0.859003	0.139446	0.00155025
Muller_E	4776619	0.858966	0.13948	0.00155395
Muller_E	4779373	0.858874	0.139563	0.0015629
Muller_E	4781913	0.85879	0.139639	0.00157115
Muller_E	4782620	0.858767	0.13966	0.00157344
Muller_E	4783326	0.858743	0.139681	0.00157573
Muller_E	4786044	0.858653	0.139762	0.00158456
Muller_E	4786690	0.858632	0.139781	0.00158666
Muller_E	4789453	0.85854	0.139864	0.00159563
Muller_E	4790377	0.85851	0.139891	0.00159863
Muller_E	4792360	0.858444	0.139951	0.00160507
Muller_E	4792549	0.858438	0.139956	0.00160569
Muller_E	4792702	0.858433	0.139961	0.00160618
Muller_E	4822723	0.857444	0.140853	0.00170368
Muller_E	4832155	0.857134	0.141132	0.00173432
Muller_E	4834924	0.857043	0.141213	0.00174331
Muller_E	4838041	0.856941	0.141305	0.00175343
Muller_E	4839031	0.856909	0.141335	0.00175665
Muller_E	4840034	0.856876	0.141364	0.0017599
Muller_E	4843722	0.856755	0.141473	0.00177188
Muller_E	4844215	0.856739	0.141487	0.00177348
Muller_E	4846930	0.85665	0.141567	0.0017823
Muller_E	4847984	0.856616	0.141598	0.00178572
Muller_E	4849699	0.85656	0.141649	0.00179129
Muller_E	4849916	0.856553	0.141655	0.00179199
Muller_E	4850646	0.856529	0.141677	0.00179437
Muller_E	4851102	0.856514	0.14169	0.00179585
Muller_E	4851280	0.856508	0.141695	0.00179642
Muller_E	4852753	0.85646	0.141739	0.00180121
Muller_E	4853630	0.856432	0.141764	0.00180406
Muller_E	4855355	0.856375	0.141815	0.00180966
Muller_E	4859608	0.856237	0.14194	0.00182347
Muller_E	4860728	0.8562	0.141973	0.0018271
Muller_E	4862947	0.856128	0.142038	0.00183431
Muller_E	4865598	0.856041	0.142116	0.00184292
Muller_E	4865718	0.856038	0.142119	0.00184331
Muller_E	4866182	0.856022	0.142133	0.00184481
Muller_E	4867670	0.855974	0.142176	0.00184965
Muller_E	4869382	0.855918	0.142226	0.00185521
Muller_E	4875634	0.855715	0.142409	0.00187551
