chrom	position	2,0	1,1	0,2
Muller_E	62882	0.042284	0.276905	0.680811
Muller_E	267432	0.0375969	0.280294	0.682109
Muller_E	441230	0.0336457	0.282939	0.683415
Muller_E	511157	0.0320636	0.283943	0.683993
Muller_E	557879	0.0310089	0.284595	0.684396
Muller_E	581000	0.0304876	0.284912	0.6846
Muller_E	709108	0.0276074	0.286601	0.685792
Muller_E	768129	0.0262848	0.287341	0.686374
Muller_E	785241	0.0259019	0.287551	0.686547
Muller_E	787322	0.0258553	0.287576	0.686568
Muller_E	787424	0.025853	0.287578	0.686569
Muller_E	788173	0.0258363	0.287587	0.686577
Muller_E	788750	0.0258234	0.287594	0.686583
Muller_E	788860	0.0258209	0.287595	0.686584
Muller_E	791823	0.0257546	0.287631	0.686614
Muller_E	802257	0.0255213	0.287758	0.686721
Muller_E	893794	0.0234778	0.288836	0.687686
Muller_E	894300	0.0234665	0.288842	0.687691
Muller_E	896281	0.0234223	0.288865	0.687713
Muller_E	897287	0.0233999	0.288876	0.687724
Muller_E	897987	0.0233843	0.288884	0.687731
Muller_E	901015	0.0233168	0.288919	0.687764
Muller_E	901718	0.0233012	0.288927	0.687772
Muller_E	923408	0.022818	0.289173	0.688009
Muller_E	923675	0.022812	0.289176	0.688012
Muller_E	924320	0.0227977	0.289183	0.688019
Muller_E	927795	0.0227203	0.289222	0.688058
Muller_E	948021	0.0222701	0.289448	0.688282
Muller_E	948230	0.0222654	0.28945	0.688284
Muller_E	958531	0.0220363	0.289564	0.688399
Muller_E	967701	0.0218323	0.289665	0.688503
Muller_E	969142	0.0218003	0.289681	0.688519
Muller_E	1033237	0.0203765	0.290369	0.689254
Muller_E	1120573	0.0184409	0.291262	0.690297
Muller_E	1123171	0.0183834	0.291288	0.690329
Muller_E	1146845	0.0178596	0.29152	0.69062
Muller_E	1148492	0.0178232	0.291536	0.69064
Muller_E	1168315	0.017385	0.291728	0.690887
Muller_E	1213395	0.0163893	0.292154	0.691457
Muller_E	1262309	0.0153103	0.292601	0.692089
Muller_E	1275111	0.0150282	0.292715	0.692256
Muller_E	1275707	0.0150151	0.292721	0.692264
Muller_E	1314313	0.0141649	0.293058	0.692777
Muller_E	1318297	0.0140772	0.293093	0.69283
Muller_E	1358440	0.0131942	0.293432	0.693373
Muller_E	1358616	0.0131903	0.293434	0.693376
Muller_E	1378824	0.0127462	0.293601	0.693653
Muller_E	1480336	0.0105187	0.294398	0.695084
Muller_E	1489232	0.0103238	0.294464	0.695212
Muller_E	1645912	0.00689767	0.295551	0.697552
Muller_E	1673398	0.00629797	0.295724	0.697978
Muller_E	1718642	0.00531166	0.296	0.698689
Muller_E	1746815	0.004698	0.296164	0.699138
Muller_E	1763447	0.00433591	0.296259	0.699405
Muller_E	1765039	0.00430126	0.296268	0.699431
Muller_E	1765159	0.00429865	0.296268	0.699433
Muller_E	1765369	0.00429408	0.296269	0.699436
Muller_E	1771226	0.0041666	0.296302	0.699531
Muller_E	1799036	0.00356156	0.296455	0.699983
Muller_E	1802542	0.00348531	0.296474	0.700041
Muller_E	1802678	0.00348236	0.296475	0.700043
Muller_E	1803039	0.0034745	0.296477	0.700049
Muller_E	1803347	0.00346781	0.296478	0.700054
Muller_E	1805518	0.00342059	0.29649	0.700089
Muller_E	1812938	0.00325925	0.29653	0.700211
Muller_E	1813040	0.00325703	0.29653	0.700213
Muller_E	1815234	0.00320933	0.296542	0.700249
Muller_E	1815907	0.0031947	0.296545	0.70026
Muller_E	1816383	0.00318435	0.296548	0.700268
Muller_E	1831501	0.00285572	0.296627	0.700517
Muller_E	1850978	0.00243249	0.296727	0.700841
Muller_E	1851905	0.00241235	0.296731	0.700856
Muller_E	1852166	0.00240668	0.296733	0.700861
Muller_E	1857635	0.00228788	0.29676	0.700952
Muller_E	1861157	0.00221137	0.296778	0.701011
Muller_E	1861336	0.00220749	0.296779	0.701014
Muller_E	1861880	0.00219567	0.296782	0.701023
Muller_E	1866595	0.00209326	0.296805	0.701102
Muller_E	1870209	0.00201478	0.296823	0.701162
Muller_E	1871973	0.00197647	0.296832	0.701192
Muller_E	1880064	0.00180079	0.296871	0.701328
Muller_E	1889333	0.00159956	0.296916	0.701484
Muller_E	1891195	0.00155914	0.296925	0.701516
Muller_E	1894320	0.00149131	0.29694	0.701569
Muller_E	1900363	0.000133386	0.18665	0.813216
Muller_E	1904375	0.00134844	0.297057	0.701594
Muller_E	1915469	0.00131586	0.297302	0.701382
Muller_E	1927060	0.00128155	0.297557	0.701161
Muller_E	1932459	0.00126547	0.297676	0.701059
Muller_E	1944351	0.00122984	0.297938	0.700833
Muller_E	1946702	0.00122276	0.297989	0.700788
Muller_E	1961660	0.00117745	0.298318	0.700504
Muller_E	1975567	0.0011349	0.298624	0.700242
Muller_E	2011856	0.00102194	0.299419	0.699559
Muller_E	2013122	0.00101794	0.299447	0.699535
Muller_E	2044597	0.000917623	0.300135	0.698947
Muller_E	2048236	0.000905888	0.300215	0.698879
Muller_E	2048434	0.000905249	0.300219	0.698876
Muller_E	2086567	0.000102964	0.193677	0.80622
Muller_E	2103366	0.000789747	0.302043	0.697167
Muller_E	2117584	0.000797055	0.302882	0.696321
Muller_E	2126123	0.000801238	0.303386	0.695812
Muller_E	2135792	0.000805788	0.303957	0.695238
Muller_E	2140907	0.000808115	0.304258	0.694933
Muller_E	2141169	0.000808232	0.304274	0.694918
Muller_E	2142715	0.000808924	0.304365	0.694826
Muller_E	2145389	0.000810107	0.304523	0.694667
Muller_E	2146953	0.000810793	0.304615	0.694574
Muller_E	2147057	0.000810838	0.304621	0.694568
Muller_E	2201852	0.000831513	0.307851	0.691318
Muller_E	2204792	0.000832439	0.308024	0.691144
Muller_E	2219543	0.000836799	0.308892	0.690271
Muller_E	2220290	0.000837007	0.308936	0.690227
Muller_E	2241628	0.000842434	0.310192	0.688965
Muller_E	2243471	0.000842856	0.310301	0.688856
Muller_E	2531559	0.000813799	0.327215	0.671972
Muller_E	2693610	0.000710571	0.336704	0.662586
Muller_E	2696554	0.000708091	0.336876	0.662416
Muller_E	2706179	0.000699829	0.337439	0.661861
Muller_E	2713009	0.000693824	0.337839	0.661467
Muller_E	2716202	0.000690976	0.338026	0.661283
Muller_E	2721440	0.000686248	0.338332	0.660982
Muller_E	2735475	0.000673234	0.339153	0.660173
Muller_E	2763120	0.000646124	0.340771	0.658583
Muller_E	2777976	0.000630742	0.34164	0.657729
Muller_E	2779619	0.000629006	0.341736	0.657635
Muller_E	2787347	0.000620746	0.342188	0.657191
Muller_E	2788916	0.00061905	0.34228	0.657101
Muller_E	2795398	0.000611976	0.342659	0.656729
Muller_E	2798296	0.000608778	0.342829	0.656562
Muller_E	2799305	0.000607659	0.342888	0.656505
Muller_E	2800245	0.000606615	0.342943	0.656451
Muller_E	2800507	0.000606323	0.342958	0.656436
Muller_E	2800780	0.000606019	0.342974	0.65642
Muller_E	2800932	0.00060585	0.342983	0.656411
Muller_E	2801158	0.000605598	0.342996	0.656398
Muller_E	2805736	0.000600467	0.343264	0.656136
Muller_E	2807233	0.000598777	0.343352	0.65605
Muller_E	2807795	0.000598142	0.343384	0.656017
Muller_E	2808363	0.000597498	0.343418	0.655985
Muller_E	2809031	0.00059674	0.343457	0.655947
Muller_E	2809272	0.000596467	0.343471	0.655933
Muller_E	2809909	0.000595742	0.343508	0.655896
Muller_E	2811470	0.000593963	0.343599	0.655807
Muller_E	2811776	0.000593614	0.343617	0.655789
Muller_E	2812117	0.000593224	0.343637	0.65577
Muller_E	2815676	0.000589138	0.343845	0.655565
Muller_E	2816259	0.000588466	0.34388	0.655532
Muller_E	2817070	0.000587529	0.343927	0.655485
Muller_E	2817616	0.000586897	0.343959	0.655454
Muller_E	2819402	0.000584825	0.344063	0.655352
Muller_E	2820166	0.000583936	0.344108	0.655308
Muller_E	2820386	0.00058368	0.344121	0.655295
Muller_E	2820775	0.000583227	0.344144	0.655273
Muller_E	2821135	0.000582807	0.344165	0.655252
Muller_E	2821440	0.000582451	0.344183	0.655235
Muller_E	2826939	0.00057599	0.344504	0.65492
Muller_E	2831172	0.000570962	0.344752	0.654677
Muller_E	2831515	0.000570552	0.344772	0.654657
Muller_E	2832336	0.000569571	0.34482	0.65461
Muller_E	2833070	0.000568692	0.344863	0.654568
Muller_E	2850717	0.000547136	0.345895	0.653558
Muller_E	2853215	0.000544018	0.346041	0.653415
Muller_E	2856496	0.000539898	0.346233	0.653227
Muller_E	2856945	0.000539332	0.34626	0.653201
Muller_E	2857481	0.000538656	0.346291	0.65317
Muller_E	2858163	0.000537794	0.346331	0.653131
Muller_E	2859754	0.000535779	0.346424	0.65304
Muller_E	2859987	0.000535483	0.346438	0.653027
Muller_E	2862604	0.000532152	0.346591	0.652877
Muller_E	2866488	0.000527175	0.346818	0.652655
Muller_E	2867267	0.000526172	0.346863	0.65261
Muller_E	2868557	0.000524508	0.346939	0.652537
Muller_E	2870085	0.00052253	0.347028	0.652449
Muller_E	2870623	0.000521833	0.34706	0.652418
Muller_E	2876155	0.000514614	0.347383	0.652102
Muller_E	2877151	0.000513306	0.347442	0.652045
Muller_E	2886067	0.000501477	0.347963	0.651535
Muller_E	2886534	0.000500851	0.347991	0.651509
Muller_E	2887599	0.000499423	0.348053	0.651448
Muller_E	2887882	0.000499043	0.348069	0.651432
Muller_E	2888492	0.000498223	0.348105	0.651397
Muller_E	2888607	0.000498068	0.348112	0.65139
Muller_E	2890000	0.000496191	0.348193	0.651311
Muller_E	2890387	0.000495669	0.348216	0.651288
Muller_E	2890907	0.000494966	0.348246	0.651259
Muller_E	2894764	0.000489734	0.348472	0.651038
Muller_E	2899098	0.000483806	0.348726	0.650791
Muller_E	2901481	0.000480526	0.348865	0.650655
Muller_E	2901643	0.000480302	0.348874	0.650645
Muller_E	2902627	0.000478943	0.348932	0.650589
Muller_E	2903432	0.000477829	0.348979	0.650543
Muller_E	2904998	0.000475657	0.349071	0.650454
Muller_E	2905994	0.000474272	0.349129	0.650397
Muller_E	2907134	0.000472683	0.349196	0.650332
Muller_E	2908511	0.00047076	0.349276	0.650253
Muller_E	2909452	0.000469442	0.349331	0.650199
Muller_E	2910160	0.00046845	0.349373	0.650159
Muller_E	2911022	0.000467239	0.349423	0.65011
Muller_E	2911252	0.000466916	0.349437	0.650097
Muller_E	2911992	0.000465875	0.34948	0.650054
Muller_E	2914672	0.000462092	0.349637	0.649901
Muller_E	2915489	0.000460935	0.349684	0.649855
Muller_E	2918585	0.000456533	0.349866	0.649678
Muller_E	2919015	0.00045592	0.349891	0.649653
Muller_E	2919728	0.000454902	0.349932	0.649613
Muller_E	2919971	0.000454555	0.349947	0.649599
Muller_E	2921506	0.000452357	0.350036	0.649511
Muller_E	2922564	0.000450839	0.350098	0.649451
Muller_E	2922707	0.000450634	0.350107	0.649443
Muller_E	2924226	0.000448448	0.350196	0.649356
Muller_E	2925108	0.000447176	0.350247	0.649306
Muller_E	2925552	0.000446535	0.350273	0.64928
Muller_E	2928855	0.000441749	0.350466	0.649092
Muller_E	2930674	0.000439101	0.350573	0.648988
Muller_E	2931258	0.000438249	0.350607	0.648955
Muller_E	2931592	0.000437761	0.350626	0.648936
Muller_E	2931798	0.00043746	0.350639	0.648924
Muller_E	2932326	0.000436688	0.350669	0.648894
Muller_E	2945623	0.000416999	0.351447	0.648136
Muller_E	2945753	0.000416804	0.351455	0.648128
Muller_E	2945878	0.000416617	0.351462	0.648121
Muller_E	2946001	0.000416433	0.351469	0.648114
Muller_E	2955783	0.000401632	0.352042	0.647557
Muller_E	2957997	0.000398247	0.352171	0.64743
Muller_E	2959282	0.000396275	0.352246	0.647357
Muller_E	2959697	0.000395638	0.352271	0.647334
Muller_E	2959819	0.00039545	0.352278	0.647327
Muller_E	2960759	0.000394004	0.352333	0.647273
Muller_E	2961667	0.000392605	0.352386	0.647221
Muller_E	2961801	0.000392398	0.352394	0.647214
Muller_E	2963254	0.000390154	0.352479	0.647131
Muller_E	2963568	0.000389668	0.352497	0.647113
Muller_E	2975263	0.000371384	0.353182	0.646447
Muller_E	2976725	0.000369072	0.353267	0.646364
Muller_E	2977784	0.000367394	0.353329	0.646304
Muller_E	2982473	0.000359926	0.353603	0.646037
Muller_E	2984283	0.000357027	0.353709	0.645934
Muller_E	2985483	0.0003551	0.35378	0.645865
Muller_E	2985658	0.000354819	0.35379	0.645855
Muller_E	2985908	0.000354417	0.353804	0.645841
Muller_E	2987685	0.000351554	0.353908	0.64574
Muller_E	2992894	0.000343113	0.354213	0.645444
Muller_E	2993313	0.000342431	0.354238	0.64542
Muller_E	2993798	0.000341641	0.354266	0.645392
Muller_E	2994137	0.000341088	0.354286	0.645373
Muller_E	2994487	0.000340517	0.354306	0.645353
Muller_E	2994615	0.000340308	0.354314	0.645346
Muller_E	2995123	3.90474e-05	0.23139	0.768571
Muller_E	2995701	0.000340131	0.354413	0.645247
Muller_E	2996048	0.000340522	0.354454	0.645205
Muller_E	2996738	0.000341299	0.354537	0.645122
Muller_E	2996880	0.000341459	0.354554	0.645105
Muller_E	2997113	0.000341721	0.354581	0.645077
Muller_E	2999116	0.000343968	0.354821	0.644835
Muller_E	2999459	0.000344352	0.354862	0.644794
Muller_E	3001420	0.000346542	0.355096	0.644558
Muller_E	3001578	0.000346718	0.355115	0.644539
Muller_E	3001696	0.000346849	0.355129	0.644524
Muller_E	3002579	0.000347832	0.355234	0.644418
Muller_E	3003095	0.000348405	0.355296	0.644356
Muller_E	3003540	0.000348899	0.355349	0.644302
Muller_E	3004120	0.000349542	0.355418	0.644232
Muller_E	3005221	0.000350761	0.35555	0.644099
Muller_E	3007967	0.000353787	0.355878	0.643768
Muller_E	3012773	0.000359042	0.356452	0.643189
Muller_E	3013331	0.000359649	0.356519	0.643122
Muller_E	3013618	0.00035996	0.356553	0.643087
Muller_E	3014080	0.000360462	0.356608	0.643031
Muller_E	3014783	0.000361223	0.356692	0.642947
Muller_E	3016296	0.000362859	0.356873	0.642764
Muller_E	3017214	0.000363849	0.356983	0.642653
Muller_E	3018320	0.000365039	0.357115	0.64252
Muller_E	3018982	0.00036575	0.357194	0.64244
Muller_E	3019303	0.000366094	0.357232	0.642402
Muller_E	3019831	0.00036666	0.357295	0.642338
Muller_E	3021834	0.0003688	0.357535	0.642097
Muller_E	3021944	0.000368918	0.357548	0.642083
Muller_E	3023127	0.000370177	0.357689	0.641941
Muller_E	3024474	0.000371607	0.35785	0.641778
Muller_E	3024813	0.000371966	0.35789	0.641738
Muller_E	3029421	0.000376822	0.358441	0.641182
Muller_E	3029834	0.000377254	0.35849	0.641133
Muller_E	3030101	0.000377534	0.358522	0.6411
Muller_E	3033200	0.000380766	0.358892	0.640727
Muller_E	3033901	0.000381494	0.358976	0.640643
Muller_E	3034073	0.000381672	0.358997	0.640622
Muller_E	3036032	0.000383699	0.359231	0.640386
Muller_E	3038305	0.00038604	0.359502	0.640112
Muller_E	3041816	0.000389631	0.359921	0.639689
Muller_E	3044683	0.000392541	0.360264	0.639344
Muller_E	3046757	0.000394634	0.360512	0.639094
Muller_E	3046887	0.000394765	0.360527	0.639078
Muller_E	3047900	0.000395784	0.360648	0.638956
Muller_E	3048135	0.000396019	0.360676	0.638928
Muller_E	3050664	0.000398549	0.360978	0.638623
Muller_E	3051698	0.000399579	0.361102	0.638499
Muller_E	3051968	0.000399848	0.361134	0.638466
Muller_E	3052635	0.00040051	0.361214	0.638386
Muller_E	3053197	0.000401068	0.361281	0.638318
Muller_E	3056428	0.000404258	0.361667	0.637929
Muller_E	3056712	0.000404537	0.361701	0.637895
Muller_E	3058398	0.00040619	0.361902	0.637692
Muller_E	3059687	0.000407449	0.362056	0.637537
Muller_E	3061511	0.000409225	0.362274	0.637317
Muller_E	3062406	0.000410093	0.362381	0.637209
Muller_E	3062537	0.00041022	0.362396	0.637193
Muller_E	3100018	0.000444802	0.366873	0.632682
Muller_E	3100718	0.000445415	0.366956	0.632598
Muller_E	3112367	0.000455436	0.368348	0.631197
Muller_E	3112987	0.000455959	0.368422	0.631122
Muller_E	3113420	0.000456325	0.368473	0.63107
Muller_E	3116107	0.000458581	0.368794	0.630747
Muller_E	3119432	0.000461348	0.369191	0.630347
Muller_E	3119714	0.000461581	0.369225	0.630313
Muller_E	3120862	0.000462529	0.369362	0.630175
Muller_E	3122265	0.000463683	0.36953	0.630006
Muller_E	3123364	0.000464584	0.369661	0.629874
Muller_E	3124138	0.000465216	0.369754	0.629781
Muller_E	3127464	0.000467917	0.370151	0.629381
Muller_E	3128767	0.000468967	0.370306	0.629225
Muller_E	3128895	0.00046907	0.370322	0.629209
Muller_E	3129611	0.000469645	0.370407	0.629123
Muller_E	3129743	0.000469751	0.370423	0.629107
Muller_E	3130171	0.000470094	0.370474	0.629056
Muller_E	3131529	0.000471179	0.370636	0.628893
Muller_E	3137674	0.000476032	0.37137	0.628154
Muller_E	3139976	0.000477825	0.371645	0.627877
Muller_E	3143168	0.000480289	0.372026	0.627493
Muller_E	3169152	0.000499379	0.375129	0.624371
Muller_E	3170575	0.000500374	0.375299	0.6242
Muller_E	3173857	0.00050265	0.375691	0.623806
Muller_E	3192801	0.000515238	0.377954	0.621531
Muller_E	3194086	0.000516058	0.378107	0.621377
Muller_E	3194230	0.000516149	0.378125	0.621359
Muller_E	3207603	0.00052442	0.379722	0.619754
Muller_E	3207708	0.000524483	0.379734	0.619741
Muller_E	3208070	0.0005247	0.379778	0.619698
Muller_E	3208369	0.000524879	0.379813	0.619662
Muller_E	3208507	0.000524962	0.37983	0.619645
Muller_E	3208706	0.000525081	0.379854	0.619621
Muller_E	3210124	7.26081e-05	0.254795	0.745132
Muller_E	3211254	0.000532605	0.38027	0.619197
Muller_E	3212088	0.000537535	0.380452	0.61901
Muller_E	3216063	0.000561036	0.381322	0.618117
Muller_E	3216461	0.00231722	0.834667	0.163016
Muller_E	3217109	0.000565302	0.381402	0.618033
Muller_E	3217441	0.000566282	0.381399	0.618035
Muller_E	3217706	0.000567064	0.381396	0.618037
Muller_E	3217825	0.000567414	0.381395	0.618038
Muller_E	3218354	0.000568974	0.38139	0.618041
Muller_E	3219292	0.000571738	0.38138	0.618048
Muller_E	3219763	0.000573124	0.381376	0.618051
Muller_E	3221459	0.000578112	0.381359	0.618063
Muller_E	3222112	0.000580031	0.381352	0.618068
Muller_E	3223012	0.000582673	0.381343	0.618074
Muller_E	3223549	0.000584248	0.381338	0.618078
Muller_E	3224815	0.000587959	0.381325	0.618087
Muller_E	3226800	0.000593768	0.381305	0.618101
Muller_E	3229718	0.000602287	0.381276	0.618122
Muller_E	3240322	0.000633043	0.38117	0.618197
Muller_E	3240918	0.000634762	0.381164	0.618201
Muller_E	3241273	0.000635786	0.38116	0.618204
Muller_E	3247835	0.000654641	0.381095	0.61825
Muller_E	3251442	0.000664954	0.381059	0.618276
Muller_E	3252203	0.000667125	0.381051	0.618282
Muller_E	3254014	0.000672286	0.381033	0.618294
Muller_E	3254518	0.00067372	0.381028	0.618298
Muller_E	3255141	0.000675492	0.381022	0.618303
Muller_E	3255365	0.000676129	0.38102	0.618304
Muller_E	3259142	0.000686847	0.380982	0.618331
Muller_E	3259935	0.000689092	0.380974	0.618337
Muller_E	3262497	0.000696333	0.380949	0.618355
Muller_E	3263708	0.00069975	0.380936	0.618364
Muller_E	3264644	0.000702388	0.380927	0.61837
Muller_E	3266132	0.000706576	0.380912	0.618381
Muller_E	3266579	0.000707833	0.380908	0.618384
Muller_E	3266806	0.000708471	0.380906	0.618386
Muller_E	3269029	0.000714712	0.380883	0.618402
Muller_E	3271700	0.000722193	0.380857	0.618421
Muller_E	3271881	0.000722699	0.380855	0.618422
Muller_E	3273894	0.000728322	0.380835	0.618437
Muller_E	3275081	0.000731633	0.380823	0.618445
Muller_E	3275989	0.000734163	0.380814	0.618452
Muller_E	3278049	0.000739894	0.380793	0.618467
Muller_E	3280894	0.000747788	0.380765	0.618487
Muller_E	3282107	0.000751148	0.380753	0.618496
Muller_E	3282973	0.000753543	0.380744	0.618502
Muller_E	3284532	0.000757851	0.380729	0.618513
Muller_E	3291321	0.000776529	0.380661	0.618562
Muller_E	3291878	0.000778055	0.380656	0.618566
Muller_E	3293351	0.000782088	0.380641	0.618577
Muller_E	3293759	0.000783204	0.380637	0.61858
Muller_E	3304917	0.000813543	0.380526	0.618661
Muller_E	3306663	0.000818259	0.380509	0.618673
Muller_E	3306880	0.000818845	0.380506	0.618675
Muller_E	3310127	0.00082759	0.380474	0.618698
Muller_E	3312301	0.000833428	0.380452	0.618714
Muller_E	3312718	0.000834547	0.380448	0.618717
Muller_E	3318766	0.000850712	0.380388	0.618761
Muller_E	3323588	0.000863527	0.38034	0.618796
Muller_E	3324201	0.000865152	0.380334	0.618801
Muller_E	3324656	0.000866357	0.38033	0.618804
Muller_E	3325091	0.000867508	0.380325	0.618807
Muller_E	3326084	0.000870135	0.380315	0.618814
Muller_E	3326190	0.000870415	0.380314	0.618815
Muller_E	3330218	0.000881041	0.380274	0.618845
Muller_E	3334866	0.000893245	0.380228	0.618879
Muller_E	3337545	0.000900251	0.380202	0.618898
Muller_E	3340268	0.000907352	0.380175	0.618918
Muller_E	3340480	0.000907904	0.380172	0.61892
Muller_E	3410593	0.00108354	0.379478	0.619439
Muller_E	3431230	0.00113261	0.379274	0.619593
Muller_E	3437416	0.00114709	0.379213	0.61964
Muller_E	3456916	0.00119202	0.379021	0.619787
Muller_E	3457694	0.0011938	0.379013	0.619793
Muller_E	3459001	0.00119677	0.379	0.619803
Muller_E	3462300	0.00120424	0.378967	0.619828
Muller_E	3464519	0.00120926	0.378946	0.619845
Muller_E	3464673	0.00120961	0.378944	0.619846
Muller_E	3477602	0.00123853	0.378817	0.619945
Muller_E	3525631	0.00134192	0.378344	0.620314
Muller_E	3546828	0.0013855	0.378136	0.620478
Muller_E	3557059	0.00140609	0.378036	0.620558
Muller_E	3566467	0.00142477	0.377944	0.620631
Muller_E	3572057	0.00143575	0.377889	0.620675
Muller_E	3572168	0.00143597	0.377888	0.620676
Muller_E	3579272	0.00144979	0.377818	0.620732
Muller_E	3579502	0.00145024	0.377816	0.620734
Muller_E	3582419	0.00145587	0.377788	0.620756
Muller_E	3590131	0.00147066	0.377712	0.620817
Muller_E	3605233	0.00149913	0.377564	0.620936
Muller_E	3610748	0.00150937	0.377511	0.62098
Muller_E	3611776	0.00151127	0.3775	0.620988
Muller_E	3615071	0.00151734	0.377468	0.621014
Muller_E	3617701	0.00152216	0.377443	0.621035
Muller_E	3617818	0.00152238	0.377441	0.621036
Muller_E	3617948	0.00152262	0.37744	0.621037
Muller_E	3623404	0.00153256	0.377387	0.621081
Muller_E	3630035	0.00154452	0.377322	0.621133
Muller_E	3631532	0.00154721	0.377308	0.621145
Muller_E	3634067	0.00155174	0.377283	0.621165
Muller_E	3642157	0.00156609	0.377204	0.62123
Muller_E	3643438	0.00156835	0.377191	0.62124
Muller_E	3645674	0.00157227	0.377169	0.621258
Muller_E	3652519	0.0015842	0.377103	0.621313
Muller_E	3655257	0.00158894	0.377076	0.621335
Muller_E	3657953	0.00159358	0.37705	0.621357
Muller_E	3660200	0.00159744	0.377028	0.621375
Muller_E	3665461	0.00160641	0.376977	0.621417
Muller_E	3670065	0.00161419	0.376932	0.621454
Muller_E	3757777	0.00175137	0.376079	0.62217
Muller_E	3766114	0.00176331	0.375998	0.622239
Muller_E	3770199	0.00176909	0.375959	0.622272
Muller_E	3771242	0.00177056	0.375948	0.622281
Muller_E	3775369	0.00177633	0.375908	0.622315
Muller_E	3781958	0.00178546	0.375845	0.62237
Muller_E	3788305	0.00179415	0.375783	0.622423
Muller_E	3788531	0.00179445	0.375781	0.622425
Muller_E	3788717	0.00179471	0.375779	0.622426
Muller_E	3791492	0.00179846	0.375752	0.622449
Muller_E	3791929	0.00179905	0.375748	0.622453
Muller_E	3794089	0.00180196	0.375727	0.622471
Muller_E	3798034	0.00180724	0.375689	0.622504
Muller_E	3805877	0.00181761	0.375613	0.622569
Muller_E	3808116	0.00182053	0.375591	0.622588
Muller_E	3837593	0.0018578	0.375306	0.622836
Muller_E	3889492	0.00191762	0.374805	0.623277
Muller_E	3892070	0.0019204	0.374781	0.623299
Muller_E	3892768	0.00192115	0.374774	0.623305
Muller_E	3893846	0.00192231	0.374763	0.623314
Muller_E	3895236	0.00192379	0.37475	0.623326
Muller_E	3896701	0.00192535	0.374736	0.623339
Muller_E	3964144	0.00199076	0.374087	0.623922
Muller_E	3964249	0.00199085	0.374086	0.623923
Muller_E	3964701	0.00199125	0.374082	0.623927
Muller_E	3965335	0.0019918	0.374076	0.623933
Muller_E	3965537	0.00199198	0.374074	0.623934
Muller_E	3971184	0.00199687	0.374019	0.623984
Muller_E	4005791	0.00202495	0.373687	0.624288
Muller_E	4007537	0.00202628	0.37367	0.624303
Muller_E	4008073	0.00202669	0.373665	0.624308
Muller_E	4008732	0.00202719	0.373659	0.624314
Muller_E	4009275	0.0020276	0.373654	0.624319
Muller_E	4009794	0.00202799	0.373649	0.624323
Muller_E	4010462	0.00202849	0.373642	0.624329
Muller_E	4011246	0.00202908	0.373635	0.624336
Muller_E	4011350	0.00202916	0.373634	0.624337
Muller_E	4011743	0.00202945	0.37363	0.62434
Muller_E	4012926	0.00203034	0.373619	0.624351
Muller_E	4015010	0.00203188	0.373599	0.624369
Muller_E	4015956	0.00203258	0.37359	0.624378
Muller_E	4016731	0.00203315	0.373582	0.624385
Muller_E	4017133	0.00203345	0.373578	0.624388
Muller_E	4017640	0.00203382	0.373574	0.624393
Muller_E	4021078	0.00203632	0.373541	0.624423
Muller_E	4021876	0.0020369	0.373533	0.62443
Muller_E	4022513	0.00203735	0.373527	0.624436
Muller_E	4022928	0.00203765	0.373523	0.624439
Muller_E	4024532	0.0020388	0.373508	0.624454
Muller_E	4024639	0.00203888	0.373507	0.624455
Muller_E	4025270	0.00203933	0.373501	0.62446
Muller_E	4027169	0.00204067	0.373482	0.624477
Muller_E	4027437	0.00204086	0.37348	0.624479
Muller_E	4027764	0.00204109	0.373477	0.624482
Muller_E	4029270	0.00204215	0.373462	0.624496
Muller_E	4032202	0.00204419	0.373434	0.624522
Muller_E	4032327	0.00204428	0.373433	0.624523
Muller_E	4033521	0.0020451	0.373421	0.624533
Muller_E	4033797	0.00204529	0.373419	0.624536
Muller_E	4036360	0.00204705	0.373394	0.624559
Muller_E	4037138	0.00204758	0.373387	0.624566
Muller_E	4037610	0.0020479	0.373382	0.62457
Muller_E	4040496	0.00204984	0.373355	0.624596
Muller_E	4040949	0.00205014	0.37335	0.6246
Muller_E	4045900	0.00205342	0.373303	0.624644
Muller_E	4046078	0.00205354	0.373301	0.624645
Muller_E	4046843	0.00205404	0.373294	0.624652
Muller_E	4047581	0.00205452	0.373287	0.624659
Muller_E	4048275	0.00205497	0.37328	0.624665
Muller_E	4048700	0.00205525	0.373276	0.624669
Muller_E	4053592	0.00205838	0.373229	0.624712
Muller_E	4056223	0.00206004	0.373204	0.624736
Muller_E	4056545	0.00206024	0.373201	0.624739
Muller_E	4056951	0.0020605	0.373197	0.624742
Muller_E	4057601	0.0020609	0.373191	0.624748
Muller_E	4057720	0.00206098	0.37319	0.624749
Muller_E	4058043	0.00206118	0.373187	0.624752
Muller_E	4058149	0.00206125	0.373186	0.624753
Muller_E	4058704	0.00206159	0.37318	0.624758
Muller_E	4059417	0.00206203	0.373174	0.624764
Muller_E	4059965	0.00206237	0.373168	0.624769
Muller_E	4061381	0.00206324	0.373155	0.624782
Muller_E	4061745	0.00206346	0.373151	0.624785
Muller_E	4062020	0.00206363	0.373149	0.624788
Muller_E	4062507	0.00206393	0.373144	0.624792
Muller_E	4062941	0.0020642	0.37314	0.624796
Muller_E	4064035	0.00206486	0.373129	0.624806
Muller_E	4064680	0.00206525	0.373123	0.624812
Muller_E	4064829	0.00206534	0.373122	0.624813
Muller_E	4065474	0.00206573	0.373116	0.624819
Muller_E	4065574	0.00206579	0.373115	0.62482
Muller_E	4066028	0.00206606	0.37311	0.624824
Muller_E	4067541	0.00206697	0.373096	0.624837
Muller_E	4067967	0.00206722	0.373092	0.624841
Muller_E	4068535	0.00206756	0.373086	0.624846
Muller_E	4069245	0.00206798	0.373079	0.624853
Muller_E	4070105	0.00206849	0.373071	0.62486
Muller_E	4071088	0.00206907	0.373062	0.624869
Muller_E	4071641	0.00206939	0.373057	0.624874
Muller_E	4072126	0.00206967	0.373052	0.624878
Muller_E	4072768	0.00207005	0.373046	0.624884
Muller_E	4072973	0.00207017	0.373044	0.624886
Muller_E	4073359	0.00207039	0.37304	0.624889
Muller_E	4075135	0.00207142	0.373023	0.624905
Muller_E	4075254	0.00207149	0.373022	0.624907
Muller_E	4076053	0.00207195	0.373014	0.624914
Muller_E	4077160	0.00207258	0.373004	0.624924
Muller_E	4078165	0.00207315	0.372994	0.624933
Muller_E	4078690	0.00207345	0.372989	0.624937
Muller_E	4078900	0.00207357	0.372987	0.624939
Muller_E	4079010	0.00207363	0.372986	0.62494
Muller_E	4079297	0.00207379	0.372983	0.624943
Muller_E	4081728	0.00207516	0.37296	0.624965
Muller_E	4082079	0.00207535	0.372957	0.624968
Muller_E	4083988	0.00207641	0.372938	0.624985
Muller_E	4085715	0.00207736	0.372922	0.625001
Muller_E	4089306	0.00207931	0.372888	0.625033
Muller_E	4089803	0.00207958	0.372883	0.625038
Muller_E	4092778	0.00208116	0.372854	0.625064
Muller_E	4092894	0.00208122	0.372853	0.625065
Muller_E	4098915	0.00208435	0.372796	0.62512
Muller_E	4109650	0.00208968	0.372693	0.625217
Muller_E	4113217	0.00209139	0.372659	0.625249
Muller_E	4113538	0.00209154	0.372656	0.625252
Muller_E	4114422	0.00209195	0.372648	0.62526
Muller_E	4114803	0.00209213	0.372644	0.625264
Muller_E	4115118	0.00209228	0.372641	0.625267
Muller_E	4116856	0.00209309	0.372624	0.625282
Muller_E	4117074	0.00209319	0.372622	0.625284
Muller_E	4117473	0.00209337	0.372619	0.625288
Muller_E	4118970	0.00209406	0.372604	0.625302
Muller_E	4121851	0.00209537	0.372577	0.625328
Muller_E	4122071	0.00209547	0.372575	0.62533
Muller_E	4122393	0.00209561	0.372572	0.625333
Muller_E	4122818	0.0020958	0.372568	0.625337
Muller_E	4124318	0.00209647	0.372553	0.62535
Muller_E	4124418	0.00209651	0.372552	0.625351
Muller_E	4126492	0.00209742	0.372533	0.62537
Muller_E	4127527	0.00209787	0.372523	0.62538
Muller_E	4127720	0.00209796	0.372521	0.625381
Muller_E	4128101	0.00209812	0.372517	0.625385
Muller_E	4128234	0.00209818	0.372516	0.625386
Muller_E	4130334	0.00209908	0.372496	0.625405
Muller_E	4132221	0.00209988	0.372478	0.625422
Muller_E	4134741	0.00210093	0.372454	0.625445
Muller_E	4134982	0.00210103	0.372451	0.625447
Muller_E	4136547	0.00210168	0.372437	0.625462
Muller_E	4140224	0.00210317	0.372401	0.625495
Muller_E	4140902	0.00210344	0.372395	0.625502
Muller_E	4141485	0.00210367	0.372389	0.625507
Muller_E	4143836	0.00210459	0.372367	0.625528
Muller_E	4144350	0.00210479	0.372362	0.625533
Muller_E	4144848	0.00210498	0.372357	0.625538
Muller_E	4150850	0.00210726	0.3723	0.625593
Muller_E	4151927	0.00210766	0.37229	0.625602
Muller_E	4154621	0.00210864	0.372264	0.625627
Muller_E	4159745	0.00211045	0.372215	0.625674
Muller_E	4159958	0.00211053	0.372213	0.625676
Muller_E	4160923	0.00211086	0.372204	0.625685
Muller_E	4161787	0.00211115	0.372196	0.625693
Muller_E	4162162	0.00211128	0.372192	0.625696
Muller_E	4163984	0.0021119	0.372175	0.625713
Muller_E	4164218	0.00211198	0.372173	0.625715
Muller_E	4164859	0.00211219	0.372167	0.625721
Muller_E	4165033	0.00211225	0.372165	0.625723
Muller_E	4165157	0.00211229	0.372164	0.625724
Muller_E	4165383	0.00211236	0.372162	0.625726
Muller_E	4165808	0.0021125	0.372158	0.62573
Muller_E	4165958	0.00211255	0.372156	0.625731
Muller_E	4166062	0.00211259	0.372155	0.625732
Muller_E	4166243	0.00211265	0.372153	0.625734
Muller_E	4166628	0.00211277	0.37215	0.625737
Muller_E	4168755	0.00211347	0.372129	0.625757
Muller_E	4172546	0.00211467	0.372093	0.625792
Muller_E	4172827	0.00211476	0.372091	0.625795
Muller_E	4173860	0.00211508	0.372081	0.625804
Muller_E	4176100	0.00211576	0.372059	0.625825
Muller_E	4176326	0.00211583	0.372057	0.625827
Muller_E	4176826	0.00211598	0.372053	0.625831
Muller_E	4177022	0.00211604	0.372051	0.625833
Muller_E	4178339	0.00211643	0.372038	0.625845
Muller_E	4178608	0.00211651	0.372036	0.625848
Muller_E	4179326	0.00211672	0.372029	0.625855
Muller_E	4180712	0.00211713	0.372016	0.625867
Muller_E	4180966	0.0021172	0.372013	0.62587
Muller_E	4184926	0.00211833	0.371975	0.625906
Muller_E	4185178	0.0021184	0.371973	0.625909
Muller_E	4185319	0.00211844	0.371972	0.62591
Muller_E	4185532	0.0021185	0.37197	0.625912
Muller_E	4187632	0.00211907	0.37195	0.625931
Muller_E	4188227	0.00211923	0.371944	0.625937
Muller_E	4188670	0.00211935	0.37194	0.625941
Muller_E	4192621	0.00212039	0.371902	0.625977
Muller_E	4193546	0.00212063	0.371893	0.625986
Muller_E	4194407	0.00212085	0.371885	0.625994
Muller_E	4195783	0.0021212	0.371872	0.626007
Muller_E	4196010	0.00212125	0.37187	0.626009
Muller_E	4197440	0.00212161	0.371856	0.626022
Muller_E	4198223	0.0021218	0.371849	0.626029
Muller_E	4199021	0.00212199	0.371841	0.626037
Muller_E	4199203	0.00212203	0.371839	0.626038
Muller_E	4199424	0.00212209	0.371837	0.626041
Muller_E	4199639	0.00212214	0.371835	0.626043
Muller_E	4199983	0.00212222	0.371832	0.626046
Muller_E	4203293	0.00212299	0.371801	0.626076
Muller_E	4205814	0.00212356	0.371777	0.6261
Muller_E	4206134	0.00212363	0.371774	0.626103
Muller_E	4207588	0.00212395	0.37176	0.626116
Muller_E	4210680	0.00212461	0.37173	0.626145
Muller_E	4210928	0.00212467	0.371728	0.626147
Muller_E	4211312	0.00212475	0.371724	0.626151
Muller_E	4211755	0.00212484	0.37172	0.626155
Muller_E	4213444	0.00212518	0.371704	0.626171
Muller_E	4216650	0.00212582	0.371673	0.626201
Muller_E	4217058	0.00212589	0.37167	0.626205
Muller_E	4217453	0.00212597	0.371666	0.626208
Muller_E	4217565	0.00212599	0.371665	0.626209
Muller_E	4217669	0.00212601	0.371664	0.62621
Muller_E	4217825	0.00212604	0.371662	0.626212
Muller_E	4218923	0.00212625	0.371652	0.626222
Muller_E	4225215	0.00212737	0.371592	0.626281
Muller_E	4232774	0.00212858	0.37152	0.626351
Muller_E	4235298	0.00212895	0.371496	0.626375
Muller_E	4245993	0.00213033	0.371394	0.626475
Muller_E	4252835	0.00213104	0.371329	0.626539
Muller_E	4253725	0.00213113	0.371321	0.626548
Muller_E	4256197	0.00213135	0.371298	0.626571
Muller_E	4261234	0.00213175	0.37125	0.626619
Muller_E	4262892	0.00213187	0.371234	0.626634
Muller_E	4263238	0.00213189	0.371231	0.626637
Muller_E	4263588	0.00213192	0.371227	0.626641
Muller_E	4264621	0.00213199	0.371218	0.62665
Muller_E	4266950	0.00213213	0.371195	0.626672
Muller_E	4267529	0.00213216	0.37119	0.626678
Muller_E	4276223	0.00213255	0.371107	0.62676
Muller_E	4311688	0.00213202	0.370771	0.627097
Muller_E	4311965	0.002132	0.370768	0.6271
Muller_E	4312254	0.00213199	0.370766	0.627102
Muller_E	4312510	0.00213197	0.370763	0.627105
Muller_E	4334492	0.0021299	0.370555	0.627315
Muller_E	4352032	0.00212732	0.370389	0.627484
Muller_E	4353438	0.00212707	0.370375	0.627498
Muller_E	4356857	0.00212646	0.370343	0.627531
Muller_E	4360054	0.00212586	0.370313	0.627561
Muller_E	4374783	0.00212274	0.370173	0.627704
Muller_E	4374946	0.0021227	0.370172	0.627706
Muller_E	4381350	0.00212116	0.370111	0.627768
Muller_E	4558836	0.00203486	0.368436	0.629529
Muller_E	4562012	0.00203256	0.368406	0.629561
Muller_E	4564083	0.00203104	0.368387	0.629582
Muller_E	4564194	0.00203095	0.368386	0.629583
Muller_E	4568491	0.00202776	0.368345	0.629627
Muller_E	4569115	0.0020273	0.368339	0.629633
Muller_E	4569749	0.00202682	0.368333	0.62964
Muller_E	4570340	0.00202637	0.368328	0.629646
Muller_E	4571890	0.0020252	0.368313	0.629661
Muller_E	4572624	0.00202465	0.368306	0.629669
Muller_E	4573491	0.00202399	0.368298	0.629678
Muller_E	4573809	0.00202375	0.368295	0.629681
Muller_E	4577361	0.00202102	0.368262	0.629717
Muller_E	4577462	0.00202094	0.368261	0.629718
Muller_E	4578308	0.00202029	0.368253	0.629727
Muller_E	4580664	0.00201846	0.368231	0.629751
Muller_E	4580954	0.00201823	0.368228	0.629754
Muller_E	4581769	0.00201759	0.36822	0.629762
Muller_E	4581909	0.00201748	0.368219	0.629763
Muller_E	4583019	0.00201661	0.368209	0.629775
Muller_E	4583393	0.00201632	0.368205	0.629779
Muller_E	4583516	0.00201622	0.368204	0.62978
Muller_E	4584473	0.00201546	0.368195	0.62979
Muller_E	4589180	0.00201171	0.368151	0.629838
Muller_E	4590247	0.00201085	0.368141	0.629849
Muller_E	4591539	0.00200981	0.368128	0.629862
Muller_E	4593253	0.00200842	0.368112	0.629879
Muller_E	4593508	0.00200821	0.36811	0.629882
Muller_E	4593974	0.00200783	0.368106	0.629887
Muller_E	4595111	0.0020069	0.368095	0.629898
Muller_E	4595303	0.00200675	0.368093	0.6299
Muller_E	4597548	0.0020049	0.368072	0.629923
Muller_E	4597833	0.00200466	0.368069	0.629926
Muller_E	4600306	0.00200261	0.368046	0.629951
Muller_E	4607273	0.00199675	0.36798	0.630023
Muller_E	4607398	0.00199664	0.367979	0.630024
Muller_E	4610441	0.00199404	0.367951	0.630055
Muller_E	4611041	0.00199352	0.367945	0.630061
Muller_E	4611562	0.00199307	0.36794	0.630067
Muller_E	4611697	0.00199295	0.367939	0.630068
Muller_E	4612447	0.00199231	0.367932	0.630076
Muller_E	4612733	0.00199206	0.367929	0.630079
Muller_E	4612927	0.00199189	0.367927	0.630081
Muller_E	4613148	0.0019917	0.367925	0.630083
Muller_E	4614502	0.00199052	0.367912	0.630097
Muller_E	4615888	0.00198932	0.367899	0.630111
Muller_E	4616173	0.00198907	0.367897	0.630114
Muller_E	4616508	0.00198877	0.367894	0.630118
Muller_E	4616663	0.00198864	0.367892	0.630119
Muller_E	4618190	0.0019873	0.367878	0.630135
Muller_E	4619781	0.00198589	0.367863	0.630151
Muller_E	4622166	0.00198378	0.36784	0.630176
Muller_E	4626314	0.00198006	0.367801	0.630219
Muller_E	4626864	0.00197956	0.367796	0.630224
Muller_E	4627368	0.00197911	0.367792	0.630229
Muller_E	4627488	0.001979	0.36779	0.630231
Muller_E	4633961	0.00197309	0.36773	0.630297
Muller_E	4635834	0.00197135	0.367712	0.630317
Muller_E	4636452	0.00197078	0.367706	0.630323
Muller_E	4637295	0.00197	0.367698	0.630332
Muller_E	4640891	0.00196663	0.367664	0.630369
Muller_E	4645727	0.00196205	0.367619	0.630419
Muller_E	4646376	0.00196144	0.367613	0.630426
Muller_E	4646798	0.00196103	0.367609	0.63043
Muller_E	4653320	0.00195474	0.367548	0.630498
Muller_E	4656520	0.00195161	0.367518	0.630531
Muller_E	4672665	0.00193542	0.367366	0.630699
Muller_E	4674140	0.0019339	0.367352	0.630714
Muller_E	4675745	0.00193225	0.367337	0.630731
Muller_E	4676485	0.00193149	0.36733	0.630738
Muller_E	4677110	0.00193084	0.367324	0.630745
Muller_E	4677655	0.00193027	0.367319	0.630751
Muller_E	4678986	0.00192889	0.367307	0.630765
Muller_E	4680223	0.0019276	0.367295	0.630777
Muller_E	4682403	0.00192532	0.367275	0.6308
Muller_E	4682621	0.00192509	0.367272	0.630802
Muller_E	4684270	0.00192335	0.367257	0.63082
Muller_E	4685491	0.00192206	0.367246	0.630832
Muller_E	4686019	0.0019215	0.367241	0.630838
Muller_E	4687101	0.00192035	0.36723	0.630849
Muller_E	4689628	0.00191766	0.367207	0.630876
Muller_E	4690052	0.00191721	0.367203	0.63088
Muller_E	4690344	0.00191689	0.3672	0.630883
Muller_E	4690905	0.00191629	0.367195	0.630889
Muller_E	4691125	0.00191606	0.367193	0.630891
Muller_E	4691712	0.00191543	0.367187	0.630897
Muller_E	4691999	0.00191512	0.367184	0.6309
Muller_E	4692111	0.001915	0.367183	0.630902
Muller_E	4693234	0.00191379	0.367173	0.630913
Muller_E	4693620	0.00191337	0.367169	0.630917
Muller_E	4693753	0.00191323	0.367168	0.630919
Muller_E	4694021	0.00191294	0.367165	0.630922
Muller_E	4694592	0.00191232	0.36716	0.630928
Muller_E	4696429	0.00191033	0.367143	0.630947
Muller_E	4696792	0.00190993	0.367139	0.630951
Muller_E	4699402	0.00190708	0.367115	0.630978
Muller_E	4700957	0.00190538	0.3671	0.630994
Muller_E	4702606	0.00190356	0.367085	0.631012
Muller_E	4708142	0.00189741	0.367033	0.63107
Muller_E	4712097	0.00189297	0.366996	0.631111
Muller_E	4713898	0.00189093	0.366979	0.63113
Muller_E	4714194	0.0018906	0.366976	0.631133
Muller_E	4717094	0.0018873	0.366949	0.631164
Muller_E	4717794	0.0018865	0.366942	0.631171
Muller_E	4720564	0.00188332	0.366916	0.6312
Muller_E	4722390	0.00188121	0.366899	0.63122
Muller_E	4727534	0.00187523	0.366851	0.631274
Muller_E	4730688	0.00187153	0.366821	0.631307
Muller_E	4731377	0.00187072	0.366815	0.631314
Muller_E	4732944	0.00186887	0.3668	0.631331
Muller_E	4738342	0.00186244	0.36675	0.631388
Muller_E	4739398	0.00186117	0.36674	0.631399
Muller_E	4742492	0.00185744	0.366711	0.631432
Muller_E	4745718	0.00185353	0.36668	0.631466
Muller_E	4746457	0.00185263	0.366674	0.631474
Muller_E	4748015	0.00185073	0.366659	0.63149
Muller_E	4748352	0.00185031	0.366656	0.631494
Muller_E	4748630	0.00184997	0.366653	0.631497
Muller_E	4751071	0.00184698	0.36663	0.631523
Muller_E	4751685	0.00184622	0.366625	0.631529
Muller_E	4751817	0.00184606	0.366623	0.631531
Muller_E	4752607	0.00184508	0.366616	0.631539
Muller_E	4752773	0.00184488	0.366614	0.631541
Muller_E	4753826	0.00184357	0.366604	0.631552
Muller_E	4754671	0.00184253	0.366597	0.631561
Muller_E	4756619	0.0018401	0.366578	0.631582
Muller_E	4759191	0.00183689	0.366554	0.631609
Muller_E	4761262	0.00183429	0.366535	0.631631
Muller_E	4761866	0.00183353	0.366529	0.631637
Muller_E	4761985	0.00183338	0.366528	0.631639
Muller_E	4763545	0.00183141	0.366513	0.631655
Muller_E	4764509	0.00183019	0.366504	0.631666
Muller_E	4765595	0.00182881	0.366494	0.631677
Muller_E	4766291	0.00182793	0.366488	0.631684
Muller_E	4766501	0.00182766	0.366486	0.631687
Muller_E	4767354	0.00182657	0.366478	0.631696
Muller_E	4769627	0.00182367	0.366456	0.63172
Muller_E	4769950	0.00182326	0.366453	0.631723
Muller_E	4772288	0.00182025	0.366431	0.631748
Muller_E	4773763	0.00181835	0.366418	0.631764
Muller_E	4773963	0.00181809	0.366416	0.631766
Muller_E	4774375	0.00181756	0.366412	0.631771
Muller_E	4774957	0.00181681	0.366406	0.631777
Muller_E	4775479	0.00181613	0.366401	0.631782
Muller_E	4776619	0.00181465	0.366391	0.631795
Muller_E	4779373	0.00181107	0.366365	0.631824
Muller_E	4781913	0.00180774	0.366341	0.631851
Muller_E	4782620	0.00180681	0.366335	0.631859
Muller_E	4783326	0.00180588	0.366328	0.631866
Muller_E	4786044	0.0018023	0.366302	0.631895
Muller_E	4786690	0.00180144	0.366296	0.631902
Muller_E	4789453	0.00179777	0.366271	0.631932
Muller_E	4790377	0.00179654	0.366262	0.631942
Muller_E	4792360	0.00179388	0.366243	0.631963
Muller_E	4792549	0.00179363	0.366242	0.631965
Muller_E	4792702	0.00179342	0.36624	0.631966
Muller_E	4822723	0.00175197	0.365959	0.632289
Muller_E	4832155	0.00173846	0.365871	0.632391
Muller_E	4834924	0.00173445	0.365845	0.632421
Muller_E	4838041	0.00172991	0.365815	0.632455
Muller_E	4839031	0.00172846	0.365806	0.632465
Muller_E	4840034	0.001727	0.365797	0.632476
Muller_E	4843722	0.00172157	0.365762	0.632516
Muller_E	4844215	0.00172084	0.365758	0.632521
Muller_E	4846930	0.00171683	0.365732	0.632551
Muller_E	4847984	0.00171526	0.365722	0.632562
Muller_E	4849699	0.00171271	0.365706	0.632581
Muller_E	4849916	0.00171238	0.365704	0.632583
Muller_E	4850646	0.00171129	0.365698	0.632591
Muller_E	4851102	0.00171061	0.365693	0.632596
Muller_E	4851280	0.00171035	0.365692	0.632598
