chrom	position	2,0	1,1	0,2
Muller_E	62882	0.247389	0.653609	0.0990015
Muller_E	267432	0.237592	0.674594	0.087814
Muller_E	441230	0.229196	0.692608	0.078196
Muller_E	511157	0.225797	0.699908	0.074295
Muller_E	557879	0.223519	0.704803	0.071678
Muller_E	581000	0.222389	0.707231	0.0703798
Muller_E	709108	0.216104	0.720749	0.0631477
Muller_E	768129	0.213191	0.727016	0.0597929
Muller_E	785241	0.212345	0.728837	0.0588174
Muller_E	787322	0.212242	0.729059	0.0586987
Muller_E	787424	0.212237	0.72907	0.0586929
Muller_E	788173	0.2122	0.72915	0.0586502
Muller_E	788750	0.212172	0.729211	0.0586172
Muller_E	788860	0.212166	0.729223	0.058611
Muller_E	791823	0.212019	0.729539	0.0584419
Muller_E	802257	0.211503	0.730651	0.0578462
Muller_E	893794	0.206955	0.740445	0.0525995
Muller_E	894300	0.20693	0.7405	0.0525704
Muller_E	896281	0.206831	0.740712	0.0524565
Muller_E	897287	0.206781	0.74082	0.0523986
Muller_E	897987	0.206746	0.740895	0.0523583
Muller_E	901015	0.206595	0.741221	0.0521841
Muller_E	901718	0.20656	0.741296	0.0521436
Muller_E	923408	0.205478	0.743628	0.0508941
Muller_E	923675	0.205465	0.743656	0.0508787
Muller_E	924320	0.205433	0.743726	0.0508415
Muller_E	927795	0.205259	0.7441	0.0506411
Muller_E	948021	0.204248	0.746278	0.0494736
Muller_E	948230	0.204238	0.7463	0.0494615
Muller_E	958531	0.203723	0.747411	0.0488662
Muller_E	967701	0.203264	0.748401	0.0483358
Muller_E	969142	0.203192	0.748556	0.0482524
Muller_E	1033237	0.199975	0.755491	0.0445338
Muller_E	1120573	0.195568	0.764997	0.0394352
Muller_E	1123171	0.195437	0.76528	0.0392829
Muller_E	1146845	0.194237	0.767869	0.0378941
Muller_E	1148492	0.194154	0.768049	0.0377974
Muller_E	1168315	0.193148	0.77022	0.0366322
Muller_E	1213395	0.190854	0.775171	0.0339751
Muller_E	1262309	0.188357	0.780563	0.0310802
Muller_E	1275111	0.187702	0.781978	0.0303205
Muller_E	1275707	0.187671	0.782043	0.0302851
Muller_E	1314313	0.185692	0.786319	0.0279889
Muller_E	1318297	0.185487	0.786761	0.0277515
Muller_E	1358440	0.183422	0.791224	0.0253546
Muller_E	1358616	0.183413	0.791243	0.0253441
Muller_E	1378824	0.182371	0.793495	0.0241342
Muller_E	1480336	0.177109	0.804868	0.018023
Muller_E	1489232	0.292216	0.70607	0.00171486
Muller_E	1645912	0.159195	0.823163	0.0176422
Muller_E	1673398	0.156123	0.826221	0.0176564
Muller_E	1718642	0.151059	0.83127	0.0176709
Muller_E	1746815	0.147902	0.834424	0.0176743
Muller_E	1763447	0.146036	0.83629	0.0176743
Muller_E	1765039	0.145857	0.836469	0.0176742
Muller_E	1765159	0.145844	0.836482	0.0176742
Muller_E	1765369	0.14582	0.836506	0.0176742
Muller_E	1771226	0.145163	0.837163	0.0176737
Muller_E	1799036	0.142039	0.840292	0.0176691
Muller_E	1802542	0.141645	0.840686	0.0176682
Muller_E	1802678	0.14163	0.840702	0.0176681
Muller_E	1803039	0.141589	0.840742	0.017668
Muller_E	1803347	0.141555	0.840777	0.0176679
Muller_E	1805518	0.141311	0.841022	0.0176673
Muller_E	1812938	0.140477	0.841858	0.0176651
Muller_E	1813040	0.140465	0.84187	0.0176651
Muller_E	1815234	0.140218	0.842117	0.0176643
Muller_E	1815907	0.140143	0.842193	0.0176641
Muller_E	1816383	0.140089	0.842247	0.017664
Muller_E	1831501	0.138389	0.843953	0.0176581
Muller_E	1850978	0.136196	0.846155	0.0176488
Muller_E	1851905	0.136092	0.84626	0.0176483
Muller_E	1852166	0.136062	0.84629	0.0176481
Muller_E	1857635	0.135446	0.846909	0.0176451
Muller_E	1861157	0.13505	0.847307	0.017643
Muller_E	1861336	0.135029	0.847328	0.0176429
Muller_E	1861880	0.134968	0.847389	0.0176426
Muller_E	1866595	0.134437	0.847923	0.0176397
Muller_E	1870209	0.13403	0.848333	0.0176374
Muller_E	1871973	0.133831	0.848533	0.0176363
Muller_E	1880064	0.132919	0.849451	0.0176308
Muller_E	1889333	0.131873	0.850503	0.017624
Muller_E	1891195	0.131663	0.850714	0.0176226
Muller_E	1894320	0.131311	0.851069	0.0176202
Muller_E	1900363	0.130629	0.851756	0.0176154
Muller_E	1904375	0.130176	0.852212	0.0176121
Muller_E	1915469	0.128924	0.853474	0.0176024
Muller_E	1927060	0.127614	0.854794	0.0175915
Muller_E	1932459	0.127004	0.855409	0.0175862
Muller_E	1944351	0.12566	0.856766	0.0175739
Muller_E	1946702	0.125394	0.857034	0.0175714
Muller_E	1961660	0.123702	0.858743	0.0175546
Muller_E	1975567	0.122128	0.860334	0.0175377
Muller_E	2011856	0.118017	0.864495	0.0174886
Muller_E	2013122	0.117873	0.86464	0.0174867
Muller_E	2044597	0.114301	0.868261	0.0174376
Muller_E	2048236	0.113888	0.868681	0.0174315
Muller_E	2048434	0.113865	0.868703	0.0174312
Muller_E	2086567	0.10953	0.873107	0.017363
Muller_E	2103366	0.107618	0.875052	0.0173301
Muller_E	2117584	0.105999	0.8767	0.0173011
Muller_E	2126123	0.105026	0.877691	0.017283
Muller_E	2135792	0.103923	0.878815	0.017262
Muller_E	2140907	0.10334	0.87941	0.0172507
Muller_E	2141169	0.10331	0.87944	0.0172501
Muller_E	2142715	0.103134	0.87962	0.0172467
Muller_E	2145389	0.102828	0.879931	0.0172407
Muller_E	2146953	0.10265	0.880113	0.0172371
Muller_E	2147057	0.102638	0.880125	0.0172369
Muller_E	2201852	0.0963779	0.886519	0.0171036
Muller_E	2204792	0.0960415	0.886863	0.0170959
Muller_E	2219543	0.0943532	0.88859	0.0170566
Muller_E	2220290	0.0942677	0.888678	0.0170546
Muller_E	2241628	0.0918232	0.891182	0.0169953
Muller_E	2243471	0.091612	0.891398	0.01699
Muller_E	2531559	0.0583475	0.925748	0.0159043
Muller_E	2693610	0.0394109	0.945535	0.0150545
Muller_E	2696554	0.0390653	0.945897	0.0150374
Muller_E	2706179	0.037935	0.947084	0.0149811
Muller_E	2713009	0.0371325	0.947927	0.0149408
Muller_E	2716202	0.0367573	0.948321	0.0149218
Muller_E	2721440	0.0361415	0.948968	0.0148906
Muller_E	2735475	0.0344907	0.950703	0.0148059
Muller_E	2763120	0.0312352	0.95413	0.0146351
Muller_E	2777976	0.0294836	0.955975	0.0145411
Muller_E	2779619	0.0292898	0.95618	0.0145306
Muller_E	2787347	0.028378	0.957141	0.014481
Muller_E	2788916	0.0281928	0.957336	0.0144709
Muller_E	2795398	0.0274275	0.958144	0.0144289
Muller_E	2798296	0.0270853	0.958505	0.0144101
Muller_E	2799305	0.0269662	0.95863	0.0144035
Muller_E	2800245	0.0268551	0.958748	0.0143973
Muller_E	2800507	0.0268242	0.95878	0.0143956
Muller_E	2800780	0.026792	0.958814	0.0143938
Muller_E	2800932	0.026774	0.958833	0.0143929
Muller_E	2801158	0.0267473	0.958861	0.0143914
Muller_E	2805736	0.0262065	0.959432	0.0143614
Muller_E	2807233	0.0260296	0.959619	0.0143515
Muller_E	2807795	0.0259632	0.959689	0.0143478
Muller_E	2808363	0.0258961	0.95976	0.0143441
Muller_E	2809031	0.0258172	0.959843	0.0143397
Muller_E	2809272	0.0257887	0.959873	0.0143381
Muller_E	2809909	0.0257134	0.959953	0.0143339
Muller_E	2811470	0.0255289	0.960148	0.0143236
Muller_E	2811776	0.0254928	0.960186	0.0143215
Muller_E	2812117	0.0254524	0.960228	0.0143193
Muller_E	2815676	0.0250318	0.960673	0.0142957
Muller_E	2816259	0.0249628	0.960745	0.0142918
Muller_E	2817070	0.024867	0.960847	0.0142864
Muller_E	2817616	0.0248024	0.960915	0.0142828
Muller_E	2819402	0.0245912	0.961138	0.0142709
Muller_E	2820166	0.0245009	0.961233	0.0142658
Muller_E	2820386	0.0244749	0.961261	0.0142643
Muller_E	2820775	0.0244289	0.961309	0.0142617
Muller_E	2821135	0.0243863	0.961354	0.0142593
Muller_E	2821440	0.0243502	0.961393	0.0142573
Muller_E	2826939	0.0236998	0.96208	0.0142204
Muller_E	2831172	0.023199	0.962609	0.0141919
Muller_E	2831515	0.0231584	0.962652	0.0141896
Muller_E	2832336	0.0230613	0.962755	0.014184
Muller_E	2833070	0.0229744	0.962847	0.0141791
Muller_E	2850717	0.020885	0.965056	0.0140585
Muller_E	2853215	0.0205891	0.96537	0.0140413
Muller_E	2856496	0.0202003	0.965781	0.0140186
Muller_E	2856945	0.0201471	0.965837	0.0140155
Muller_E	2857481	0.0200836	0.965905	0.0140118
Muller_E	2858163	0.0200027	0.96599	0.014007
Muller_E	2859754	0.0198142	0.96619	0.013996
Muller_E	2859987	0.0197865	0.966219	0.0139944
Muller_E	2862604	0.0194763	0.966548	0.0139761
Muller_E	2866488	0.0190158	0.967035	0.013949
Muller_E	2867267	0.0189235	0.967133	0.0139435
Muller_E	2868557	0.0187705	0.967295	0.0139345
Muller_E	2870085	0.0185893	0.967487	0.0139237
Muller_E	2870623	0.0185255	0.967555	0.01392
Muller_E	2876155	0.0178692	0.96825	0.0138809
Muller_E	2877151	0.0177511	0.968375	0.0138739
Muller_E	2886067	0.0166929	0.969497	0.0138105
Muller_E	2886534	0.0166375	0.969555	0.0138072
Muller_E	2887599	0.016511	0.969689	0.0137995
Muller_E	2887882	0.0164774	0.969725	0.0137975
Muller_E	2888492	0.016405	0.969802	0.0137931
Muller_E	2888607	0.0163913	0.969816	0.0137923
Muller_E	2890000	0.0162259	0.969992	0.0137823
Muller_E	2890387	0.01618	0.97004	0.0137796
Muller_E	2890907	0.0161182	0.970106	0.0137758
Muller_E	2894764	0.0156602	0.970592	0.0137481
Muller_E	2899098	0.0151453	0.971138	0.0137168
Muller_E	2901481	0.0148622	0.971438	0.0136995
Muller_E	2901643	0.0148429	0.971459	0.0136983
Muller_E	2902627	0.014726	0.971583	0.0136912
Muller_E	2903432	0.0146304	0.971684	0.0136854
Muller_E	2904998	0.0144442	0.971882	0.013674
Muller_E	2905994	0.0143259	0.972007	0.0136667
Muller_E	2907134	0.0141904	0.972151	0.0136584
Muller_E	2908511	0.0140267	0.972325	0.0136483
Muller_E	2909452	0.0139148	0.972444	0.0136415
Muller_E	2910160	0.0138306	0.972533	0.0136363
Muller_E	2911022	0.0137282	0.972642	0.01363
Muller_E	2911252	0.0137008	0.972671	0.0136283
Muller_E	2911992	0.0136128	0.972764	0.0136229
Muller_E	2914672	0.0132942	0.973103	0.0136032
Muller_E	2915489	0.013197	0.973206	0.0135972
Muller_E	2918585	0.0128288	0.973597	0.0135744
Muller_E	2919015	0.0127776	0.973651	0.0135712
Muller_E	2919728	0.0126928	0.973741	0.013566
Muller_E	2919971	0.0126639	0.973772	0.0135642
Muller_E	2921506	0.0124813	0.973966	0.0135528
Muller_E	2922564	0.0123554	0.9741	0.013545
Muller_E	2922707	0.0123384	0.974118	0.0135439
Muller_E	2924226	0.0121577	0.97431	0.0135327
Muller_E	2925108	0.0120527	0.974421	0.0135261
Muller_E	2925552	0.0119999	0.974477	0.0135228
Muller_E	2928855	0.0116068	0.974895	0.0134982
Muller_E	2930674	0.0113903	0.975125	0.0134847
Muller_E	2931258	0.0113208	0.975199	0.0134803
Muller_E	2931592	0.011281	0.975241	0.0134778
Muller_E	2931798	0.0112565	0.975267	0.0134763
Muller_E	2932326	0.0111936	0.975334	0.0134723
Muller_E	2945623	0.00961002	0.977018	0.0133723
Muller_E	2945753	0.00959453	0.977034	0.0133713
Muller_E	2945878	0.00957963	0.97705	0.0133703
Muller_E	2946001	0.00956498	0.977066	0.0133694
Muller_E	2955783	0.00839914	0.978306	0.013295
Muller_E	2957997	0.00813517	0.978587	0.013278
Muller_E	2959282	0.0144315	0.982908	0.00266007
Muller_E	2959697	0.00789272	0.978831	0.0132762
Muller_E	2959819	0.00786649	0.978855	0.0132786
Muller_E	2960759	0.00766437	0.979039	0.0132969
Muller_E	2961667	0.00746914	0.979216	0.0133146
Muller_E	2961801	0.00744033	0.979242	0.0133172
Muller_E	2963254	0.0071279	0.979527	0.0133455
Muller_E	2963568	0.00706038	0.979588	0.0133516
Muller_E	2975263	0.00454546	0.981876	0.013579
Muller_E	2976725	0.00423104	0.982162	0.0136074
Muller_E	2977784	0.00400328	0.982369	0.0136279
Muller_E	2982473	0.00299479	0.983286	0.013719
Muller_E	2984283	0.000454755	0.974688	0.0248572
Muller_E	2985483	0.00256033	0.983677	0.013763
Muller_E	2985658	0.000396448	0.97447	0.025134
Muller_E	2985908	0.00255269	0.983683	0.0137638
Muller_E	2987685	0.00254516	0.983694	0.0137604
Muller_E	2992894	0.00252296	0.983727	0.0137503
Muller_E	2993313	0.00252116	0.983729	0.0137495
Muller_E	2993798	0.00251908	0.983732	0.0137485
Muller_E	2994137	0.00251763	0.983735	0.0137478
Muller_E	2994487	0.00251612	0.983737	0.0137472
Muller_E	2994615	0.00251557	0.983738	0.0137469
Muller_E	2995123	0.00251339	0.983741	0.0137459
Muller_E	2995701	0.0025109	0.983744	0.0137447
Muller_E	2996048	0.00250941	0.983747	0.0137441
Muller_E	2996738	0.00250643	0.983751	0.0137427
Muller_E	2996880	0.00250582	0.983752	0.0137424
Muller_E	2997113	0.00250482	0.983753	0.0137419
Muller_E	2999116	0.00249615	0.983766	0.0137379
Muller_E	2999459	0.00249467	0.983768	0.0137372
Muller_E	3001420	0.00248615	0.983781	0.0137333
Muller_E	3001578	0.00248546	0.983782	0.0137329
Muller_E	3001696	0.00248495	0.983782	0.0137327
Muller_E	3002579	0.0024811	0.983788	0.0137309
Muller_E	3003095	0.00247885	0.983791	0.0137298
Muller_E	3003540	0.00247691	0.983794	0.0137289
Muller_E	3004120	0.00247437	0.983798	0.0137277
Muller_E	3005221	0.00246956	0.983805	0.0137255
Muller_E	3007967	0.0024575	0.983823	0.0137198
Muller_E	3012773	0.00243625	0.983854	0.0137097
Muller_E	3013331	0.00243377	0.983858	0.0137085
Muller_E	3013618	0.00243249	0.98386	0.0137079
Muller_E	3014080	0.00243044	0.983863	0.0137069
Muller_E	3014783	0.00242731	0.983867	0.0137054
Muller_E	3016296	0.00242055	0.983877	0.0137022
Muller_E	3017214	0.00241645	0.983883	0.0137002
Muller_E	3018320	0.00241149	0.983891	0.0136978
Muller_E	3018982	0.00240852	0.983895	0.0136964
Muller_E	3019303	0.00240708	0.983897	0.0136957
Muller_E	3019831	0.00240471	0.983901	0.0136945
Muller_E	3021834	0.00239569	0.983914	0.0136902
Muller_E	3021944	0.00239519	0.983915	0.0136899
Muller_E	3023127	0.00238985	0.983923	0.0136873
Muller_E	3024474	0.00238375	0.983932	0.0136843
Muller_E	3024813	0.00238221	0.983934	0.0136836
Muller_E	3029421	0.00236123	0.983965	0.0136733
Muller_E	3029834	0.00235934	0.983968	0.0136724
Muller_E	3030101	0.00235812	0.98397	0.0136718
Muller_E	3033200	0.00234389	0.983991	0.0136648
Muller_E	3033901	0.00234067	0.983996	0.0136632
Muller_E	3034073	0.00233987	0.983997	0.0136628
Muller_E	3036032	0.00233083	0.984011	0.0136583
Muller_E	3038305	0.0023203	0.984027	0.013653
Muller_E	3041816	0.00230395	0.984051	0.0136448
Muller_E	3044683	0.00229053	0.984071	0.0136381
Muller_E	3046757	0.00228078	0.984086	0.0136331
Muller_E	3046887	0.00228017	0.984087	0.0136328
Muller_E	3047900	0.0022754	0.984094	0.0136304
Muller_E	3048135	0.00227429	0.984096	0.0136298
Muller_E	3050664	0.00226233	0.984114	0.0136238
Muller_E	3051698	0.00225742	0.984121	0.0136212
Muller_E	3051968	0.00225614	0.984123	0.0136206
Muller_E	3052635	0.00225297	0.984128	0.013619
Muller_E	3053197	0.00225029	0.984132	0.0136176
Muller_E	3056428	0.00223488	0.984155	0.0136097
Muller_E	3056712	0.00223352	0.984157	0.013609
Muller_E	3058398	0.00222543	0.98417	0.0136048
Muller_E	3059687	0.00221924	0.984179	0.0136016
Muller_E	3061511	0.00221045	0.984192	0.0135971
Muller_E	3062406	0.00220613	0.984199	0.0135948
Muller_E	3062537	0.00220549	0.9842	0.0135945
Muller_E	3100018	0.00201878	0.984486	0.013495
Muller_E	3100718	0.00201519	0.984492	0.013493
Muller_E	3112367	0.00195483	0.984585	0.0134598
Muller_E	3112987	0.00195159	0.98459	0.013458
Muller_E	3113420	0.00194932	0.984594	0.0134568
Muller_E	3116107	0.00193523	0.984616	0.0134489
Muller_E	3119432	0.0019177	0.984643	0.0134391
Muller_E	3119714	0.00191621	0.984645	0.0134383
Muller_E	3120862	0.00191014	0.984655	0.0134349
Muller_E	3122265	0.0019027	0.984667	0.0134307
Muller_E	3123364	0.00189687	0.984676	0.0134275
Muller_E	3124138	0.00189275	0.984682	0.0134252
Muller_E	3127464	0.00187501	0.98471	0.0134152
Muller_E	3128767	0.00186804	0.984721	0.0134112
Muller_E	3128895	0.00186735	0.984722	0.0134108
Muller_E	3129611	0.00186351	0.984728	0.0134087
Muller_E	3129743	0.00186281	0.984729	0.0134083
Muller_E	3130171	0.00186051	0.984733	0.013407
Muller_E	3131529	0.00185321	0.984744	0.0134028
Muller_E	3137674	0.00182001	0.984796	0.013384
Muller_E	3139976	0.00180749	0.984816	0.0133768
Muller_E	3143168	0.00179007	0.984843	0.0133668
Muller_E	3169152	0.00164524	0.985072	0.0132827
Muller_E	3170575	0.00163716	0.985085	0.0132779
Muller_E	3173857	0.00161845	0.985115	0.0132668
Muller_E	3192801	0.00150878	0.98529	0.0132014
Muller_E	3194086	0.00150124	0.985302	0.0131969
Muller_E	3194230	0.00150039	0.985303	0.0131964
Muller_E	3207603	0.00142112	0.985431	0.0131484
Muller_E	3207708	0.00142049	0.985432	0.013148
Muller_E	3208070	0.00141832	0.985435	0.0131467
Muller_E	3208369	0.00141653	0.985438	0.0131456
Muller_E	3208507	0.00141571	0.985439	0.0131451
Muller_E	3208706	0.00141451	0.985441	0.0131443
Muller_E	3210124	0.00140601	0.985455	0.0131392
Muller_E	3211254	0.00139923	0.985466	0.013135
Muller_E	3212088	0.00139421	0.985474	0.013132
Muller_E	3216063	0.00137023	0.985512	0.0131173
Muller_E	3216461	0.00136782	0.985516	0.0131158
Muller_E	3217109	0.0013639	0.985523	0.0131134
Muller_E	3217441	0.00136189	0.985526	0.0131122
Muller_E	3217706	0.00136028	0.985529	0.0131112
Muller_E	3217825	0.00135956	0.98553	0.0131107
Muller_E	3218354	0.00135636	0.985535	0.0131088
Muller_E	3219292	0.00135066	0.985544	0.0131053
Muller_E	3219763	0.0013478	0.985549	0.0131035
Muller_E	3221459	0.00133748	0.985565	0.0130971
Muller_E	3222112	0.0013335	0.985572	0.0130947
Muller_E	3223012	0.00132801	0.985581	0.0130913
Muller_E	3223549	0.00132473	0.985586	0.0130893
Muller_E	3224815	0.001317	0.985598	0.0130845
Muller_E	3226800	0.00130484	0.985618	0.013077
Muller_E	3229718	0.00128691	0.985647	0.0130659
Muller_E	3240322	0.00122118	0.985754	0.013025
Muller_E	3240918	0.00121746	0.98576	0.0130227
Muller_E	3241273	0.00121524	0.985763	0.0130213
Muller_E	3247835	0.00117407	0.98583	0.0129955
Muller_E	3251442	0.00115129	0.985868	0.0129811
Muller_E	3252203	0.000143847	0.975794	0.0240624
Muller_E	3254014	0.00115421	0.985895	0.0129513
Muller_E	3254518	0.00115636	0.9859	0.0129438
Muller_E	3255141	0.00115902	0.985906	0.0129346
Muller_E	3255365	0.00115997	0.985909	0.0129312
Muller_E	3259142	0.00117598	0.985949	0.0128752
Muller_E	3259935	0.00117933	0.985957	0.0128634
Muller_E	3262497	0.00119011	0.985985	0.0128253
Muller_E	3263708	0.00119519	0.985998	0.0128072
Muller_E	3264644	0.00119911	0.986008	0.0127933
Muller_E	3266132	0.00120532	0.986024	0.0127711
Muller_E	3266579	0.00120719	0.986028	0.0127644
Muller_E	3266806	0.00120813	0.986031	0.012761
Muller_E	3269029	0.00121737	0.986055	0.0127278
Muller_E	3271700	0.00122842	0.986084	0.0126879
Muller_E	3271881	0.00122917	0.986086	0.0126852
Muller_E	3273894	0.00123745	0.986107	0.0126551
Muller_E	3275081	0.00124233	0.98612	0.0126373
Muller_E	3275989	0.00124604	0.98613	0.0126237
Muller_E	3278049	0.00125446	0.986153	0.0125928
Muller_E	3280894	0.00126602	0.986184	0.01255
Muller_E	3282107	0.00127093	0.986197	0.0125318
Muller_E	3282973	0.00127443	0.986207	0.0125187
Muller_E	3284532	0.00128072	0.986224	0.0124953
Muller_E	3291321	0.00130786	0.986299	0.0123928
Muller_E	3291878	0.00244945	0.995701	0.00184956
Muller_E	3293351	0.0013112	0.986281	0.0124081
Muller_E	3293759	0.00131151	0.986274	0.0124146
Muller_E	3304917	0.00131946	0.986088	0.012593
Muller_E	3306663	0.00132062	0.986059	0.0126209
Muller_E	3306880	0.00132076	0.986055	0.0126243
Muller_E	3310127	0.00132284	0.986001	0.012676
Muller_E	3312301	0.00132418	0.985965	0.0127106
Muller_E	3312718	0.00132444	0.985958	0.0127172
Muller_E	3318766	0.00132796	0.985859	0.0128131
Muller_E	3323588	0.00133056	0.98578	0.0128894
Muller_E	3324201	0.00133088	0.98577	0.0128991
Muller_E	3324656	0.00133111	0.985763	0.0129063
Muller_E	3325091	0.00133133	0.985756	0.0129132
Muller_E	3326084	0.00133183	0.985739	0.0129288
Muller_E	3326190	0.00133189	0.985738	0.0129305
Muller_E	3330218	0.00133384	0.985672	0.012994
Muller_E	3334866	0.00133593	0.985597	0.0130671
Muller_E	3337545	0.00133705	0.985554	0.0131092
Muller_E	3340268	0.00133814	0.98551	0.0131519
Muller_E	3340480	0.00133822	0.985507	0.0131552
Muller_E	3410593	0.00134586	0.98442	0.0142346
Muller_E	3431230	0.0013407	0.984114	0.014545
Muller_E	3437416	0.0013385	0.984024	0.0146374
Muller_E	3456916	0.00132957	0.983744	0.0149267
Muller_E	3457694	0.00132915	0.983733	0.0149381
Muller_E	3459001	0.00132844	0.983714	0.0149574
Muller_E	3462300	0.00132658	0.983667	0.015006
Muller_E	3464519	0.00132528	0.983636	0.0150386
Muller_E	3464673	0.00132519	0.983634	0.0150409
Muller_E	3477602	0.00131682	0.983453	0.0152303
Muller_E	3525631	0.00127418	0.982803	0.0159225
Muller_E	3546828	0.00124957	0.982528	0.0162223
Muller_E	3557059	0.00123643	0.982398	0.0163657
Muller_E	3566467	0.00122361	0.98228	0.0164969
Muller_E	3572057	0.00121566	0.98221	0.0165745
Muller_E	3572168	0.0012155	0.982208	0.016576
Muller_E	3579272	0.00120504	0.982121	0.0166743
Muller_E	3579502	0.0012047	0.982118	0.0166775
Muller_E	3582419	0.00120028	0.982082	0.0167178
Muller_E	3590131	0.00118828	0.981988	0.0168238
Muller_E	3605233	0.00116343	0.981806	0.0170302
Muller_E	3610748	0.00115391	0.981741	0.0171051
Muller_E	3611776	0.00115211	0.981729	0.0171191
Muller_E	3615071	0.00114628	0.98169	0.0171637
Muller_E	3617701	0.00114156	0.981659	0.0171993
Muller_E	3617818	0.00114135	0.981658	0.0172008
Muller_E	3617948	0.00114112	0.981656	0.0172026
Muller_E	3623404	0.00113115	0.981593	0.0172762
Muller_E	3630035	0.00111872	0.981516	0.0173653
Muller_E	3631532	0.00111587	0.981499	0.0173854
Muller_E	3634067	0.001111	0.98147	0.0174193
Muller_E	3642157	0.00109511	0.981378	0.0175273
Muller_E	3643438	0.00109254	0.981363	0.0175444
Muller_E	3645674	0.00108804	0.981338	0.0175741
Muller_E	3652519	0.001074	0.981261	0.017665
Muller_E	3655257	0.00106829	0.981231	0.0177012
Muller_E	3657953	0.0010626	0.981201	0.0177368
Muller_E	3660200	0.00105781	0.981176	0.0177664
Muller_E	3665461	0.00104646	0.981118	0.0178357
Muller_E	3670065	0.00103634	0.981068	0.0178961
Muller_E	3757777	0.000811733	0.980172	0.0190158
Muller_E	3766114	0.000787236	0.980094	0.0191192
Muller_E	3770199	0.000775032	0.980055	0.0191696
Muller_E	3771242	0.000771896	0.980046	0.0191825
Muller_E	3775369	0.0007594	0.980007	0.0192332
Muller_E	3781958	0.000739173	0.979947	0.0193141
Muller_E	3788305	0.000719365	0.979889	0.0193916
Muller_E	3788531	0.000718654	0.979887	0.0193944
Muller_E	3788717	0.000718069	0.979885	0.0193966
Muller_E	3791492	0.0007093	0.97986	0.0194304
Muller_E	3791929	0.000707914	0.979856	0.0194357
Muller_E	3794089	0.000701039	0.979837	0.019462
Muller_E	3798034	0.000688389	0.979802	0.0195099
Muller_E	3805877	0.000662876	0.979732	0.0196047
Muller_E	3808116	0.000655504	0.979713	0.0196316
Muller_E	3837593	0.000554775	0.979462	0.0199832
Muller_E	3889492	0.000360838	0.979053	0.0205858
Muller_E	3892070	0.000350652	0.979034	0.0206152
Muller_E	3892768	0.000347886	0.979029	0.0206232
Muller_E	3893846	0.000343606	0.979021	0.0206355
Muller_E	3895236	0.000338073	0.979011	0.0206513
Muller_E	3896701	0.000332225	0.979	0.0206679
Muller_E	3964144	4.47828e-05	0.978539	0.0214164
Muller_E	3964249	4.43075e-05	0.978538	0.0214176
Muller_E	3964701	4.22602e-05	0.978535	0.0214225
Muller_E	3965335	5.42058e-06	0.960859	0.0391354
Muller_E	3965537	3.93056e-05	0.978532	0.0214291
Muller_E	3971184	3.69289e-05	0.978541	0.0214225
Muller_E	4005791	1.68495e-05	0.978607	0.0213765
Muller_E	4007537	1.55852e-05	0.97861	0.021374
Muller_E	4008073	1.51923e-05	0.978612	0.0213732
Muller_E	4008732	1.4706e-05	0.978613	0.0213722
Muller_E	4009275	1.43027e-05	0.978614	0.0213714
Muller_E	4009794	1.39151e-05	0.978615	0.0213706
Muller_E	4010462	1.34131e-05	0.978617	0.0213696
Muller_E	4011246	1.28194e-05	0.978619	0.0213684
Muller_E	4011350	1.27402e-05	0.978619	0.0213683
Muller_E	4011743	1.24405e-05	0.97862	0.0213677
Muller_E	4012926	1.15307e-05	0.978623	0.0213659
Muller_E	4015010	9.90114e-06	0.978627	0.0213627
Muller_E	4015956	9.15007e-06	0.97863	0.0213613
Muller_E	4016731	8.52948e-06	0.978631	0.0213601
Muller_E	4017133	8.2057e-06	0.978632	0.0213594
Muller_E	4017640	1.34938e-06	0.961717	0.0382818
Muller_E	4021078	7.947e-06	0.97868	0.0213118
Muller_E	4021876	7.96877e-06	0.978691	0.0213009
Muller_E	4022513	7.98253e-06	0.9787	0.0212922
Muller_E	4022928	7.98976e-06	0.978705	0.0212865
Muller_E	4024532	8.00489e-06	0.978727	0.0212646
Muller_E	4024639	8.00518e-06	0.978729	0.0212631
Muller_E	4025270	8.00501e-06	0.978737	0.0212545
Muller_E	4027169	7.98547e-06	0.978763	0.0212285
Muller_E	4027437	7.98041e-06	0.978767	0.0212249
Muller_E	4027764	7.97347e-06	0.978772	0.0212204
Muller_E	4029270	7.93056e-06	0.978792	0.0211997
Muller_E	4032202	7.79547e-06	0.978833	0.0211595
Muller_E	4032327	7.78819e-06	0.978834	0.0211578
Muller_E	4033521	7.71248e-06	0.978851	0.0211414
Muller_E	4033797	7.69337e-06	0.978855	0.0211376
Muller_E	4036360	7.4871e-06	0.97889	0.0211023
Muller_E	4037138	7.41418e-06	0.978901	0.0210916
Muller_E	4037610	7.36761e-06	0.978908	0.0210851
Muller_E	4040496	7.04444e-06	0.978948	0.0210453
Muller_E	4040949	6.98772e-06	0.978954	0.0210391
Muller_E	4045900	6.26179e-06	0.979023	0.0209707
Muller_E	4046078	6.23208e-06	0.979026	0.0209682
Muller_E	4046843	9.35466e-07	0.962025	0.0379738
Muller_E	4047581	6.50059e-06	0.979059	0.0209344
Muller_E	4048275	1.29581e-05	0.996837	0.00314985
Muller_E	4048700	6.96718e-06	0.979076	0.0209175
Muller_E	4053592	7.96017e-06	0.979018	0.0209738
Muller_E	4056223	8.41579e-06	0.978988	0.021004
Muller_E	4056545	8.46778e-06	0.978984	0.0210077
Muller_E	4056951	8.53217e-06	0.978979	0.0210124
Muller_E	4057601	8.63253e-06	0.978972	0.0210198
Muller_E	4057720	8.65054e-06	0.97897	0.0210212
Muller_E	4058043	8.69886e-06	0.978966	0.0210249
Muller_E	4058149	8.71454e-06	0.978965	0.0210261
Muller_E	4058704	8.79517e-06	0.978959	0.0210324
Muller_E	4059417	8.89518e-06	0.97895	0.0210406
Muller_E	4059965	8.9693e-06	0.978944	0.0210469
Muller_E	4061381	9.14982e-06	0.978928	0.0210631
Muller_E	4061745	9.19365e-06	0.978924	0.0210672
Muller_E	4062020	9.22607e-06	0.97892	0.0210704
Muller_E	4062507	9.28202e-06	0.978915	0.0210759
Muller_E	4062941	9.33029e-06	0.97891	0.0210809
Muller_E	4064035	9.44535e-06	0.978897	0.0210934
Muller_E	4064680	9.50875e-06	0.97889	0.0211007
Muller_E	4064829	9.52292e-06	0.978888	0.0211024
Muller_E	4065474	9.58226e-06	0.978881	0.0211098
Muller_E	4065574	9.59116e-06	0.978879	0.0211109
Muller_E	4066028	9.63059e-06	0.978874	0.0211161
Muller_E	4067541	9.7502e-06	0.978857	0.0211333
Muller_E	4067967	9.7806e-06	0.978852	0.0211382
Muller_E	4068535	9.8189e-06	0.978846	0.0211446
Muller_E	4069245	9.86319e-06	0.978837	0.0211527
Muller_E	4070105	9.91148e-06	0.978828	0.0211625
Muller_E	4071088	9.9595e-06	0.978816	0.0211737
Muller_E	4071641	9.98315e-06	0.97881	0.0211799
Muller_E	4072126	1.00019e-05	0.978805	0.0211854
Muller_E	4072768	1.00238e-05	0.978797	0.0211927
Muller_E	4072973	1.00302e-05	0.978795	0.021195
Muller_E	4073359	1.00412e-05	0.978791	0.0211994
Muller_E	4075135	1.00766e-05	0.97877	0.0212195
Muller_E	4075254	1.0078e-05	0.978769	0.0212209
Muller_E	4076053	1.0085e-05	0.97876	0.0212299
Muller_E	4077160	1.00864e-05	0.978747	0.0212425
Muller_E	4078165	1.00792e-05	0.978736	0.0212538
Muller_E	4078690	1.00723e-05	0.97873	0.0212598
Muller_E	4078900	1.00689e-05	0.978728	0.0212621
Muller_E	4079010	1.55815e-06	0.961511	0.0384876
Muller_E	4079297	1.04053e-05	0.978726	0.0212632
Muller_E	4081728	1.32441e-05	0.978725	0.0212619
Muller_E	4082079	1.36502e-05	0.978725	0.0212617
Muller_E	4083988	1.58414e-05	0.978724	0.0212606
Muller_E	4085715	1.77988e-05	0.978723	0.0212596
Muller_E	4089306	2.17934e-05	0.978721	0.0212574
Muller_E	4089803	2.23383e-05	0.978721	0.0212571
Muller_E	4092778	3.51805e-06	0.961174	0.0388226
Muller_E	4092894	2.65157e-05	0.97872	0.0212537
Muller_E	4098915	7.60487e-05	0.978748	0.0211758
Muller_E	4109650	0.000163663	0.9788	0.0210362
Muller_E	4113217	0.000192577	0.978818	0.0209896
Muller_E	4113538	0.000195174	0.978819	0.0209854
Muller_E	4114422	0.000202322	0.978824	0.0209739
Muller_E	4114803	0.000205401	0.978826	0.0209689
Muller_E	4115118	0.000207946	0.978827	0.0209647
Muller_E	4116856	0.000221972	0.978836	0.020942
Muller_E	4117074	0.00022373	0.978837	0.0209391
Muller_E	4117473	0.000226946	0.978839	0.0209339
Muller_E	4118970	0.000239002	0.978847	0.0209143
Muller_E	4121851	0.000262154	0.978861	0.0208765
Muller_E	4122071	0.000263919	0.978863	0.0208736
Muller_E	4122393	0.000266502	0.978864	0.0208693
Muller_E	4122818	0.00026991	0.978866	0.0208638
Muller_E	4124318	0.000281928	0.978874	0.020844
Muller_E	4124418	0.000282728	0.978875	0.0208427
Muller_E	4126492	0.000299314	0.978885	0.0208154
Muller_E	4127527	0.000307578	0.978891	0.0208018
Muller_E	4127720	0.000309118	0.978892	0.0207992
Muller_E	4128101	0.000312158	0.978894	0.0207942
Muller_E	4128234	0.000313218	0.978894	0.0207924
Muller_E	4130334	0.000329949	0.978905	0.0207647
Muller_E	4132221	0.000344954	0.978915	0.0207398
Muller_E	4134741	0.000364949	0.978929	0.0207065
Muller_E	4134982	0.000366858	0.97893	0.0207033
Muller_E	4136547	0.000379248	0.978938	0.0206826
Muller_E	4140224	0.000408283	0.978958	0.0206338
Muller_E	4140902	0.000413625	0.978962	0.0206248
Muller_E	4141485	0.000418216	0.978965	0.020617
Muller_E	4143836	0.000436702	0.978978	0.0205858
Muller_E	4144350	0.000440738	0.97898	0.0205789
Muller_E	4144848	0.000444646	0.978983	0.0205723
Muller_E	4150850	0.000491598	0.979016	0.0204923
Muller_E	4151927	0.000499994	0.979022	0.0204779
Muller_E	4154621	0.000520955	0.979037	0.0204418
Muller_E	4159745	0.000560666	0.979066	0.0203731
Muller_E	4159958	0.000562313	0.979067	0.0203703
Muller_E	4160923	0.000569767	0.979073	0.0203573
Muller_E	4161787	0.000576435	0.979078	0.0203457
Muller_E	4162162	0.000579328	0.97908	0.0203407
Muller_E	4163984	0.000593365	0.97909	0.0203162
Muller_E	4164218	0.000595166	0.979092	0.020313
Muller_E	4164859	0.000600097	0.979096	0.0203044
Muller_E	4165033	0.000601435	0.979097	0.020302
Muller_E	4165157	0.000602389	0.979097	0.0203004
Muller_E	4165383	0.000604126	0.979099	0.0202973
Muller_E	4165808	0.000607392	0.979101	0.0202916
Muller_E	4165958	0.000608544	0.979102	0.0202896
Muller_E	4166062	0.000609343	0.979102	0.0202882
Muller_E	4166243	0.000610733	0.979104	0.0202857
Muller_E	4166628	0.000613689	0.979106	0.0202806
Muller_E	4168755	0.00063	0.979118	0.0202519
Muller_E	4172546	0.000658984	0.97914	0.0202007
Muller_E	4172827	0.000661128	0.979142	0.0201969
Muller_E	4173860	0.000669004	0.979148	0.0201829
Muller_E	4176100	0.000686054	0.979161	0.0201525
Muller_E	4176326	0.000687772	0.979163	0.0201495
Muller_E	4176826	0.000691572	0.979166	0.0201427
Muller_E	4177022	0.000693061	0.979167	0.02014
Muller_E	4178339	0.000703058	0.979175	0.0201222
Muller_E	4178608	0.000705098	0.979176	0.0201185
Muller_E	4179326	0.000710541	0.979181	0.0201088
Muller_E	4180712	0.000721037	0.979189	0.02009
Muller_E	4180966	0.000722959	0.979191	0.0200865
Muller_E	4184926	0.000752856	0.979215	0.0200326
Muller_E	4185178	0.000754754	0.979216	0.0200292
Muller_E	4185319	0.000755816	0.979217	0.0200273
Muller_E	4185532	0.00075742	0.979218	0.0200244
Muller_E	4187632	0.000773215	0.979231	0.0199958
Muller_E	4188227	0.000777684	0.979235	0.0199876
Muller_E	4188670	0.00078101	0.979237	0.0199816
Muller_E	4192621	0.000810603	0.979262	0.0199276
Muller_E	4193546	0.000817513	0.979268	0.019915
Muller_E	4194407	0.00082394	0.979273	0.0199032
Muller_E	4195783	0.000834198	0.979281	0.0198843
Muller_E	4196010	0.000835889	0.979283	0.0198812
Muller_E	4197440	0.000846532	0.979292	0.0198616
Muller_E	4198223	0.000852353	0.979297	0.0198509
Muller_E	4199021	0.000858281	0.979302	0.0198399
Muller_E	4199203	0.000859632	0.979303	0.0198374
Muller_E	4199424	0.000861272	0.979304	0.0198344
Muller_E	4199639	0.000862868	0.979306	0.0198315
Muller_E	4199983	0.00086542	0.979308	0.0198267
Muller_E	4203293	0.000889928	0.979329	0.0197812
Muller_E	4205814	0.000908538	0.979345	0.0197465
Muller_E	4206134	0.000910896	0.979347	0.0197421
Muller_E	4207588	0.000921603	0.979356	0.0197221
Muller_E	4210680	0.000944317	0.979376	0.0196794
Muller_E	4210928	0.000946136	0.979378	0.019676
Muller_E	4211312	0.000948951	0.97938	0.0196707
Muller_E	4211755	0.000952197	0.979383	0.0196645
Muller_E	4213444	0.000964559	0.979394	0.0196412
Muller_E	4216650	0.000987963	0.979415	0.0195968
Muller_E	4217058	0.000990936	0.979418	0.0195911
Muller_E	4217453	0.000993813	0.979421	0.0195856
Muller_E	4217565	0.000994628	0.979421	0.0195841
Muller_E	4217669	0.000995386	0.979422	0.0195827
Muller_E	4217825	0.000996521	0.979423	0.0195805
Muller_E	4218923	0.00100451	0.97943	0.0195653
Muller_E	4225215	0.0010501	0.979472	0.0194778
Muller_E	4232774	0.00110446	0.979523	0.0193723
Muller_E	4235298	0.00112251	0.97954	0.019337
Muller_E	4245993	0.00119846	0.979615	0.0191868
Muller_E	4252835	0.00124658	0.979663	0.0190903
Muller_E	4253725	0.00125281	0.97967	0.0190777
Muller_E	4256197	0.00127009	0.979687	0.0190427
Muller_E	4261234	0.00130515	0.979724	0.0189713
Muller_E	4262892	0.00131664	0.979736	0.0189477
Muller_E	4263238	0.00131904	0.979738	0.0189428
Muller_E	4263588	0.00132146	0.979741	0.0189378
Muller_E	4264621	0.00132861	0.979748	0.0189231
Muller_E	4266950	0.00134469	0.979765	0.01889
Muller_E	4267529	0.00134869	0.97977	0.0188817
Muller_E	4276223	0.00140831	0.979834	0.0187575
Muller_E	4311688	0.00164544	0.980109	0.0182451
Muller_E	4311965	0.00164725	0.980112	0.018241
Muller_E	4312254	0.00164915	0.980114	0.0182368
Muller_E	4312510	0.00165082	0.980116	0.0182331
Muller_E	4334492	0.00179275	0.980297	0.0179105
Muller_E	4352032	0.0019033	0.980446	0.0176504
Muller_E	4353438	0.00191205	0.980459	0.0176294
Muller_E	4356857	0.00193329	0.980488	0.0175784
Muller_E	4360054	0.00195306	0.980516	0.0175307
Muller_E	4374783	0.00204312	0.980647	0.0173095
Muller_E	4374946	0.00204411	0.980649	0.0173071
Muller_E	4381350	0.00208273	0.980707	0.0172104
Muller_E	4558836	0.00302608	0.982568	0.0144061
Muller_E	4562012	0.00304072	0.982606	0.0143537
Muller_E	4564083	0.00305023	0.98263	0.0143195
Muller_E	4564194	0.00305074	0.982632	0.0143177
Muller_E	4568491	0.00307035	0.982683	0.0142466
Muller_E	4569115	0.00307319	0.982691	0.0142363
Muller_E	4569749	0.00307607	0.982698	0.0142258
Muller_E	4570340	0.00307875	0.982705	0.014216
Muller_E	4571890	0.00308577	0.982724	0.0141903
Muller_E	4572624	0.00308909	0.982733	0.0141781
Muller_E	4573491	0.003093	0.982743	0.0141637
Muller_E	4573809	0.00309443	0.982747	0.0141584
Muller_E	4577361	0.00311039	0.98279	0.0140994
Muller_E	4577462	0.00311084	0.982791	0.0140977
Muller_E	4578308	0.00311463	0.982802	0.0140837
Muller_E	4580664	0.00312514	0.98283	0.0140445
Muller_E	4580954	0.00312643	0.982834	0.0140396
Muller_E	4581769	0.00313006	0.982844	0.0140261
Muller_E	4581909	0.00313068	0.982846	0.0140237
Muller_E	4583019	0.00313561	0.982859	0.0140052
Muller_E	4583393	0.00313726	0.982864	0.013999
Muller_E	4583516	0.00313781	0.982865	0.0139969
Muller_E	4584473	0.00314205	0.982877	0.013981
Muller_E	4589180	0.00316278	0.982935	0.0139024
Muller_E	4590247	0.00316746	0.982948	0.0138845
Muller_E	4591539	0.00317311	0.982964	0.0138629
Muller_E	4593253	0.00318058	0.982985	0.0138342
Muller_E	4593508	0.00318169	0.982988	0.01383
Muller_E	4593974	0.00318372	0.982994	0.0138222
Muller_E	4595111	0.00318866	0.983008	0.0138031
Muller_E	4595303	0.00318949	0.983011	0.0137999
Muller_E	4597548	0.00319922	0.983039	0.0137622
Muller_E	4597833	0.00320045	0.983042	0.0137574
Muller_E	4600306	0.0032111	0.983073	0.0137159
Muller_E	4607273	0.00324087	0.98316	0.0135987
Muller_E	4607398	0.0032414	0.983162	0.0135966
Muller_E	4610441	0.00325428	0.9832	0.0135452
Muller_E	4611041	0.00325681	0.983208	0.0135351
Muller_E	4611562	0.00325901	0.983215	0.0135263
Muller_E	4611697	0.00325958	0.983216	0.013524
Muller_E	4612447	0.00326273	0.983226	0.0135113
Muller_E	4612733	0.00326394	0.98323	0.0135065
Muller_E	4612927	0.00326475	0.983232	0.0135032
Muller_E	4613148	0.00326568	0.983235	0.0134995
Muller_E	4614502	0.00327136	0.983252	0.0134766
Muller_E	4615888	0.00327716	0.98327	0.0134532
Muller_E	4616173	0.00327835	0.983273	0.0134483
Muller_E	4616508	0.00327975	0.983278	0.0134427
Muller_E	4616663	0.00328039	0.98328	0.01344
Muller_E	4618190	0.00328676	0.983299	0.0134142
Muller_E	4619781	0.00329336	0.983319	0.0133872
Muller_E	4622166	0.00330323	0.98335	0.0133468
Muller_E	4626314	0.0033203	0.983403	0.0132763
Muller_E	4626864	0.00332255	0.983411	0.0132669
Muller_E	4627368	0.00332461	0.983417	0.0132584
Muller_E	4627488	0.0033251	0.983419	0.0132563
Muller_E	4633961	0.0033514	0.983503	0.013146
Muller_E	4635834	0.00335894	0.983527	0.0131141
Muller_E	4636452	0.00336143	0.983535	0.0131035
Muller_E	4637295	0.00336481	0.983546	0.0130891
Muller_E	4640891	0.00337919	0.983593	0.0130276
Muller_E	4645727	0.00339836	0.983657	0.0129447
Muller_E	4646376	0.00340092	0.983665	0.0129336
Muller_E	4646798	0.00340258	0.983671	0.0129264
Muller_E	4653320	0.00342809	0.983758	0.0128143
Muller_E	4656520	0.00344048	0.9838	0.0127592
Muller_E	4672665	0.0035018	0.984018	0.0124799
Muller_E	4674140	0.0035073	0.984038	0.0124542
Muller_E	4675745	0.00351327	0.98406	0.0124263
Muller_E	4676485	0.00351601	0.984071	0.0124135
Muller_E	4677110	0.00351833	0.984079	0.0124026
Muller_E	4677655	0.00352034	0.984087	0.0123931
Muller_E	4678986	0.00352525	0.984105	0.01237
Muller_E	4680223	0.00352981	0.984122	0.0123484
Muller_E	4682403	0.0035378	0.984152	0.0123104
Muller_E	4682621	0.0035386	0.984155	0.0123066
Muller_E	4684270	0.00354462	0.984178	0.0122779
Muller_E	4685491	0.00354906	0.984194	0.0122565
Muller_E	4686019	0.00355098	0.984202	0.0122473
Muller_E	4687101	0.0035549	0.984217	0.0122284
Muller_E	4689628	0.00356403	0.984252	0.0121842
Muller_E	4690052	0.00356556	0.984258	0.0121768
Muller_E	4690344	0.00356661	0.984262	0.0121717
Muller_E	4690905	0.00356863	0.984269	0.0121619
Muller_E	4691125	0.00356942	0.984273	0.012158
Muller_E	4691712	0.00357152	0.984281	0.0121478
Muller_E	4691999	0.00357255	0.984285	0.0121427
Muller_E	4692111	0.00357295	0.984286	0.0121408
Muller_E	4693234	0.00357697	0.984302	0.0121211
Muller_E	4693620	0.00357835	0.984307	0.0121143
Muller_E	4693753	0.00357882	0.984309	0.012112
Muller_E	4694021	0.00357978	0.984313	0.0121073
Muller_E	4694592	0.00358182	0.984321	0.0120973
Muller_E	4696429	0.00358835	0.984347	0.0120651
Muller_E	4696792	0.00358964	0.984352	0.0120587
Muller_E	4699402	0.00359887	0.984388	0.0120129
Muller_E	4700957	0.00360434	0.98441	0.0119856
Muller_E	4702606	0.00361012	0.984433	0.0119566
Muller_E	4708142	0.00362939	0.984512	0.011859
Muller_E	4712097	0.003643	0.984568	0.0117892
Muller_E	4713898	0.00364916	0.984593	0.0117574
Muller_E	4714194	0.00365017	0.984598	0.0117522
Muller_E	4717094	0.00366002	0.984639	0.0117008
Muller_E	4717794	0.00366239	0.984649	0.0116884
Muller_E	4720564	0.00367173	0.984689	0.0116393
Muller_E	4722390	0.00367786	0.984715	0.011607
Muller_E	4727534	0.00369496	0.984789	0.0115156
Muller_E	4730688	0.00370535	0.984835	0.0114594
Muller_E	4731377	0.00370761	0.984845	0.0114471
Muller_E	4732944	0.00371274	0.984868	0.0114192
Muller_E	4738342	0.00373024	0.984947	0.0113229
Muller_E	4739398	0.00373364	0.984962	0.011304
Muller_E	4742492	0.00374354	0.985008	0.0112486
Muller_E	4745718	0.00375379	0.985055	0.0111908
Muller_E	4746457	0.00375612	0.985066	0.0111776
Muller_E	4748015	0.00376103	0.985089	0.0111496
Muller_E	4748352	0.00376209	0.985094	0.0111436
Muller_E	4748630	0.00376297	0.985098	0.0111386
Muller_E	4751071	0.00377061	0.985135	0.0110948
Muller_E	4751685	0.00377253	0.985144	0.0110837
Muller_E	4751817	0.00377294	0.985146	0.0110813
Muller_E	4752607	0.0037754	0.985157	0.0110671
Muller_E	4752773	0.00377591	0.98516	0.0110642
Muller_E	4753826	0.00377918	0.985176	0.0110452
Muller_E	4754671	0.000592203	0.979209	0.0201989
Muller_E	4756619	0.0038518	0.985188	0.0109599
Muller_E	4759191	0.00394418	0.985189	0.0108673
Muller_E	4761262	0.00401854	0.985189	0.0107926
Muller_E	4761866	0.00404022	0.985189	0.0107709
Muller_E	4761985	0.000832708	0.979965	0.0192023
Muller_E	4763545	0.00431821	0.985018	0.0106635
Muller_E	4764509	0.00448736	0.984913	0.0105999
Muller_E	4765595	0.00467792	0.984794	0.0105282
Muller_E	4766291	0.00480005	0.984718	0.0104822
Muller_E	4766501	0.0048369	0.984695	0.0104683
Muller_E	4767354	0.00498658	0.984601	0.010412
Muller_E	4769627	0.00538545	0.984353	0.0102619
Muller_E	4769950	0.00544214	0.984317	0.0102406
Muller_E	4772288	0.00585244	0.984061	0.0100863
Muller_E	4773763	0.00611131	0.9839	0.00998891
Muller_E	4773963	0.00614641	0.983878	0.00997571
Muller_E	4774375	0.00621872	0.983833	0.00994852
Muller_E	4774957	0.00632086	0.983769	0.00991011
Muller_E	4775479	0.00641248	0.983712	0.00987566
Muller_E	4776619	0.00661256	0.983587	0.00980042
Muller_E	4779373	0.00709595	0.983285	0.0096187
Muller_E	4781913	0.0075418	0.983007	0.00945112
Muller_E	4782620	0.0076659	0.98293	0.00940448
Muller_E	4783326	0.00778984	0.982852	0.00935791
Muller_E	4786044	0.00826698	0.982554	0.00917863
Muller_E	4786690	0.00838038	0.982484	0.00913602
Muller_E	4789453	0.00886546	0.982181	0.00895381
Muller_E	4790377	0.00902769	0.982079	0.00889289
Muller_E	4792360	0.00937585	0.981862	0.00876214
Muller_E	4792549	0.00940904	0.981841	0.00874968
Muller_E	4792702	0.0094359	0.981825	0.00873959
Muller_E	4822723	0.0147088	0.978529	0.0067622
Muller_E	4832155	0.0163662	0.977492	0.0061417
Muller_E	4834924	0.0168529	0.977188	0.0059596
Muller_E	4838041	0.0174007	0.976845	0.00575466
Muller_E	4839031	0.0175747	0.976736	0.00568957
