chrom	position	2,0	1,1	0,2
Muller_E	62882	0.0551953	0.617246	0.327559
Muller_E	267432	0.0118196	0.535915	0.452266
Muller_E	441230	0.0422697	0.653345	0.304385
Muller_E	511157	0.0414303	0.660156	0.298414
Muller_E	557879	0.0408589	0.664722	0.294419
Muller_E	581000	0.0405729	0.666987	0.29244
Muller_E	709108	0.038949	0.679592	0.281459
Muller_E	768129	0.038178	0.685435	0.276387
Muller_E	785241	0.0379517	0.687133	0.274915
Muller_E	787322	0.0379241	0.687339	0.274736
Muller_E	787424	0.0379228	0.68735	0.274728
Muller_E	788173	0.0379128	0.687424	0.274663
Muller_E	788750	0.0379052	0.687481	0.274614
Muller_E	788860	0.0379037	0.687492	0.274604
Muller_E	791823	0.0378643	0.687786	0.274349
Muller_E	802257	0.0377255	0.688823	0.273451
Muller_E	893794	0.0364869	0.697951	0.265562
Muller_E	894300	0.0364799	0.698002	0.265519
Muller_E	896281	0.0364527	0.6982	0.265348
Muller_E	897287	0.0364389	0.6983	0.265261
Muller_E	897987	0.0364292	0.69837	0.2652
Muller_E	901015	0.0363876	0.698673	0.264939
Muller_E	901718	0.0363779	0.698744	0.264878
Muller_E	923408	0.0360783	0.700916	0.263005
Muller_E	923675	0.0360746	0.700943	0.262982
Muller_E	924320	0.0360656	0.701008	0.262927
Muller_E	927795	0.0360174	0.701356	0.262626
Muller_E	948021	0.0357357	0.703386	0.260879
Muller_E	948230	0.0357328	0.703407	0.260861
Muller_E	958531	0.0355886	0.704441	0.25997
Muller_E	967701	0.0354599	0.705363	0.259177
Muller_E	969142	0.0354396	0.705508	0.259052
Muller_E	1033237	0.0345286	0.711969	0.253503
Muller_E	1120573	0.0332569	0.720821	0.245922
Muller_E	1123171	0.0332185	0.721085	0.245696
Muller_E	1146845	0.0328673	0.723495	0.243637
Muller_E	1148492	0.0328428	0.723663	0.243494
Muller_E	1168315	0.0325465	0.725685	0.241769
Muller_E	1213395	0.0318658	0.730294	0.23784
Muller_E	1262309	0.031116	0.735314	0.23357
Muller_E	1275111	0.0309179	0.73663	0.232452
Muller_E	1275707	0.0309086	0.736692	0.2324
Muller_E	1314313	0.030306	0.740672	0.229022
Muller_E	1318297	0.0302434	0.741083	0.228674
Muller_E	1358440	0.0296081	0.745236	0.225156
Muller_E	1358616	0.0296053	0.745254	0.225141
Muller_E	1378824	0.0292825	0.74735	0.223368
Muller_E	1480336	0.027629	0.757931	0.21444
Muller_E	1489232	0.0274815	0.758862	0.213656
Muller_E	1645912	0.0248161	0.775388	0.199796
Muller_E	1673398	0.0243348	0.778311	0.197354
Muller_E	1718642	0.0235337	0.783138	0.193329
Muller_E	1746815	0.023029	0.786153	0.190818
Muller_E	1763447	0.0227291	0.787937	0.189334
Muller_E	1765039	0.0227003	0.788108	0.189192
Muller_E	1765159	0.0226981	0.788121	0.189181
Muller_E	1765369	0.0226943	0.788143	0.189162
Muller_E	1771226	0.0225882	0.788772	0.188639
Muller_E	1799036	0.0220819	0.791764	0.186155
Muller_E	1802542	0.0220178	0.792141	0.185841
Muller_E	1802678	0.0220153	0.792156	0.185829
Muller_E	1803039	0.0220087	0.792195	0.185797
Muller_E	1803347	0.0220031	0.792228	0.185769
Muller_E	1805518	0.0219633	0.792462	0.185575
Muller_E	1812938	0.0218272	0.793262	0.184911
Muller_E	1813040	0.0218253	0.793273	0.184902
Muller_E	1815234	0.021785	0.793509	0.184706
Muller_E	1815907	0.0217727	0.793582	0.184645
Muller_E	1816383	0.0217639	0.793633	0.184603
Muller_E	1831501	0.0214854	0.795265	0.18325
Muller_E	1850978	0.0211246	0.797371	0.181505
Muller_E	1851905	0.0211073	0.797471	0.181421
Muller_E	1852166	0.0211025	0.797499	0.181398
Muller_E	1857635	0.0210008	0.798092	0.180908
Muller_E	1861157	0.0209351	0.798473	0.180592
Muller_E	1861336	0.0209318	0.798492	0.180576
Muller_E	1861880	0.0209217	0.798551	0.180527
Muller_E	1866595	0.0208337	0.799062	0.180104
Muller_E	1870209	0.0207662	0.799454	0.17978
Muller_E	1871973	0.0207332	0.799645	0.179622
Muller_E	1880064	0.0205817	0.800523	0.178895
Muller_E	1889333	0.0204077	0.801529	0.178063
Muller_E	1891195	0.0203727	0.801731	0.177896
Muller_E	1894320	0.0203139	0.802071	0.177615
Muller_E	1900363	0.0202	0.802728	0.177072
Muller_E	1904375	0.0201242	0.803164	0.176712
Muller_E	1915469	0.0199143	0.804371	0.175714
Muller_E	1927060	0.0196942	0.805634	0.174672
Muller_E	1932459	0.0195915	0.806223	0.174186
Muller_E	1944351	0.0193645	0.80752	0.173115
Muller_E	1946702	0.0193195	0.807777	0.172903
Muller_E	1961660	0.0190326	0.809412	0.171555
Muller_E	1975567	0.0187647	0.810934	0.170301
Muller_E	2011856	0.0180601	0.814915	0.167025
Muller_E	2013122	0.0180354	0.815054	0.16691
Muller_E	2044597	0.0174177	0.818519	0.164063
Muller_E	2048236	0.0173459	0.818921	0.163734
Muller_E	2048434	0.017342	0.818942	0.163716
Muller_E	2086567	0.0165847	0.823156	0.160259
Muller_E	2103366	0.0162483	0.825018	0.158734
Muller_E	2117584	0.0159623	0.826596	0.157442
Muller_E	2126123	0.0157899	0.827545	0.156666
Muller_E	2135792	0.0155941	0.82862	0.155786
Muller_E	2140907	0.0154903	0.829189	0.155321
Muller_E	2141169	0.015485	0.829218	0.155297
Muller_E	2142715	0.0154536	0.82939	0.155156
Muller_E	2145389	0.0153992	0.829688	0.154913
Muller_E	2146953	0.0153674	0.829862	0.15477
Muller_E	2147057	0.0153653	0.829874	0.154761
Muller_E	2201852	0.0142412	0.835994	0.149764
Muller_E	2204792	0.0141803	0.836324	0.149496
Muller_E	2219543	0.0138742	0.837978	0.148148
Muller_E	2220290	0.0138587	0.838062	0.14808
Muller_E	2241628	0.0134134	0.840459	0.146128
Muller_E	2243471	0.0133748	0.840666	0.145959
Muller_E	2531559	0.00707078	0.873569	0.11936
Muller_E	2693610	0.00327979	0.892533	0.104188
Muller_E	2696554	0.00320923	0.89288	0.103911
Muller_E	2706179	0.00297811	0.894018	0.103004
Muller_E	2713009	0.00281371	0.894826	0.102361
Muller_E	2716202	0.00273674	0.895204	0.10206
Muller_E	2721440	0.00261032	0.895824	0.101566
Muller_E	2735475	0.00227062	0.897488	0.100242
Muller_E	2763120	0.0015974	0.900773	0.0976299
Muller_E	2777976	0.00123337	0.902542	0.0962244
Muller_E	2779619	0.00119301	0.902738	0.0960688
Muller_E	2787347	0.00100293	0.90366	0.095337
Muller_E	2788916	0.00096428	0.903847	0.0951884
Muller_E	2795398	0.000804437	0.904621	0.0945743
Muller_E	2798296	0.000732876	0.904968	0.0942996
Muller_E	2799305	0.000707947	0.905088	0.0942039
Muller_E	2800245	0.000684715	0.9052	0.0941148
Muller_E	2800507	0.000678239	0.905232	0.09409
Muller_E	2800780	0.00067149	0.905264	0.0940641
Muller_E	2800932	0.000667732	0.905283	0.0940497
Muller_E	2801158	0.000662145	0.90531	0.0940283
Muller_E	2805736	0.000548881	0.905857	0.0935942
Muller_E	2807233	0.000511811	0.906036	0.0934522
Muller_E	2807795	0.00049789	0.906103	0.0933989
Muller_E	2808363	0.000483818	0.906171	0.093345
Muller_E	2809031	0.000467266	0.906251	0.0932817
Muller_E	2809272	0.000461294	0.90628	0.0932588
Muller_E	2809909	0.000445505	0.906356	0.0931984
Muller_E	2811470	4.77089e-05	0.838693	0.161259
Muller_E	2811776	0.000405983	0.9066	0.0929945
Muller_E	2812117	0.000405069	0.906663	0.0929323
Muller_E	2815676	0.000395478	0.907321	0.0922832
Muller_E	2816259	0.000393898	0.907429	0.0921768
Muller_E	2817070	0.000391696	0.907579	0.0920289
Muller_E	2817616	0.000390211	0.90768	0.0919293
Muller_E	2819402	0.000385338	0.908011	0.0916035
Muller_E	2820166	0.000383247	0.908153	0.0914641
Muller_E	2820386	0.000382644	0.908193	0.091424
Muller_E	2820775	0.000381577	0.908265	0.091353
Muller_E	2821135	0.000380588	0.908332	0.0912873
Muller_E	2821440	0.00037975	0.908389	0.0912317
Muller_E	2826939	0.00036452	0.909407	0.0902284
Muller_E	2831172	0.000352646	0.910191	0.0894559
Muller_E	2831515	0.000351678	0.910255	0.0893933
Muller_E	2832336	0.000349358	0.910407	0.0892435
Muller_E	2833070	0.00034728	0.910543	0.0891095
Muller_E	2850717	0.000296129	0.913816	0.0858877
Muller_E	2853215	0.000288704	0.91428	0.0854314
Muller_E	2856496	0.000278883	0.914889	0.0848321
Muller_E	2856945	0.000277532	0.914972	0.0847501
Muller_E	2857481	0.000275919	0.915072	0.0846522
Muller_E	2858163	0.000273862	0.915199	0.0845276
Muller_E	2859754	0.000269052	0.915494	0.084237
Muller_E	2859987	0.000268346	0.915537	0.0841944
Muller_E	2862604	0.000260388	0.916023	0.0837163
Muller_E	2866488	0.000248485	0.916745	0.0830066
Muller_E	2867267	0.000246085	0.91689	0.0828642
Muller_E	2868557	0.000242099	0.917129	0.0826285
Muller_E	2870085	0.000237363	0.917413	0.0823492
Muller_E	2870623	0.000235691	0.917513	0.0822509
Muller_E	2876155	0.000218377	0.918542	0.0812398
Muller_E	2877151	0.000215236	0.918727	0.0810577
Muller_E	2886067	0.00018679	0.920386	0.0794275
Muller_E	2886534	0.000185283	0.920473	0.0793421
Muller_E	2887599	0.000181843	0.920671	0.0791474
Muller_E	2887882	0.000180927	0.920723	0.0790956
Muller_E	2888492	0.000178951	0.920837	0.078984
Muller_E	2888607	0.000178578	0.920858	0.078963
Muller_E	2890000	0.000174054	0.921118	0.0787082
Muller_E	2890387	0.000172795	0.92119	0.0786375
Muller_E	2890907	0.000171101	0.921287	0.0785424
Muller_E	2894764	0.000158475	0.922005	0.0778369
Muller_E	2899098	0.000144155	0.922812	0.077044
Muller_E	2901481	0.000136222	0.923256	0.076608
Muller_E	2901643	0.000135681	0.923286	0.0765784
Muller_E	2902627	0.000132392	0.923469	0.0763983
Muller_E	2903432	0.000129695	0.923619	0.076251
Muller_E	2904998	0.000124436	0.923911	0.0759644
Muller_E	2905994	0.000121082	0.924097	0.0757822
Muller_E	2907134	0.000117234	0.924309	0.0755735
Muller_E	2908511	0.000112572	0.924566	0.0753215
Muller_E	2909452	0.000109379	0.924741	0.0751493
Muller_E	2910160	0.000106972	0.924873	0.0750197
Muller_E	2911022	0.000104036	0.925034	0.0748619
Muller_E	2911252	2.03105e-05	0.873415	0.126565
Muller_E	2911992	0.000103097	0.925321	0.0745758
Muller_E	2914672	0.000102504	0.926206	0.0736918
Muller_E	2915489	0.000102313	0.926475	0.0734224
Muller_E	2918585	0.000101543	0.927497	0.0724011
Muller_E	2919015	0.000101431	0.927639	0.0722593
Muller_E	2919728	0.000101242	0.927875	0.0720241
Muller_E	2919971	0.000101176	0.927955	0.0719439
Muller_E	2921506	0.000100753	0.928462	0.0714376
Muller_E	2922564	0.000100451	0.928811	0.0710885
Muller_E	2922707	0.00010041	0.928858	0.0710414
Muller_E	2924226	9.99609e-05	0.92936	0.0705403
Muller_E	2925108	9.96923e-05	0.929651	0.0702493
Muller_E	2925552	9.9555e-05	0.929798	0.0701028
Muller_E	2928855	9.84876e-05	0.930888	0.0690131
Muller_E	2930674	9.78654e-05	0.931489	0.0684129
Muller_E	2931258	9.76605e-05	0.931682	0.0682202
Muller_E	2931592	0.000197441	0.992564	0.00723867
Muller_E	2931798	9.72742e-05	0.931798	0.0681048
Muller_E	2932326	2.37843e-05	0.887096	0.11288
Muller_E	2945623	0.000102772	0.932511	0.0673862
Muller_E	2945753	0.000102826	0.932518	0.0673793
Muller_E	2945878	0.000102878	0.932524	0.0673727
Muller_E	2946001	0.000102928	0.932531	0.0673662
Muller_E	2955783	0.000106605	0.933047	0.0668465
Muller_E	2957997	0.000107338	0.933164	0.0667288
Muller_E	2959282	0.000107746	0.933232	0.0666605
Muller_E	2959697	0.000107876	0.933254	0.0666384
Muller_E	2959819	0.000107913	0.93326	0.0666319
Muller_E	2960759	0.0001082	0.93331	0.0665819
Muller_E	2961667	0.000108471	0.933358	0.0665336
Muller_E	2961801	0.000108511	0.933365	0.0665265
Muller_E	2963254	0.00010893	0.933442	0.0664492
Muller_E	2963568	0.000109019	0.933458	0.0664325
Muller_E	2975263	0.000111789	0.934078	0.0658097
Muller_E	2976725	0.000112063	0.934156	0.0657318
Muller_E	2977784	0.000112251	0.934212	0.0656753
Muller_E	2982473	0.000112985	0.934462	0.0654253
Muller_E	2984283	0.000113223	0.934558	0.0653287
Muller_E	2985483	0.000113368	0.934622	0.0652647
Muller_E	2985658	0.000113388	0.934631	0.0652554
Muller_E	2985908	0.000113417	0.934645	0.065242
Muller_E	2987685	0.000113606	0.934739	0.0651472
Muller_E	2992894	0.000114022	0.935017	0.064869
Muller_E	2993313	0.000114047	0.935039	0.0648467
Muller_E	2993798	0.000114073	0.935065	0.0648207
Muller_E	2994137	0.000114091	0.935083	0.0648026
Muller_E	2994487	0.000114109	0.935102	0.0647839
Muller_E	2994615	0.000114115	0.935109	0.0647771
Muller_E	2995123	0.000114138	0.935136	0.06475
Muller_E	2995701	0.000114162	0.935167	0.0647191
Muller_E	2996048	0.000114175	0.935185	0.0647005
Muller_E	2996738	0.000114198	0.935222	0.0646637
Muller_E	2996880	0.000114203	0.93523	0.0646561
Muller_E	2997113	0.00011421	0.935242	0.0646436
Muller_E	2999116	0.000114252	0.935349	0.0645366
Muller_E	2999459	0.000114256	0.935368	0.0645182
Muller_E	3001420	0.000114263	0.935472	0.0644134
Muller_E	3001578	0.000114262	0.935481	0.0644049
Muller_E	3001696	0.000114261	0.935487	0.0643986
Muller_E	3002579	0.000114253	0.935534	0.0643514
Muller_E	3003095	0.000114246	0.935562	0.0643238
Muller_E	3003540	0.000114238	0.935586	0.0643
Muller_E	3004120	2.22049e-05	0.890176	0.109801
Muller_E	3005221	0.00011755	0.935725	0.0641574
Muller_E	3007967	0.000125805	0.935995	0.0638793
Muller_E	3012773	0.000140122	0.936468	0.0633923
Muller_E	3013331	0.000141774	0.936522	0.0633357
Muller_E	3013618	0.000142622	0.936551	0.0633066
Muller_E	3014080	0.000143987	0.936596	0.0632598
Muller_E	3014783	0.00014606	0.936665	0.0631886
Muller_E	3016296	0.000150511	0.936814	0.0630352
Muller_E	3017214	0.000153203	0.936905	0.0629422
Muller_E	3018320	0.000156439	0.937014	0.06283
Muller_E	3018982	0.000158371	0.937079	0.0627629
Muller_E	3019303	0.000159307	0.93711	0.0627304
Muller_E	3019831	0.000160845	0.937162	0.0626768
Muller_E	3021834	0.00016666	0.93736	0.0624737
Muller_E	3021944	0.000166978	0.93737	0.0624626
Muller_E	3023127	0.000170398	0.937487	0.0623426
Muller_E	3024474	0.00017428	0.93762	0.062206
Muller_E	3024813	0.000175255	0.937653	0.0621716
Muller_E	3029421	0.000188423	0.938107	0.0617042
Muller_E	3029834	0.000189595	0.938148	0.0616623
Muller_E	3030101	0.000190353	0.938174	0.0616352
Muller_E	3033200	0.000199107	0.93848	0.0613207
Muller_E	3033901	0.000201077	0.938549	0.0612496
Muller_E	3034073	0.00020156	0.938566	0.0612322
Muller_E	3036032	0.000207045	0.93876	0.0610333
Muller_E	3038305	0.000213375	0.938984	0.0608026
Muller_E	3041816	0.000223078	0.939331	0.0604461
Muller_E	3044683	0.000230935	0.939614	0.060155
Muller_E	3046757	0.000236582	0.939819	0.0599444
Muller_E	3046887	0.000236935	0.939832	0.0599311
Muller_E	3047900	0.00023968	0.939932	0.0598282
Muller_E	3048135	0.000240316	0.939955	0.0598044
Muller_E	3050664	0.000247134	0.940205	0.0595475
Muller_E	3051698	0.000249908	0.940308	0.0594424
Muller_E	3051968	0.000250631	0.940334	0.059415
Muller_E	3052635	0.000252415	0.9404	0.0593472
Muller_E	3053197	0.000253915	0.940456	0.0592901
Muller_E	3056428	0.000262498	0.940776	0.0589617
Muller_E	3056712	0.000263249	0.940804	0.0589329
Muller_E	3058398	0.000267693	0.940971	0.0587615
Muller_E	3059687	0.000271078	0.941098	0.0586304
Muller_E	3061511	0.000275846	0.941279	0.058445
Muller_E	3062406	0.000278177	0.941368	0.058354
Muller_E	3062537	0.000278517	0.941381	0.0583407
Muller_E	3100018	0.000370834	0.945104	0.0545248
Muller_E	3100718	0.000372461	0.945174	0.0544534
Muller_E	3112367	0.000398995	0.946336	0.0532655
Muller_E	3112987	0.00040038	0.946397	0.0532022
Muller_E	3113420	0.000401345	0.946441	0.053158
Muller_E	3116107	9.67225e-05	0.910715	0.0891881
Muller_E	3119432	0.000444134	0.947275	0.0522813
Muller_E	3119714	0.000447255	0.947323	0.0522302
Muller_E	3120862	0.000459955	0.947518	0.0520221
Muller_E	3122265	0.000475467	0.947757	0.0517678
Muller_E	3123364	0.00048761	0.947944	0.0515687
Muller_E	3124138	0.000496158	0.948075	0.0514284
Muller_E	3127464	0.000532853	0.948642	0.0508255
Muller_E	3128767	0.000547212	0.948863	0.0505893
Muller_E	3128895	0.000548622	0.948885	0.0505661
Muller_E	3129611	0.000556508	0.949007	0.0504363
Muller_E	3129743	0.000557961	0.94903	0.0504124
Muller_E	3130171	0.000562674	0.949103	0.0503348
Muller_E	3131529	0.000577618	0.949334	0.0500886
Muller_E	3137674	0.000645115	0.95038	0.0489745
Muller_E	3139976	0.000670347	0.950773	0.048557
Muller_E	3143168	0.000705284	0.951317	0.0479782
Muller_E	3169152	0.000987578	0.955748	0.0432642
Muller_E	3170575	0.00100293	0.955991	0.043006
Muller_E	3173857	0.00337327	0.990393	0.00623383
Muller_E	3192801	0.00108261	0.956879	0.0420386
Muller_E	3194086	0.00108551	0.956901	0.0420133
Muller_E	3194230	0.00108584	0.956904	0.0420104
Muller_E	3207603	0.00111533	0.957138	0.0417463
Muller_E	3207708	0.00111555	0.95714	0.0417442
Muller_E	3208070	0.00111633	0.957147	0.0417371
Muller_E	3208369	0.00111698	0.957152	0.0417311
Muller_E	3208507	0.00111727	0.957154	0.0417284
Muller_E	3208706	0.0011177	0.957158	0.0417245
Muller_E	3210124	0.00112073	0.957183	0.0416964
Muller_E	3211254	0.00112314	0.957203	0.041674
Muller_E	3212088	0.00112491	0.957218	0.0416574
Muller_E	3216063	0.00113328	0.957288	0.0415786
Muller_E	3216461	0.00113411	0.957295	0.0415706
Muller_E	3217109	0.00113546	0.957307	0.0415578
Muller_E	3217441	0.00113615	0.957313	0.0415512
Muller_E	3217706	0.0011367	0.957317	0.0415459
Muller_E	3217825	0.00113695	0.95732	0.0415435
Muller_E	3218354	0.00113804	0.957329	0.041533
Muller_E	3219292	0.00113998	0.957346	0.0415144
Muller_E	3219763	0.00114095	0.957354	0.041505
Muller_E	3221459	0.00114444	0.957384	0.0414713
Muller_E	3222112	0.00114577	0.957396	0.0414583
Muller_E	3223012	0.00114761	0.957412	0.0414404
Muller_E	3223549	0.0011487	0.957422	0.0414297
Muller_E	3224815	0.00115127	0.957444	0.0414044
Muller_E	3226800	0.00115527	0.95748	0.0413649
Muller_E	3229718	0.00116109	0.957532	0.0413067
Muller_E	3240322	0.00118171	0.957724	0.0410946
Muller_E	3240918	0.00118284	0.957735	0.0410826
Muller_E	3241273	0.00118352	0.957741	0.0410755
Muller_E	3247835	0.0011958	0.95786	0.0409438
Muller_E	3251442	0.00120241	0.957926	0.0408713
Muller_E	3252203	0.00120379	0.95794	0.040856
Muller_E	3254014	0.00120706	0.957973	0.0408195
Muller_E	3254518	0.00120797	0.957983	0.0408094
Muller_E	3255141	0.00120908	0.957994	0.0407968
Muller_E	3255365	0.00120949	0.957998	0.0407923
Muller_E	3259142	0.00121619	0.958068	0.0407162
Muller_E	3259935	0.00121758	0.958082	0.0407002
Muller_E	3262497	0.00122205	0.95813	0.0406484
Muller_E	3263708	0.00122414	0.958152	0.040624
Muller_E	3264644	0.00122575	0.958169	0.040605
Muller_E	3266132	0.0012283	0.958197	0.040575
Muller_E	3266579	0.00122906	0.958205	0.0405659
Muller_E	3266806	0.00122945	0.958209	0.0405613
Muller_E	3269029	0.00123321	0.95825	0.0405163
Muller_E	3271700	0.00123768	0.9583	0.0404622
Muller_E	3271881	0.00123798	0.958303	0.0404585
Muller_E	3273894	0.00124132	0.958341	0.0404177
Muller_E	3275081	0.00124326	0.958363	0.0403936
Muller_E	3275989	0.00124475	0.95838	0.0403752
Muller_E	3278049	0.00124809	0.958419	0.0403334
Muller_E	3280894	0.00125266	0.958472	0.0402756
Muller_E	3282107	0.00125458	0.958495	0.0402509
Muller_E	3282973	0.00125595	0.958511	0.0402333
Muller_E	3284532	0.0012584	0.95854	0.0402015
Muller_E	3291321	0.00126885	0.958668	0.0400631
Muller_E	3291878	0.0012697	0.958679	0.0400517
Muller_E	3293351	0.00127191	0.958706	0.0400217
Muller_E	3293759	0.00127252	0.958714	0.0400133
Muller_E	3304917	0.00128872	0.958926	0.0397849
Muller_E	3306663	0.00129117	0.95896	0.0397491
Muller_E	3306880	0.00129148	0.958964	0.0397446
Muller_E	3310127	0.00129596	0.959026	0.0396779
Muller_E	3312301	0.00129892	0.959068	0.0396332
Muller_E	3312718	0.00129949	0.959076	0.0396247
Muller_E	3318766	0.00130751	0.959192	0.0395001
Muller_E	3323588	0.0013137	0.959286	0.0394006
Muller_E	3324201	0.00131448	0.959298	0.039388
Muller_E	3324656	0.00131505	0.959306	0.0393786
Muller_E	3325091	0.0013156	0.959315	0.0393696
Muller_E	3326084	0.00131684	0.959334	0.0393491
Muller_E	3326190	0.00131697	0.959336	0.0393469
Muller_E	3330218	0.00132193	0.959415	0.0392636
Muller_E	3334866	0.0013275	0.959505	0.0391673
Muller_E	3337545	0.00133063	0.959558	0.0391117
Muller_E	3340268	0.00133376	0.959611	0.0390552
Muller_E	3340480	0.001334	0.959615	0.0390508
Muller_E	3410593	0.00139483	0.961029	0.0375761
Muller_E	3431230	0.00140555	0.961459	0.0371351
Muller_E	3437416	0.00140812	0.96159	0.0370023
Muller_E	3456916	0.0014143	0.962004	0.0365819
Muller_E	3457694	0.00141449	0.96202	0.036565
Muller_E	3459001	0.00141479	0.962048	0.0365367
Muller_E	3462300	0.00141549	0.962119	0.0364653
Muller_E	3464519	0.00141592	0.962167	0.0364172
Muller_E	3464673	0.00141595	0.96217	0.0364138
Muller_E	3477602	0.00141766	0.96245	0.0361327
Muller_E	3525631	0.00141275	0.96351	0.0350777
Muller_E	3546828	0.00140492	0.963988	0.0346066
Muller_E	3557059	0.0013999	0.964222	0.0343781
Muller_E	3566467	0.00139457	0.964438	0.0341672
Muller_E	3572057	0.00139108	0.964567	0.0340416
Muller_E	3572168	0.00139101	0.96457	0.0340391
Muller_E	3579272	0.00138622	0.964735	0.0338791
Muller_E	3579502	0.00138606	0.96474	0.0338739
Muller_E	3582419	0.00138397	0.964808	0.0338081
Muller_E	3590131	0.00137814	0.964988	0.0336339
Muller_E	3605233	0.00136539	0.965343	0.0332913
Muller_E	3610748	0.00136029	0.965474	0.0331658
Muller_E	3611776	0.00135932	0.965498	0.0331424
Muller_E	3615071	0.00135614	0.965577	0.0330673
Muller_E	3617701	0.00135353	0.965639	0.0330072
Muller_E	3617818	0.00135342	0.965642	0.0330046
Muller_E	3617948	0.00135329	0.965645	0.0330016
Muller_E	3623404	0.00134771	0.965775	0.0328769
Muller_E	3630035	0.00134062	0.965934	0.032725
Muller_E	3631532	0.00133897	0.96597	0.0326907
Muller_E	3634067	0.00133614	0.966031	0.0326326
Muller_E	3642157	0.00132678	0.966227	0.0324466
Muller_E	3643438	0.00132525	0.966258	0.0324171
Muller_E	3645674	0.00132255	0.966312	0.0323656
Muller_E	3652519	0.00131405	0.966478	0.0322077
Muller_E	3655257	0.00131055	0.966545	0.0321445
Muller_E	3657953	0.00130704	0.966611	0.0320821
Muller_E	3660200	0.00130407	0.966666	0.0320301
Muller_E	3665461	0.00129698	0.966795	0.0319082
Muller_E	3670065	0.00129059	0.966908	0.0318014
Muller_E	3757777	0.00113747	0.969127	0.0297353
Muller_E	3766114	0.0011198	0.969344	0.0295359
Muller_E	3770199	0.00111095	0.969451	0.029438
Muller_E	3771242	0.00110867	0.969478	0.029413
Muller_E	3775369	0.00109956	0.969586	0.0293139
Muller_E	3781958	0.00108473	0.96976	0.0291555
Muller_E	3788305	0.00107014	0.969927	0.0290026
Muller_E	3788531	0.00106961	0.969933	0.0289972
Muller_E	3788717	0.00106918	0.969938	0.0289927
Muller_E	3791492	0.00106269	0.970012	0.0289257
Muller_E	3791929	0.00106166	0.970023	0.0289152
Muller_E	3794089	0.00105656	0.97008	0.028863
Muller_E	3798034	0.00104715	0.970185	0.0287676
Muller_E	3805877	0.00102808	0.970394	0.0285777
Muller_E	3808116	0.00102255	0.970454	0.0285233
Muller_E	3837593	0.000946081	0.971249	0.0278047
Muller_E	3889492	0.000794934	0.972682	0.0265235
Muller_E	3892070	0.000786876	0.972754	0.0264593
Muller_E	3892768	0.000784686	0.972773	0.0264419
Muller_E	3893846	0.000781295	0.972804	0.026415
Muller_E	3895236	0.000776909	0.972843	0.0263804
Muller_E	3896701	0.000772271	0.972884	0.0263439
Muller_E	3964144	0.000540509	0.974815	0.0246444
Muller_E	3964249	0.000540121	0.974818	0.0246418
Muller_E	3964701	0.000538446	0.974831	0.0246303
Muller_E	3965335	0.000536095	0.97485	0.0246141
Muller_E	3965537	0.000535346	0.974856	0.024609
Muller_E	3971184	0.000514258	0.975021	0.024465
Muller_E	4005791	0.000379543	0.976043	0.0235776
Muller_E	4007537	0.000372497	0.976095	0.0235326
Muller_E	4008073	0.000370329	0.976111	0.0235188
Muller_E	4008732	0.00036766	0.976131	0.0235018
Muller_E	4009275	0.000365459	0.976147	0.0234878
Muller_E	4009794	0.000363352	0.976162	0.0234744
Muller_E	4010462	0.000360638	0.976182	0.0234571
Muller_E	4011246	0.000357448	0.976206	0.0234369
Muller_E	4011350	0.000357025	0.976209	0.0234342
Muller_E	4011743	0.000355424	0.976221	0.0234241
Muller_E	4012926	0.000350596	0.976256	0.0233935
Muller_E	4015010	0.000342066	0.976318	0.0233397
Muller_E	4015956	0.000338182	0.976347	0.0233152
Muller_E	4016731	0.000334995	0.97637	0.0232952
Muller_E	4017133	0.00033334	0.976382	0.0232848
Muller_E	4017640	0.000331251	0.976397	0.0232717
Muller_E	4021078	0.000317032	0.9765	0.0231827
Muller_E	4021876	0.000313719	0.976524	0.023162
Muller_E	4022513	0.00031107	0.976543	0.0231455
Muller_E	4022928	0.000309343	0.976556	0.0231348
Muller_E	4024532	0.000302653	0.976604	0.0230932
Muller_E	4024639	0.000302207	0.976607	0.0230904
Muller_E	4025270	0.000299569	0.976626	0.0230741
Muller_E	4027169	0.000291612	0.976684	0.0230248
Muller_E	4027437	0.000290487	0.976692	0.0230179
Muller_E	4027764	0.000289113	0.976701	0.0230094
Muller_E	4029270	0.000282776	0.976747	0.0229703
Muller_E	4032202	0.000270387	0.976835	0.0228942
Muller_E	4032327	0.000269857	0.976839	0.0228909
Muller_E	4033521	0.000264791	0.976875	0.0228599
Muller_E	4033797	0.000263619	0.976884	0.0228527
Muller_E	4036360	0.000252701	0.976961	0.0227861
Muller_E	4037138	0.000249376	0.976985	0.0227658
Muller_E	4037610	0.000247357	0.976999	0.0227536
Muller_E	4040496	0.000234973	0.977087	0.0226784
Muller_E	4040949	0.000233023	0.9771	0.0226666
Muller_E	4045900	0.000211607	0.977251	0.0225376
Muller_E	4046078	0.000210833	0.977256	0.0225329
Muller_E	4046843	0.000207506	0.97728	0.022513
Muller_E	4047581	0.000204292	0.977302	0.0224937
Muller_E	4048275	0.000201265	0.977323	0.0224756
Muller_E	4048700	0.000199409	0.977336	0.0224645
Muller_E	4053592	0.00017795	0.977485	0.0223367
Muller_E	4056223	0.000166331	0.977566	0.0222679
Muller_E	4056545	0.000164905	0.977576	0.0222595
Muller_E	4056951	0.000163106	0.977588	0.0222489
Muller_E	4057601	0.000160223	0.977608	0.0222318
Muller_E	4057720	0.000159695	0.977612	0.0222287
Muller_E	4058043	0.000158261	0.977621	0.0222203
Muller_E	4058149	0.00015779	0.977625	0.0222175
Muller_E	4058704	0.000155324	0.977642	0.022203
Muller_E	4059417	0.000152152	0.977664	0.0221843
Muller_E	4059965	0.000149711	0.97768	0.0221699
Muller_E	4061381	0.000143393	0.977724	0.0221328
Muller_E	4061745	0.000141766	0.977735	0.0221233
Muller_E	4062020	0.000140537	0.977743	0.0221161
Muller_E	4062507	0.000138358	0.977758	0.0221033
Muller_E	4062941	0.000136414	0.977772	0.022092
Muller_E	4064035	0.000131509	0.977805	0.0220633
Muller_E	4064680	0.000128612	0.977825	0.0220464
Muller_E	4064829	0.000127942	0.97783	0.0220425
Muller_E	4065474	0.000125042	0.977849	0.0220255
Muller_E	4065574	0.000124592	0.977853	0.0220229
Muller_E	4066028	0.000122548	0.977866	0.022011
Muller_E	4067541	0.000115724	0.977913	0.0219713
Muller_E	4067967	0.000113799	0.977926	0.0219601
Muller_E	4068535	0.000111231	0.977944	0.0219452
Muller_E	4069245	0.000108017	0.977965	0.0219265
Muller_E	4070105	0.000104119	0.977992	0.021904
Muller_E	4071088	9.96555e-05	0.978022	0.0218781
Muller_E	4071641	9.71414e-05	0.978039	0.0218636
Muller_E	4072126	9.49344e-05	0.978054	0.0218508
Muller_E	4072768	9.20102e-05	0.978074	0.021834
Muller_E	4072973	9.10758e-05	0.97808	0.0218286
Muller_E	4073359	8.93154e-05	0.978092	0.0218184
Muller_E	4075135	8.12007e-05	0.978147	0.0217717
Muller_E	4075254	8.06561e-05	0.978151	0.0217686
Muller_E	4076053	1.96012e-05	0.962709	0.0372711
Muller_E	4077160	7.59412e-05	0.978231	0.021693
Muller_E	4078165	7.49748e-05	0.978282	0.0216435
Muller_E	4078690	7.44668e-05	0.978308	0.0216176
Muller_E	4078900	7.42629e-05	0.978318	0.0216073
Muller_E	4079010	7.4156e-05	0.978324	0.0216018
Muller_E	4079297	7.38767e-05	0.978338	0.0215877
Muller_E	4081728	7.14842e-05	0.978461	0.0214679
Muller_E	4082079	7.11349e-05	0.978478	0.0214505
Muller_E	4083988	6.9218e-05	0.978574	0.0213564
Muller_E	4085715	6.74591e-05	0.978661	0.0212712
Muller_E	4089306	6.37262e-05	0.978842	0.021094
Muller_E	4089803	6.32015e-05	0.978867	0.0210694
Muller_E	4092778	8.26408e-06	0.961765	0.0382269
Muller_E	4092894	6.01545e-05	0.979028	0.0209116
Muller_E	4098915	6.69935e-05	0.979588	0.0203454
Muller_E	4109650	7.84847e-05	0.980586	0.0193353
Muller_E	4113217	8.21036e-05	0.980918	0.0189994
Muller_E	4113538	8.24244e-05	0.980948	0.0189692
Muller_E	4114422	8.33037e-05	0.981031	0.0188859
Muller_E	4114803	8.36808e-05	0.981066	0.0188501
Muller_E	4115118	8.39917e-05	0.981096	0.0188204
Muller_E	4116856	8.56931e-05	0.981258	0.0186567
Muller_E	4117074	8.59048e-05	0.981278	0.0186362
Muller_E	4117473	8.62914e-05	0.981315	0.0185986
Muller_E	4118970	8.77307e-05	0.981455	0.0184575
Muller_E	4121851	9.04513e-05	0.981723	0.0181861
Muller_E	4122071	9.06564e-05	0.981744	0.0181654
Muller_E	4122393	9.09559e-05	0.981774	0.018135
Muller_E	4122818	9.13499e-05	0.981814	0.018095
Muller_E	4124318	9.27293e-05	0.981954	0.0179536
Muller_E	4124418	9.28206e-05	0.981963	0.0179442
Muller_E	4126492	9.46972e-05	0.982157	0.0177487
Muller_E	4127527	9.56211e-05	0.982253	0.0176511
Muller_E	4127720	9.57924e-05	0.982271	0.0176329
Muller_E	4128101	9.61298e-05	0.982307	0.017597
Muller_E	4128234	9.62473e-05	0.982319	0.0175844
Muller_E	4130334	9.80844e-05	0.982515	0.0173864
Muller_E	4132221	9.97057e-05	0.982692	0.0172085
Muller_E	4134741	0.000101827	0.982927	0.0169708
Muller_E	4134982	0.000102028	0.98295	0.016948
Muller_E	4136547	0.000103317	0.983096	0.0168004
Muller_E	4140224	0.000106271	0.98344	0.0164534
Muller_E	4140902	0.000106804	0.983504	0.0163894
Muller_E	4141485	0.00010726	0.983558	0.0163344
Muller_E	4143836	0.00010907	0.983778	0.0161125
Muller_E	4144350	0.00010946	0.983827	0.0160639
Muller_E	4144848	0.000109835	0.983873	0.0160169
Muller_E	4150850	0.000114211	0.984436	0.0154501
Muller_E	4151927	0.000114966	0.984537	0.0153484
Muller_E	4154621	0.000116816	0.984789	0.0150939
Muller_E	4159745	0.000120175	0.98527	0.0146096
Muller_E	4159958	0.00012031	0.98529	0.0145895
Muller_E	4160923	0.000120918	0.985381	0.0144983
Muller_E	4161787	0.000121456	0.985462	0.0144166
Muller_E	4162162	0.000121688	0.985497	0.0143811
Muller_E	4163984	0.000122798	0.985668	0.0142088
Muller_E	4164218	0.000122939	0.98569	0.0141867
Muller_E	4164859	0.000123322	0.985751	0.0141261
Muller_E	4165033	0.000123426	0.985767	0.0141096
Muller_E	4165157	0.000123499	0.985779	0.0140979
Muller_E	4165383	0.000123633	0.9858	0.0140765
Muller_E	4165808	0.000123883	0.98584	0.0140364
Muller_E	4165958	0.000232892	0.997727	0.00204007
Muller_E	4166062	0.00012394	0.985855	0.0140212
Muller_E	4166243	0.000123885	0.985857	0.0140194
Muller_E	4166628	0.000123767	0.98586	0.0140157
Muller_E	4168755	0.000123096	0.985882	0.0139953
Muller_E	4172546	0.00012181	0.985919	0.0139588
Muller_E	4172827	0.00012171	0.985922	0.0139561
Muller_E	4173860	0.000121338	0.985933	0.0139462
Muller_E	4176100	0.0001205	0.985955	0.0139245
Muller_E	4176326	0.000120414	0.985957	0.0139223
Muller_E	4176826	0.00012022	0.985962	0.0139175
Muller_E	4177022	0.000120144	0.985964	0.0139156
Muller_E	4178339	0.000119624	0.985978	0.0139028
Muller_E	4178608	0.000119516	0.98598	0.0139002
Muller_E	4179326	0.000119224	0.985987	0.0138933
Muller_E	4180712	0.000118651	0.986002	0.0138798
Muller_E	4180966	0.000118544	0.986004	0.0138774
Muller_E	4184926	0.000116812	0.986044	0.0138389
Muller_E	4185178	0.000116698	0.986047	0.0138364
Muller_E	4185319	0.000116634	0.986048	0.013835
Muller_E	4185532	2.37375e-05	0.975426	0.0245502
Muller_E	4187632	0.000121112	0.986093	0.0137858
Muller_E	4188227	0.000122402	0.986105	0.0137725
Muller_E	4188670	0.000123361	0.986114	0.0137625
Muller_E	4192621	0.000131843	0.986194	0.0136737
Muller_E	4193546	0.000133811	0.986213	0.0136529
Muller_E	4194407	0.000135636	0.986231	0.0136335
Muller_E	4195783	0.000138542	0.986259	0.0136025
Muller_E	4196010	0.00013902	0.986264	0.0135974
Muller_E	4197440	0.00014202	0.986293	0.0135651
Muller_E	4198223	0.000143657	0.986309	0.0135475
Muller_E	4199021	0.000145319	0.986325	0.0135295
Muller_E	4199203	0.000145698	0.986329	0.0135254
Muller_E	4199424	0.000146157	0.986333	0.0135204
Muller_E	4199639	0.000146604	0.986338	0.0135156
Muller_E	4199983	0.000147317	0.986345	0.0135078
Muller_E	4203293	0.000154134	0.986413	0.0134331
Muller_E	4205814	0.000159268	0.986465	0.0133761
Muller_E	4206134	0.000159916	0.986471	0.0133689
Muller_E	4207588	0.000162851	0.986501	0.013336
Muller_E	4210680	0.000169035	0.986565	0.0132661
Muller_E	4210928	0.000169528	0.98657	0.0132605
Muller_E	4211312	0.00017029	0.986578	0.0132518
Muller_E	4211755	0.000171168	0.986587	0.0132417
Muller_E	4213444	0.0001745	0.986622	0.0132035
Muller_E	4216650	0.000180762	0.986688	0.0131308
Muller_E	4217058	0.000181553	0.986697	0.0131215
Muller_E	4217453	0.000182318	0.986705	0.0131125
Muller_E	4217565	0.000182534	0.986707	0.01311
Muller_E	4217669	0.000182735	0.98671	0.0131076
Muller_E	4217825	0.000183037	0.986713	0.0131041
Muller_E	4218923	0.000185152	0.986736	0.0130792
Muller_E	4225215	0.000197092	0.986867	0.0129362
Muller_E	4232774	0.00021102	0.987025	0.0127639
Muller_E	4235298	0.00021557	0.987078	0.0127063
Muller_E	4245993	0.000234288	0.987304	0.0124617
Muller_E	4252835	0.000245786	0.98745	0.0123047
Muller_E	4253725	0.000247254	0.987469	0.0122842
Muller_E	4256197	0.0002513	0.987521	0.0122274
Muller_E	4261234	0.000259393	0.987629	0.0121115
Muller_E	4262892	0.000262013	0.987665	0.0120733
Muller_E	4263238	0.000262557	0.987672	0.0120653
Muller_E	4263588	0.000263106	0.98768	0.0120572
Muller_E	4264621	0.000264721	0.987702	0.0120334
Muller_E	4266950	0.000268332	0.987752	0.0119797
Muller_E	4267529	0.000269224	0.987764	0.0119663
Muller_E	4276223	0.000282283	0.987952	0.0117653
Muller_E	4311688	0.000329332	0.988732	0.0109392
Muller_E	4311965	0.00032966	0.988738	0.0109327
Muller_E	4312254	0.000330002	0.988744	0.0109259
Muller_E	4312510	0.000330304	0.98875	0.0109199
Muller_E	4334492	0.0003543	0.989243	0.0104027
Muller_E	4352032	0.000370687	0.989642	0.00998735
Muller_E	4353438	0.000371894	0.989674	0.00995394
Muller_E	4356857	0.000374765	0.989753	0.00987265
Muller_E	4360054	0.000377365	0.989826	0.00979656
Muller_E	4374783	0.000388291	0.990167	0.00944494
Muller_E	4374946	0.000388403	0.990171	0.00944103
Muller_E	4381350	0.000392605	0.99032	0.00928761
Muller_E	4558836	0.000378684	0.994715	0.00490606
Muller_E	4562012	0.000376137	0.994798	0.00482537
Muller_E	4564083	0.000374432	0.994853	0.00477271
Muller_E	4564194	0.00037434	0.994856	0.00476988
Muller_E	4568491	0.00037069	0.994969	0.00466051
Muller_E	4569115	0.000370147	0.994985	0.00464462
Muller_E	4569749	0.000369593	0.995002	0.00462846
Muller_E	4570340	0.000369073	0.995018	0.0046134
Muller_E	4571890	0.000367697	0.995058	0.00457389
Muller_E	4572624	0.000367039	0.995078	0.00455517
Muller_E	4573491	0.000366256	0.995101	0.00453306
Muller_E	4573809	0.000365967	0.995109	0.00452495
Muller_E	4577361	0.000362686	0.995203	0.00443427
Muller_E	4577462	0.000362591	0.995206	0.00443169
Muller_E	4578308	0.000361794	0.995228	0.00441008
Muller_E	4580664	0.000359544	0.995291	0.00434987
Muller_E	4580954	0.000359264	0.995298	0.00434245
Muller_E	4581769	0.000358473	0.99532	0.00432161
Muller_E	4581909	0.000358337	0.995324	0.00431803
Muller_E	4583019	0.00035725	0.995353	0.00428963
Muller_E	4583393	0.000356882	0.995363	0.00428006
Muller_E	4583516	0.00035676	0.995366	0.00427692
Muller_E	4584473	0.000355812	0.995392	0.00425242
Muller_E	4589180	0.000351038	0.995517	0.00413184
Muller_E	4590247	0.000349932	0.995546	0.00410448
Muller_E	4591539	0.000348579	0.99558	0.00407134
Muller_E	4593253	0.000346764	0.995626	0.00402736
Muller_E	4593508	0.000346492	0.995633	0.00402081
Muller_E	4593974	0.000345994	0.995645	0.00400885
Muller_E	4595111	0.000344771	0.995676	0.00397965
Muller_E	4595303	5.38314e-05	0.992642	0.00730421
Muller_E	4597548	0.000354725	0.995779	0.00386663
Muller_E	4597833	0.000356012	0.995791	0.00385291
Muller_E	4600306	0.000367154	0.995899	0.00373379
Muller_E	4607273	0.000398288	0.996204	0.00339796
Muller_E	4607398	0.000398843	0.996209	0.00339193
Muller_E	4610441	0.000412319	0.996343	0.00324512
Muller_E	4611041	0.000414967	0.996369	0.00321617
Muller_E	4611562	0.000417265	0.996392	0.00319102
Muller_E	4611697	0.00041786	0.996398	0.0031845
Muller_E	4612447	0.000421163	0.996431	0.0031483
Muller_E	4612733	0.000422421	0.996443	0.0031345
Muller_E	4612927	0.000423274	0.996452	0.00312513
Muller_E	4613148	0.000424246	0.996461	0.00311446
Muller_E	4614502	0.00043019	0.996521	0.00304909
Muller_E	4615888	0.00043626	0.996582	0.00298215
Muller_E	4616173	0.000437506	0.996594	0.00296839
Muller_E	4616508	0.00043897	0.996609	0.00295221
Muller_E	4616663	0.000439647	0.996616	0.00294472
Muller_E	4618190	0.000844922	0.998836	0.000319203
Muller_E	4619781	0.000449144	0.996685	0.00286579
Muller_E	4622166	0.000453356	0.996689	0.00285802
Muller_E	4626314	0.000460574	0.996695	0.0028444
Muller_E	4626864	0.00046152	0.996696	0.00284258
Muller_E	4627368	0.000462386	0.996697	0.00284091
Muller_E	4627488	0.000462592	0.996697	0.00284052
Muller_E	4633961	0.000473517	0.996708	0.00281892
Muller_E	4635834	0.000476615	0.996711	0.00281261
Muller_E	4636452	0.000477631	0.996712	0.00281052
Muller_E	4637295	0.000479012	0.996713	0.00280766
Muller_E	4640891	0.000484839	0.99672	0.00279542
Muller_E	4645727	0.000492511	0.996729	0.0027788
Muller_E	4646376	0.000493526	0.99673	0.00277655
Muller_E	4646798	0.000494185	0.996731	0.00277509
Muller_E	4653320	0.000504177	0.996744	0.00275231
Muller_E	4656520	0.000508954	0.99675	0.00274102
Muller_E	4672665	0.0005318	0.996785	0.00268275
Muller_E	4674140	0.000533783	0.996789	0.00267732
Muller_E	4675745	0.00053592	0.996793	0.0026714
Muller_E	4676485	0.000536899	0.996794	0.00266866
Muller_E	4677110	0.000537722	0.996796	0.00266634
Muller_E	4677655	0.000538437	0.996797	0.00266432
Muller_E	4678986	0.000540173	0.9968	0.00265937
Muller_E	4680223	0.000541774	0.996803	0.00265476
Muller_E	4682403	0.000544565	0.996809	0.0026466
Muller_E	4682621	0.000544842	0.996809	0.00264578
Muller_E	4684270	0.000546925	0.996813	0.00263958
Muller_E	4685491	0.000548453	0.996817	0.00263497
Muller_E	4686019	0.00054911	0.996818	0.00263298
Muller_E	4687101	0.00055045	0.996821	0.00262888
Muller_E	4689628	0.000553542	0.996827	0.00261928
Muller_E	4690052	0.000554056	0.996828	0.00261766
Muller_E	4690344	0.000554409	0.996829	0.00261655
Muller_E	4690905	0.000555085	0.996831	0.00261441
Muller_E	4691125	0.00055535	0.996831	0.00261357
Muller_E	4691712	0.000556053	0.996833	0.00261132
Muller_E	4691999	0.000556396	0.996833	0.00261022
Muller_E	4692111	0.00055653	0.996834	0.0026098
Muller_E	4693234	0.000557865	0.996837	0.00260549
Muller_E	4693620	0.000558322	0.996838	0.00260401
Muller_E	4693753	0.000558479	0.996838	0.0026035
Muller_E	4694021	0.000558795	0.996839	0.00260247
Muller_E	4694592	0.000559466	0.99684	0.00260027
Muller_E	4696429	0.000561608	0.996845	0.00259318
Muller_E	4696792	0.000562028	0.996846	0.00259178
Muller_E	4699402	0.000565017	0.996853	0.00258166
Muller_E	4700957	0.000566772	0.996858	0.0025756
Muller_E	4702606	0.000568611	0.996862	0.00256916
Muller_E	4708142	0.000574627	0.996878	0.00254736
Muller_E	4712097	0.000578773	0.99689	0.00253165
Muller_E	4713898	0.000580619	0.996895	0.00252445
Muller_E	4714194	0.00058092	0.996896	0.00252326
Muller_E	4717094	0.000583832	0.996905	0.0025116
Muller_E	4717794	0.000584524	0.996907	0.00250878
Muller_E	4720564	0.000587226	0.996915	0.00249757
Muller_E	4722390	0.000588973	0.996921	0.00249014
Muller_E	4727534	0.000593751	0.996937	0.00246908
Muller_E	4730688	0.000596575	0.996947	0.00245607
Muller_E	4731377	0.000597181	0.99695	0.00245321
Muller_E	4732944	0.000598546	0.996955	0.00244671
Muller_E	4738342	0.000603095	0.996973	0.00242414
Muller_E	4739398	0.000603958	0.996976	0.0024197
Muller_E	4742492	0.000606433	0.996987	0.00240664
Muller_E	4745718	0.000608932	0.996998	0.00239293
Muller_E	4746457	0.000609493	0.997001	0.00238978
Muller_E	4748015	0.00061066	0.997006	0.00238313
Muller_E	4748352	0.00061091	0.997007	0.00238168
Muller_E	4748630	0.000611116	0.997008	0.00238049
Muller_E	4751071	0.000612894	0.997017	0.00237001
Muller_E	4751685	0.000613333	0.997019	0.00236737
Muller_E	4751817	0.000613427	0.99702	0.0023668
Muller_E	4752607	0.000613988	0.997023	0.00236339
Muller_E	4752773	0.000614105	0.997023	0.00236267
Muller_E	4753826	0.000614842	0.997027	0.00235812
Muller_E	4754671	0.000615428	0.99703	0.00235446
Muller_E	4756619	0.000616756	0.997037	0.00234601
Muller_E	4759191	0.000618462	0.997047	0.0023348
Muller_E	4761262	0.000619797	0.997054	0.00232573
Muller_E	4761866	0.00062018	0.997057	0.00232308
Muller_E	4761985	0.000620255	0.997057	0.00232256
Muller_E	4763545	0.000621229	0.997063	0.0023157
Muller_E	4764509	0.000621821	0.997067	0.00231145
Muller_E	4765595	0.000622479	0.997071	0.00230665
Muller_E	4766291	0.000622896	0.997074	0.00230357
Muller_E	4766501	0.000623021	0.997074	0.00230264
Muller_E	4767354	0.000623525	0.997078	0.00229886
Muller_E	4769627	0.000624839	0.997086	0.00228876
Muller_E	4769950	0.000625022	0.997088	0.00228732
Muller_E	4772288	0.000626324	0.997097	0.00227688
Muller_E	4773763	0.000627123	0.997103	0.00227028
Muller_E	4773963	0.00062723	0.997103	0.00226938
Muller_E	4774375	0.00062745	0.997105	0.00226753
Muller_E	4774957	0.000627757	0.997107	0.00226491
Muller_E	4775479	0.000628031	0.997109	0.00226256
Muller_E	4776619	0.00062862	0.997114	0.00225743
Muller_E	4779373	0.000630002	0.997125	0.00224498
Muller_E	4781913	0.000631222	0.997135	0.00223344
Muller_E	4782620	0.000631552	0.997138	0.00223022
