chrom	position	2,0	1,1	0,2
Muller_E	62882	0.275359	0.465493	0.259148
Muller_E	267432	0.269336	0.477691	0.252974
Muller_E	441230	0.264233	0.48803	0.247737
Muller_E	511157	0.262182	0.492186	0.245632
Muller_E	557879	0.260813	0.494962	0.244225
Muller_E	581000	0.260135	0.496336	0.243529
Muller_E	709108	0.256381	0.503947	0.239672
Muller_E	768129	0.254652	0.507453	0.237894
Muller_E	785241	0.254151	0.50847	0.237379
Muller_E	787322	0.25409	0.508594	0.237316
Muller_E	787424	0.254087	0.5086	0.237313
Muller_E	788173	0.254065	0.508645	0.237291
Muller_E	788750	0.254048	0.508679	0.237273
Muller_E	788860	0.254045	0.508685	0.23727
Muller_E	791823	0.253958	0.508862	0.237181
Muller_E	802257	0.253652	0.509482	0.236866
Muller_E	893794	0.250969	0.514923	0.234107
Muller_E	894300	0.250955	0.514953	0.234092
Muller_E	896281	0.250897	0.515071	0.234032
Muller_E	897287	0.250867	0.515131	0.234002
Muller_E	897987	0.250846	0.515173	0.233981
Muller_E	901015	0.250758	0.515353	0.233889
Muller_E	901718	0.250737	0.515395	0.233868
Muller_E	923408	0.250101	0.516685	0.233214
Muller_E	923675	0.250093	0.516701	0.233206
Muller_E	924320	0.250074	0.516739	0.233187
Muller_E	927795	0.249973	0.516946	0.233082
Muller_E	948021	0.24938	0.518149	0.232472
Muller_E	948230	0.249373	0.518161	0.232465
Muller_E	958531	0.249071	0.518774	0.232154
Muller_E	967701	0.248802	0.51932	0.231878
Muller_E	969142	0.24876	0.519406	0.231834
Muller_E	1033237	0.24688	0.523221	0.229899
Muller_E	1120573	0.244315	0.528426	0.227259
Muller_E	1123171	0.244239	0.528581	0.22718
Muller_E	1146845	0.243543	0.529993	0.226464
Muller_E	1148492	0.243495	0.530091	0.226414
Muller_E	1168315	0.242912	0.531274	0.225814
Muller_E	1213395	0.241587	0.533965	0.224449
Muller_E	1262309	0.240147	0.536887	0.222966
Muller_E	1275111	0.23977	0.537653	0.222577
Muller_E	1275707	0.239752	0.537688	0.222559
Muller_E	1314313	0.238615	0.539998	0.221387
Muller_E	1318297	0.238498	0.540236	0.221266
Muller_E	1358440	0.237314	0.54264	0.220046
Muller_E	1358616	0.237309	0.54265	0.220041
Muller_E	1378824	0.236713	0.543861	0.219426
Muller_E	1480336	0.233713	0.549952	0.216334
Muller_E	1489232	0.23345	0.550487	0.216063
Muller_E	1645912	0.228805	0.559924	0.211271
Muller_E	1673398	0.227987	0.561585	0.210428
Muller_E	1718642	0.226641	0.564321	0.209038
Muller_E	1746815	0.225801	0.566027	0.208172
Muller_E	1763447	0.225305	0.567035	0.20766
Muller_E	1765039	0.225258	0.567131	0.207611
Muller_E	1765159	0.225254	0.567139	0.207607
Muller_E	1765369	0.225248	0.567151	0.207601
Muller_E	1771226	0.225073	0.567507	0.20742
Muller_E	1799036	0.224243	0.569194	0.206563
Muller_E	1802542	0.224138	0.569407	0.206455
Muller_E	1802678	0.224134	0.569415	0.206451
Muller_E	1803039	0.224124	0.569437	0.20644
Muller_E	1803347	0.224114	0.569455	0.20643
Muller_E	1805518	0.22405	0.569587	0.206363
Muller_E	1812938	0.223828	0.570038	0.206134
Muller_E	1813040	0.223825	0.570044	0.206131
Muller_E	1815234	0.223759	0.570177	0.206064
Muller_E	1815907	0.223739	0.570218	0.206043
Muller_E	1816383	0.223725	0.570247	0.206028
Muller_E	1831501	0.223273	0.571165	0.205562
Muller_E	1850978	0.22269	0.57235	0.20496
Muller_E	1851905	0.222663	0.572406	0.204931
Muller_E	1852166	0.222655	0.572422	0.204923
Muller_E	1857635	0.222491	0.572755	0.204754
Muller_E	1861157	0.222386	0.572969	0.204645
Muller_E	1861336	0.22238	0.57298	0.20464
Muller_E	1861880	0.222364	0.573013	0.204623
Muller_E	1866595	0.222223	0.5733	0.204477
Muller_E	1870209	0.222115	0.57352	0.204366
Muller_E	1871973	0.222062	0.573627	0.204311
Muller_E	1880064	0.22182	0.57412	0.204061
Muller_E	1889333	0.221542	0.574684	0.203774
Muller_E	1891195	0.221486	0.574797	0.203716
Muller_E	1894320	0.221393	0.574988	0.20362
Muller_E	1900363	0.221211	0.575356	0.203433
Muller_E	1904375	0.221091	0.5756	0.203308
Muller_E	1915469	0.220758	0.576277	0.202965
Muller_E	1927060	0.220411	0.576984	0.202606
Muller_E	1932459	0.220249	0.577313	0.202438
Muller_E	1944351	0.219892	0.578039	0.20207
Muller_E	1946702	0.219821	0.578182	0.201997
Muller_E	1961660	0.219372	0.579096	0.201532
Muller_E	1975567	0.218954	0.579946	0.201101
Muller_E	2011856	0.217862	0.582166	0.199973
Muller_E	2013122	0.217824	0.582243	0.199933
Muller_E	2044597	0.216875	0.584171	0.198953
Muller_E	2048236	0.216765	0.584395	0.19884
Muller_E	2048434	0.216759	0.584407	0.198834
Muller_E	2086567	0.215609	0.586747	0.197644
Muller_E	2103366	0.215101	0.587779	0.19712
Muller_E	2117584	0.214671	0.588654	0.196675
Muller_E	2126123	0.214413	0.589179	0.196408
Muller_E	2135792	0.21412	0.589774	0.196106
Muller_E	2140907	0.213965	0.590089	0.195946
Muller_E	2141169	0.213957	0.590105	0.195938
Muller_E	2142715	0.21391	0.5902	0.195889
Muller_E	2145389	0.213829	0.590365	0.195806
Muller_E	2146953	0.213782	0.590461	0.195757
Muller_E	2147057	0.213779	0.590468	0.195753
Muller_E	2201852	0.212117	0.593848	0.194036
Muller_E	2204792	0.212028	0.594029	0.193943
Muller_E	2219543	0.211579	0.594941	0.19348
Muller_E	2220290	0.211557	0.594987	0.193456
Muller_E	2241628	0.210908	0.596307	0.192786
Muller_E	2243471	0.210852	0.596421	0.192728
Muller_E	2531559	0.20202	0.614388	0.183592
Muller_E	2693610	0.196988	0.624627	0.178385
Muller_E	2696554	0.196896	0.624814	0.17829
Muller_E	2706179	0.196596	0.625426	0.177978
Muller_E	2713009	0.196382	0.62586	0.177758
Muller_E	2716202	0.196283	0.626063	0.177654
Muller_E	2721440	0.196119	0.626396	0.177485
Muller_E	2735475	0.19568	0.627289	0.177031
Muller_E	2763120	0.194815	0.629051	0.176134
Muller_E	2777976	0.194349	0.629999	0.175652
Muller_E	2779619	0.194297	0.630104	0.175599
Muller_E	2787347	0.194055	0.630598	0.175348
Muller_E	2788916	0.194005	0.630698	0.175297
Muller_E	2795398	0.193802	0.631112	0.175086
Muller_E	2798296	0.193711	0.631298	0.174992
Muller_E	2799305	0.193679	0.631362	0.174959
Muller_E	2800245	0.19365	0.631422	0.174928
Muller_E	2800507	0.193641	0.631439	0.17492
Muller_E	2800780	0.193633	0.631456	0.174911
Muller_E	2800932	0.193628	0.631466	0.174906
Muller_E	2801158	0.193621	0.631481	0.174898
Muller_E	2805736	0.193477	0.631773	0.17475
Muller_E	2807233	0.19343	0.631869	0.174701
Muller_E	2807795	0.193412	0.631905	0.174683
Muller_E	2808363	0.193395	0.631941	0.174664
Muller_E	2809031	0.193374	0.631984	0.174642
Muller_E	2809272	0.193366	0.632	0.174634
Muller_E	2809909	0.193346	0.63204	0.174614
Muller_E	2811470	0.193297	0.63214	0.174563
Muller_E	2811776	0.193287	0.63216	0.174553
Muller_E	2812117	0.193277	0.632182	0.174542
Muller_E	2815676	0.193165	0.632409	0.174426
Muller_E	2816259	0.193146	0.632447	0.174407
Muller_E	2817070	0.193121	0.632499	0.174381
Muller_E	2817616	0.193104	0.632534	0.174363
Muller_E	2819402	0.193047	0.632648	0.174305
Muller_E	2820166	0.193023	0.632697	0.17428
Muller_E	2820386	0.193017	0.632711	0.174273
Muller_E	2820775	0.193004	0.632736	0.17426
Muller_E	2821135	0.192993	0.632759	0.174248
Muller_E	2821440	0.192983	0.632778	0.174238
Muller_E	2826939	0.19281	0.633131	0.174059
Muller_E	2831172	0.192677	0.633402	0.173921
Muller_E	2831515	0.192666	0.633424	0.17391
Muller_E	2832336	0.19264	0.633476	0.173883
Muller_E	2833070	0.192617	0.633523	0.173859
Muller_E	2850717	0.192061	0.634655	0.173284
Muller_E	2853215	0.191983	0.634815	0.173202
Muller_E	2856496	0.191879	0.635026	0.173095
Muller_E	2856945	0.191865	0.635055	0.17308
Muller_E	2857481	0.191848	0.635089	0.173063
Muller_E	2858163	0.191827	0.635133	0.17304
Muller_E	2859754	0.191777	0.635235	0.172988
Muller_E	2859987	0.191769	0.63525	0.172981
Muller_E	2862604	0.191687	0.635418	0.172895
Muller_E	2866488	0.191564	0.635667	0.172768
Muller_E	2867267	0.19154	0.635717	0.172743
Muller_E	2868557	0.191499	0.6358	0.172701
Muller_E	2870085	0.191451	0.635898	0.172651
Muller_E	2870623	0.191434	0.635933	0.172633
Muller_E	2876155	0.191259	0.636289	0.172452
Muller_E	2877151	0.191228	0.636353	0.17242
Muller_E	2886067	0.190946	0.636926	0.172128
Muller_E	2886534	0.190931	0.636956	0.172113
Muller_E	2887599	0.190898	0.637024	0.172078
Muller_E	2887882	0.190889	0.637043	0.172069
Muller_E	2888492	0.190869	0.637082	0.172049
Muller_E	2888607	0.190866	0.637089	0.172045
Muller_E	2890000	0.190822	0.637179	0.172
Muller_E	2890387	0.190809	0.637204	0.171987
Muller_E	2890907	0.190793	0.637237	0.17197
Muller_E	2894764	0.190671	0.637485	0.171844
Muller_E	2899098	0.190534	0.637764	0.171702
Muller_E	2901481	0.190459	0.637918	0.171624
Muller_E	2901643	0.190454	0.637928	0.171618
Muller_E	2902627	0.190422	0.637992	0.171586
Muller_E	2903432	0.190397	0.638043	0.17156
Muller_E	2904998	0.190347	0.638144	0.171508
Muller_E	2905994	0.190316	0.638208	0.171476
Muller_E	2907134	0.19028	0.638282	0.171438
Muller_E	2908511	0.190236	0.63837	0.171393
Muller_E	2909452	0.190207	0.638431	0.171362
Muller_E	2910160	0.190184	0.638477	0.171339
Muller_E	2911022	0.190157	0.638532	0.171311
Muller_E	2911252	0.19015	0.638547	0.171303
Muller_E	2911992	0.190126	0.638595	0.171279
Muller_E	2914672	0.190041	0.638767	0.171191
Muller_E	2915489	0.190015	0.63882	0.171164
Muller_E	2918585	0.189917	0.63902	0.171063
Muller_E	2919015	0.189904	0.639047	0.171049
Muller_E	2919728	0.189881	0.639093	0.171025
Muller_E	2919971	0.189874	0.639109	0.171018
Muller_E	2921506	0.189825	0.639208	0.170967
Muller_E	2922564	0.189791	0.639276	0.170932
Muller_E	2922707	0.189787	0.639285	0.170928
Muller_E	2924226	0.189739	0.639383	0.170878
Muller_E	2925108	0.189711	0.63944	0.170849
Muller_E	2925552	0.189697	0.639469	0.170834
Muller_E	2928855	0.189592	0.639682	0.170726
Muller_E	2930674	0.189534	0.639799	0.170666
Muller_E	2931258	0.189516	0.639837	0.170647
Muller_E	2931592	0.189505	0.639858	0.170636
Muller_E	2931798	0.189499	0.639872	0.170629
Muller_E	2932326	0.189482	0.639906	0.170612
Muller_E	2945623	0.18906	0.640764	0.170175
Muller_E	2945753	0.189056	0.640773	0.170171
Muller_E	2945878	0.189052	0.640781	0.170167
Muller_E	2946001	0.189048	0.640789	0.170163
Muller_E	2955783	0.188738	0.641421	0.169841
Muller_E	2957997	0.188668	0.641564	0.169769
Muller_E	2959282	0.188627	0.641647	0.169726
Muller_E	2959697	0.188614	0.641674	0.169713
Muller_E	2959819	0.18861	0.641681	0.169709
Muller_E	2960759	0.18858	0.641742	0.169678
Muller_E	2961667	0.188551	0.641801	0.169648
Muller_E	2961801	0.188547	0.64181	0.169643
Muller_E	2963254	0.188501	0.641904	0.169596
Muller_E	2963568	0.188491	0.641924	0.169585
Muller_E	2975263	0.188119	0.64268	0.1692
Muller_E	2976725	0.188073	0.642775	0.169152
Muller_E	2977784	0.188039	0.642844	0.169117
Muller_E	2982473	0.18789	0.643147	0.168963
Muller_E	2984283	0.187832	0.643264	0.168903
Muller_E	2985483	0.187794	0.643342	0.168864
Muller_E	2985658	0.187789	0.643354	0.168858
Muller_E	2985908	0.187781	0.64337	0.16885
Muller_E	2987685	0.187724	0.643485	0.168791
Muller_E	2992894	0.187558	0.643822	0.168619
Muller_E	2993313	0.187545	0.643849	0.168606
Muller_E	2993798	0.18753	0.643881	0.16859
Muller_E	2994137	0.187519	0.643903	0.168578
Muller_E	2994487	0.187508	0.643926	0.168567
Muller_E	2994615	0.187504	0.643934	0.168563
Muller_E	2995123	0.187487	0.643967	0.168546
Muller_E	2995701	0.187469	0.644004	0.168527
Muller_E	2996048	0.187458	0.644027	0.168515
Muller_E	2996738	0.187436	0.644071	0.168493
Muller_E	2996880	0.187431	0.644081	0.168488
Muller_E	2997113	0.187424	0.644096	0.16848
Muller_E	2999116	0.18736	0.644226	0.168414
Muller_E	2999459	0.187349	0.644248	0.168403
Muller_E	3001420	0.187287	0.644375	0.168338
Muller_E	3001578	0.187282	0.644385	0.168333
Muller_E	3001696	0.187278	0.644393	0.168329
Muller_E	3002579	0.18725	0.64445	0.1683
Muller_E	3003095	0.187234	0.644484	0.168283
Muller_E	3003540	0.187219	0.644512	0.168268
Muller_E	3004120	0.187201	0.64455	0.168249
Muller_E	3005221	0.187166	0.644621	0.168213
Muller_E	3007967	0.187078	0.6448	0.168122
Muller_E	3012773	0.186925	0.645111	0.167963
Muller_E	3013331	0.186907	0.645148	0.167945
Muller_E	3013618	0.186898	0.645166	0.167935
Muller_E	3014080	0.186884	0.645196	0.16792
Muller_E	3014783	0.186861	0.645242	0.167897
Muller_E	3016296	0.186813	0.64534	0.167847
Muller_E	3017214	0.186784	0.6454	0.167817
Muller_E	3018320	0.186748	0.645471	0.16778
Muller_E	3018982	0.186727	0.645514	0.167758
Muller_E	3019303	0.186717	0.645535	0.167748
Muller_E	3019831	0.1867	0.64557	0.16773
Muller_E	3021834	0.186636	0.6457	0.167664
Muller_E	3021944	0.186633	0.645707	0.16766
Muller_E	3023127	0.186595	0.645784	0.167621
Muller_E	3024474	0.186552	0.645871	0.167577
Muller_E	3024813	0.186541	0.645893	0.167566
Muller_E	3029421	0.186394	0.646192	0.167413
Muller_E	3029834	0.186381	0.646219	0.1674
Muller_E	3030101	0.186373	0.646237	0.167391
Muller_E	3033200	0.186274	0.646438	0.167288
Muller_E	3033901	0.186251	0.646484	0.167265
Muller_E	3034073	0.186246	0.646495	0.167259
Muller_E	3036032	0.186183	0.646622	0.167195
Muller_E	3038305	0.186111	0.64677	0.167119
Muller_E	3041816	0.185999	0.646998	0.167003
Muller_E	3044683	0.185907	0.647185	0.166908
Muller_E	3046757	0.185841	0.64732	0.16684
Muller_E	3046887	0.185837	0.647328	0.166835
Muller_E	3047900	0.185804	0.647394	0.166802
Muller_E	3048135	0.185797	0.647409	0.166794
Muller_E	3050664	0.185716	0.647574	0.16671
Muller_E	3051698	0.185683	0.647641	0.166676
Muller_E	3051968	0.185674	0.647659	0.166667
Muller_E	3052635	0.185653	0.647702	0.166645
Muller_E	3053197	0.185635	0.647739	0.166627
Muller_E	3056428	0.185532	0.647949	0.166519
Muller_E	3056712	0.185522	0.647967	0.16651
Muller_E	3058398	0.185469	0.648077	0.166454
Muller_E	3059687	0.185427	0.648161	0.166412
Muller_E	3061511	0.185369	0.64828	0.166351
Muller_E	3062406	0.18534	0.648338	0.166321
Muller_E	3062537	0.185336	0.648347	0.166317
Muller_E	3100018	0.184136	0.650791	0.165073
Muller_E	3100718	0.184113	0.650837	0.16505
Muller_E	3112367	0.183739	0.651598	0.164662
Muller_E	3112987	0.183719	0.651639	0.164642
Muller_E	3113420	0.183705	0.651667	0.164627
Muller_E	3116107	0.183619	0.651843	0.164538
Muller_E	3119432	0.183512	0.65206	0.164427
Muller_E	3119714	0.183503	0.652079	0.164418
Muller_E	3120862	0.183466	0.652154	0.16438
Muller_E	3122265	0.183421	0.652246	0.164333
Muller_E	3123364	0.183386	0.652318	0.164296
Muller_E	3124138	0.183361	0.652368	0.164271
Muller_E	3127464	0.183254	0.652586	0.16416
Muller_E	3128767	0.183212	0.652671	0.164116
Muller_E	3128895	0.183208	0.652679	0.164112
Muller_E	3129611	0.183185	0.652726	0.164088
Muller_E	3129743	0.183181	0.652735	0.164084
Muller_E	3130171	0.183167	0.652763	0.16407
Muller_E	3131529	0.183124	0.652852	0.164024
Muller_E	3137674	0.182926	0.653254	0.16382
Muller_E	3139976	0.182852	0.653405	0.163743
Muller_E	3143168	0.182749	0.653614	0.163637
Muller_E	3169152	0.181912	0.655319	0.162769
Muller_E	3170575	0.181866	0.655412	0.162722
Muller_E	3173857	0.181761	0.655628	0.162612
Muller_E	3192801	0.181149	0.656873	0.161978
Muller_E	3194086	0.181108	0.656957	0.161935
Muller_E	3194230	0.181103	0.656967	0.16193
Muller_E	3207603	0.180671	0.657847	0.161482
Muller_E	3207708	0.180667	0.657854	0.161479
Muller_E	3208070	0.180656	0.657878	0.161467
Muller_E	3208369	0.180646	0.657897	0.161457
Muller_E	3208507	0.180641	0.657906	0.161452
Muller_E	3208706	0.180635	0.657919	0.161445
Muller_E	3210124	0.180589	0.658013	0.161398
Muller_E	3211254	0.180553	0.658087	0.16136
Muller_E	3212088	0.180526	0.658142	0.161332
Muller_E	3216063	0.180397	0.658404	0.161199
Muller_E	3216461	0.180384	0.65843	0.161185
Muller_E	3217109	0.180363	0.658473	0.161164
Muller_E	3217441	0.180352	0.658495	0.161153
Muller_E	3217706	0.180344	0.658512	0.161144
Muller_E	3217825	0.18034	0.65852	0.16114
Muller_E	3218354	0.180323	0.658555	0.161122
Muller_E	3219292	0.180293	0.658617	0.161091
Muller_E	3219763	0.180277	0.658648	0.161075
Muller_E	3221459	0.180222	0.65876	0.161018
Muller_E	3222112	0.180201	0.658803	0.160996
Muller_E	3223012	0.180172	0.658862	0.160966
Muller_E	3223549	0.180155	0.658898	0.160948
Muller_E	3224815	0.180114	0.658981	0.160905
Muller_E	3226800	0.180049	0.659112	0.160839
Muller_E	3229718	0.179955	0.659304	0.160741
Muller_E	3240322	0.179611	0.660004	0.160384
Muller_E	3240918	0.179592	0.660044	0.160364
Muller_E	3241273	0.17958	0.660067	0.160353
Muller_E	3247835	0.179368	0.6605	0.160132
Muller_E	3251442	0.179251	0.660739	0.160011
Muller_E	3252203	0.179226	0.660789	0.159985
Muller_E	3254014	0.179167	0.660909	0.159924
Muller_E	3254518	0.179151	0.660942	0.159907
Muller_E	3255141	0.179131	0.660983	0.159886
Muller_E	3255365	0.179123	0.660998	0.159879
Muller_E	3259142	0.179001	0.661248	0.159752
Muller_E	3259935	0.178975	0.6613	0.159725
Muller_E	3262497	0.178892	0.661469	0.159639
Muller_E	3263708	0.178852	0.66155	0.159598
Muller_E	3264644	0.178822	0.661611	0.159566
Muller_E	3266132	0.178774	0.66171	0.159516
Muller_E	3266579	0.178759	0.661739	0.159501
Muller_E	3266806	0.178752	0.661754	0.159494
Muller_E	3269029	0.17868	0.661902	0.159419
Muller_E	3271700	0.178593	0.662078	0.159329
Muller_E	3271881	0.178587	0.66209	0.159323
Muller_E	3273894	0.178522	0.662224	0.159255
Muller_E	3275081	0.178483	0.662302	0.159215
Muller_E	3275989	0.178453	0.662362	0.159184
Muller_E	3278049	0.178386	0.662499	0.159115
Muller_E	3280894	0.178294	0.662687	0.159019
Muller_E	3282107	0.178254	0.662767	0.158978
Muller_E	3282973	0.178226	0.662825	0.158949
Muller_E	3284532	0.178176	0.662928	0.158896
Muller_E	3291321	0.177955	0.663378	0.158667
Muller_E	3291878	0.177937	0.663415	0.158649
Muller_E	3293351	0.177889	0.663513	0.158599
Muller_E	3293759	0.177875	0.66354	0.158585
Muller_E	3304917	0.177512	0.66428	0.158208
Muller_E	3306663	0.177455	0.664396	0.158149
Muller_E	3306880	0.177448	0.66441	0.158142
Muller_E	3310127	0.177342	0.664625	0.158032
Muller_E	3312301	0.177271	0.66477	0.157959
Muller_E	3312718	0.177258	0.664798	0.157945
Muller_E	3318766	0.17706	0.665199	0.15774
Muller_E	3323588	0.176903	0.66552	0.157577
Muller_E	3324201	0.176883	0.66556	0.157557
Muller_E	3324656	0.176868	0.665591	0.157541
Muller_E	3325091	0.176854	0.665619	0.157526
Muller_E	3326084	0.176822	0.665685	0.157493
Muller_E	3326190	0.176818	0.665693	0.157489
Muller_E	3330218	0.176687	0.66596	0.157353
Muller_E	3334866	0.176535	0.666269	0.157196
Muller_E	3337545	0.176447	0.666448	0.157105
Muller_E	3340268	0.176358	0.666629	0.157013
Muller_E	3340480	0.176352	0.666643	0.157005
Muller_E	3410593	0.174054	0.671322	0.154624
Muller_E	3431230	0.173375	0.672705	0.15392
Muller_E	3437416	0.173172	0.67312	0.153709
Muller_E	3456916	0.172529	0.674429	0.153042
Muller_E	3457694	0.172503	0.674481	0.153016
Muller_E	3459001	0.17246	0.674569	0.152971
Muller_E	3462300	0.172351	0.674791	0.152858
Muller_E	3464519	0.172278	0.67494	0.152782
Muller_E	3464673	0.172273	0.67495	0.152777
Muller_E	3477602	0.171846	0.67582	0.152334
Muller_E	3525631	0.170255	0.67906	0.150685
Muller_E	3546828	0.169552	0.680494	0.149955
Muller_E	3557059	0.169211	0.681187	0.149602
Muller_E	3566467	0.168898	0.681824	0.149277
Muller_E	3572057	0.168712	0.682204	0.149084
Muller_E	3572168	0.168708	0.682211	0.149081
Muller_E	3579272	0.168472	0.682693	0.148835
Muller_E	3579502	0.168464	0.682709	0.148827
Muller_E	3582419	0.168367	0.682907	0.148726
Muller_E	3590131	0.168109	0.683431	0.148459
Muller_E	3605233	0.167605	0.684458	0.147937
Muller_E	3610748	0.167421	0.684834	0.147745
Muller_E	3611776	0.167387	0.684904	0.14771
Muller_E	3615071	0.167276	0.685128	0.147596
Muller_E	3617701	0.167189	0.685307	0.147504
Muller_E	3617818	0.167185	0.685315	0.1475
Muller_E	3617948	0.16718	0.685324	0.147496
Muller_E	3623404	0.166998	0.685696	0.147306
Muller_E	3630035	0.166776	0.686148	0.147076
Muller_E	3631532	0.166726	0.68625	0.147024
Muller_E	3634067	0.166641	0.686423	0.146936
Muller_E	3642157	0.16637	0.686975	0.146655
Muller_E	3643438	0.166327	0.687063	0.146611
Muller_E	3645674	0.166252	0.687215	0.146533
Muller_E	3652519	0.166022	0.687683	0.146295
Muller_E	3655257	0.16593	0.68787	0.146199
Muller_E	3657953	0.16584	0.688054	0.146106
Muller_E	3660200	0.165765	0.688208	0.146027
Muller_E	3665461	0.165588	0.688568	0.145844
Muller_E	3670065	0.165433	0.688883	0.145684
Muller_E	3757777	0.162475	0.69491	0.142615
Muller_E	3766114	0.162192	0.695486	0.142322
Muller_E	3770199	0.162054	0.695768	0.142178
Muller_E	3771242	0.162018	0.69584	0.142142
Muller_E	3775369	0.161878	0.696125	0.141996
Muller_E	3781958	0.161655	0.696581	0.141765
Muller_E	3788305	0.161439	0.69702	0.141541
Muller_E	3788531	0.161432	0.697035	0.141533
Muller_E	3788717	0.161425	0.697048	0.141527
Muller_E	3791492	0.161331	0.69724	0.141429
Muller_E	3791929	0.161316	0.69727	0.141413
Muller_E	3794089	0.161243	0.69742	0.141337
Muller_E	3798034	0.161109	0.697693	0.141198
Muller_E	3805877	0.160842	0.698236	0.140922
Muller_E	3808116	0.160766	0.698391	0.140842
Muller_E	3837593	0.159762	0.700437	0.139801
Muller_E	3889492	0.157987	0.704053	0.13796
Muller_E	3892070	0.157899	0.704233	0.137868
Muller_E	3892768	0.157875	0.704282	0.137843
Muller_E	3893846	0.157838	0.704358	0.137805
Muller_E	3895236	0.15779	0.704455	0.137755
Muller_E	3896701	0.15774	0.704557	0.137703
Muller_E	3964144	0.155419	0.709286	0.135295
Muller_E	3964249	0.155415	0.709293	0.135291
Muller_E	3964701	0.1554	0.709325	0.135275
Muller_E	3965335	0.155378	0.70937	0.135252
Muller_E	3965537	0.155371	0.709384	0.135245
Muller_E	3971184	0.155176	0.709781	0.135043
Muller_E	4005791	0.153978	0.712221	0.1338
Muller_E	4007537	0.153918	0.712345	0.133737
Muller_E	4008073	0.153899	0.712383	0.133718
Muller_E	4008732	0.153876	0.712429	0.133694
Muller_E	4009275	0.153858	0.712468	0.133675
Muller_E	4009794	0.15384	0.712504	0.133656
Muller_E	4010462	0.153816	0.712551	0.133632
Muller_E	4011246	0.153789	0.712607	0.133604
Muller_E	4011350	0.153786	0.712614	0.1336
Muller_E	4011743	0.153772	0.712642	0.133586
Muller_E	4012926	0.153731	0.712726	0.133543
Muller_E	4015010	0.153659	0.712873	0.133468
Muller_E	4015956	0.153626	0.71294	0.133434
Muller_E	4016731	0.153599	0.712995	0.133407
Muller_E	4017133	0.153585	0.713023	0.133392
Muller_E	4017640	0.153567	0.713059	0.133374
Muller_E	4021078	0.153448	0.713302	0.13325
Muller_E	4021876	0.15342	0.713358	0.133221
Muller_E	4022513	0.153398	0.713403	0.133198
Muller_E	4022928	0.153384	0.713433	0.133183
Muller_E	4024532	0.153328	0.713546	0.133126
Muller_E	4024639	0.153324	0.713554	0.133122
Muller_E	4025270	0.153303	0.713599	0.133099
Muller_E	4027169	0.153237	0.713733	0.13303
Muller_E	4027437	0.153227	0.713752	0.133021
Muller_E	4027764	0.153216	0.713775	0.133009
Muller_E	4029270	0.153164	0.713882	0.132955
Muller_E	4032202	0.153062	0.714089	0.132849
Muller_E	4032327	0.153057	0.714098	0.132845
Muller_E	4033521	0.153016	0.714183	0.132801
Muller_E	4033797	0.153006	0.714202	0.132792
Muller_E	4036360	0.152917	0.714384	0.132699
Muller_E	4037138	0.15289	0.714439	0.132671
Muller_E	4037610	0.152874	0.714472	0.132654
Muller_E	4040496	0.152773	0.714677	0.13255
Muller_E	4040949	0.152758	0.714709	0.132534
Muller_E	4045900	0.152585	0.71506	0.132355
Muller_E	4046078	0.152579	0.715072	0.132348
Muller_E	4046843	0.152553	0.715127	0.132321
Muller_E	4047581	0.152527	0.715179	0.132294
Muller_E	4048275	0.152503	0.715228	0.132269
Muller_E	4048700	0.152488	0.715258	0.132254
Muller_E	4053592	0.152318	0.715605	0.132077
Muller_E	4056223	0.152226	0.715792	0.131982
Muller_E	4056545	0.152215	0.715815	0.13197
Muller_E	4056951	0.152201	0.715844	0.131956
Muller_E	4057601	0.152178	0.71589	0.131932
Muller_E	4057720	0.152174	0.715898	0.131928
Muller_E	4058043	0.152163	0.715921	0.131916
Muller_E	4058149	0.152159	0.715929	0.131912
Muller_E	4058704	0.15214	0.715968	0.131892
Muller_E	4059417	0.152115	0.716019	0.131866
Muller_E	4059965	0.152096	0.716058	0.131847
Muller_E	4061381	0.152046	0.716158	0.131795
Muller_E	4061745	0.152034	0.716184	0.131782
Muller_E	4062020	0.152024	0.716204	0.131772
Muller_E	4062507	0.152007	0.716238	0.131755
Muller_E	4062941	0.151992	0.716269	0.131739
Muller_E	4064035	0.151954	0.716347	0.131699
Muller_E	4064680	0.151931	0.716393	0.131676
Muller_E	4064829	0.151926	0.716403	0.131671
Muller_E	4065474	0.151904	0.716449	0.131647
Muller_E	4065574	0.1519	0.716456	0.131644
Muller_E	4066028	0.151884	0.716488	0.131627
Muller_E	4067541	0.151832	0.716596	0.131573
Muller_E	4067967	0.151817	0.716626	0.131557
Muller_E	4068535	0.151797	0.716667	0.131537
Muller_E	4069245	0.151772	0.716717	0.131511
Muller_E	4070105	0.151742	0.716778	0.13148
Muller_E	4071088	0.151708	0.716848	0.131444
Muller_E	4071641	0.151689	0.716887	0.131424
Muller_E	4072126	0.151672	0.716922	0.131407
Muller_E	4072768	0.151649	0.716967	0.131383
Muller_E	4072973	0.151642	0.716982	0.131376
Muller_E	4073359	0.151629	0.717009	0.131362
Muller_E	4075135	0.151567	0.717136	0.131298
Muller_E	4075254	0.151563	0.717144	0.131293
Muller_E	4076053	0.151535	0.717201	0.131264
Muller_E	4077160	0.151496	0.71728	0.131224
Muller_E	4078165	0.151461	0.717351	0.131188
Muller_E	4078690	0.151443	0.717389	0.131169
Muller_E	4078900	0.151435	0.717403	0.131161
Muller_E	4079010	0.151431	0.717411	0.131157
Muller_E	4079297	0.151421	0.717432	0.131147
Muller_E	4081728	0.151337	0.717605	0.131059
Muller_E	4082079	0.151324	0.71763	0.131046
Muller_E	4083988	0.151258	0.717766	0.130977
Muller_E	4085715	0.151197	0.717888	0.130914
Muller_E	4089306	0.151072	0.718144	0.130784
Muller_E	4089803	0.151054	0.71818	0.130766
Muller_E	4092778	0.15095	0.718391	0.130658
Muller_E	4092894	0.150946	0.7184	0.130654
Muller_E	4098915	0.150736	0.718829	0.130435
Muller_E	4109650	0.15036	0.719594	0.130046
Muller_E	4113217	0.150235	0.719849	0.129916
Muller_E	4113538	0.150224	0.719872	0.129904
Muller_E	4114422	0.150193	0.719935	0.129872
Muller_E	4114803	0.15018	0.719962	0.129858
Muller_E	4115118	0.150169	0.719985	0.129847
Muller_E	4116856	0.150108	0.720109	0.129784
Muller_E	4117074	0.1501	0.720124	0.129776
Muller_E	4117473	0.150086	0.720153	0.129761
Muller_E	4118970	0.150034	0.72026	0.129707
Muller_E	4121851	0.149933	0.720465	0.129602
Muller_E	4122071	0.149925	0.720481	0.129594
Muller_E	4122393	0.149914	0.720504	0.129582
Muller_E	4122818	0.149899	0.720534	0.129567
Muller_E	4124318	0.149846	0.720642	0.129512
Muller_E	4124418	0.149843	0.720649	0.129509
Muller_E	4126492	0.14977	0.720797	0.129433
Muller_E	4127527	0.149734	0.720871	0.129395
Muller_E	4127720	0.149727	0.720885	0.129388
Muller_E	4128101	0.149713	0.720912	0.129374
Muller_E	4128234	0.149709	0.720922	0.12937
Muller_E	4130334	0.149635	0.721072	0.129293
Muller_E	4132221	0.149569	0.721207	0.129224
Muller_E	4134741	0.14948	0.721387	0.129133
Muller_E	4134982	0.149472	0.721404	0.129124
Muller_E	4136547	0.149417	0.721516	0.129067
Muller_E	4140224	0.149288	0.721779	0.128933
Muller_E	4140902	0.149264	0.721828	0.128908
Muller_E	4141485	0.149244	0.721869	0.128887
Muller_E	4143836	0.149161	0.722038	0.128801
Muller_E	4144350	0.149143	0.722075	0.128782
Muller_E	4144848	0.149125	0.72211	0.128764
Muller_E	4150850	0.148914	0.72254	0.128545
Muller_E	4151927	0.148877	0.722617	0.128506
Muller_E	4154621	0.148782	0.72281	0.128408
Muller_E	4159745	0.148602	0.723178	0.128221
Muller_E	4159958	0.148594	0.723193	0.128213
Muller_E	4160923	0.14856	0.723262	0.128178
Muller_E	4161787	0.14853	0.723324	0.128146
Muller_E	4162162	0.148517	0.723351	0.128132
Muller_E	4163984	0.148452	0.723482	0.128066
Muller_E	4164218	0.148444	0.723499	0.128057
Muller_E	4164859	0.148422	0.723545	0.128034
Muller_E	4165033	0.148415	0.723557	0.128027
Muller_E	4165157	0.148411	0.723566	0.128023
Muller_E	4165383	0.148403	0.723582	0.128015
Muller_E	4165808	0.148388	0.723613	0.127999
Muller_E	4165958	0.148383	0.723623	0.127994
Muller_E	4166062	0.148379	0.723631	0.12799
Muller_E	4166243	0.148373	0.723644	0.127983
Muller_E	4166628	0.148359	0.723672	0.127969
Muller_E	4168755	0.148284	0.723824	0.127891
Muller_E	4172546	0.148151	0.724096	0.127753
Muller_E	4172827	0.148141	0.724117	0.127743
Muller_E	4173860	0.148105	0.724191	0.127705
Muller_E	4176100	0.148026	0.724352	0.127623
Muller_E	4176326	0.148018	0.724368	0.127615
Muller_E	4176826	0.148	0.724404	0.127596
Muller_E	4177022	0.147993	0.724418	0.127589
Muller_E	4178339	0.147947	0.724512	0.127541
Muller_E	4178608	0.147937	0.724532	0.127531
Muller_E	4179326	0.147912	0.724583	0.127505
Muller_E	4180712	0.147863	0.724683	0.127454
Muller_E	4180966	0.147854	0.724701	0.127445
Muller_E	4184926	0.147714	0.724986	0.1273
Muller_E	4185178	0.147705	0.725004	0.127291
Muller_E	4185319	0.1477	0.725014	0.127285
Muller_E	4185532	0.147693	0.725029	0.127278
Muller_E	4187632	0.147619	0.72518	0.127201
Muller_E	4188227	0.147598	0.725223	0.127179
Muller_E	4188670	0.147582	0.725255	0.127163
Muller_E	4192621	0.147443	0.725539	0.127018
Muller_E	4193546	0.14741	0.725606	0.126984
Muller_E	4194407	0.14738	0.725668	0.126953
Muller_E	4195783	0.147331	0.725767	0.126902
Muller_E	4196010	0.147323	0.725783	0.126894
Muller_E	4197440	0.147273	0.725886	0.126841
Muller_E	4198223	0.147245	0.725943	0.126813
Muller_E	4199021	0.147217	0.726	0.126783
Muller_E	4199203	0.14721	0.726013	0.126777
Muller_E	4199424	0.147202	0.726029	0.126769
Muller_E	4199639	0.147195	0.726044	0.126761
Muller_E	4199983	0.147183	0.726069	0.126748
Muller_E	4203293	0.147066	0.726308	0.126627
Muller_E	4205814	0.146977	0.726489	0.126534
Muller_E	4206134	0.146965	0.726512	0.126522
Muller_E	4207588	0.146914	0.726617	0.126469
Muller_E	4210680	0.146804	0.72684	0.126356
Muller_E	4210928	0.146796	0.726858	0.126346
Muller_E	4211312	0.146782	0.726885	0.126332
Muller_E	4211755	0.146766	0.726917	0.126316
Muller_E	4213444	0.146707	0.727039	0.126254
Muller_E	4216650	0.146593	0.72727	0.126136
Muller_E	4217058	0.146579	0.7273	0.126121
Muller_E	4217453	0.146565	0.727328	0.126107
Muller_E	4217565	0.146561	0.727336	0.126103
Muller_E	4217669	0.146557	0.727344	0.126099
Muller_E	4217825	0.146552	0.727355	0.126093
Muller_E	4218923	0.146513	0.727434	0.126053
Muller_E	4225215	0.14629	0.727888	0.125822
Muller_E	4232774	0.146022	0.728434	0.125544
Muller_E	4235298	0.145933	0.728617	0.125451
Muller_E	4245993	0.145553	0.72939	0.125057
Muller_E	4252835	0.14531	0.729885	0.124805
Muller_E	4253725	0.145279	0.72995	0.124772
Muller_E	4256197	0.145191	0.730129	0.124681
Muller_E	4261234	0.145012	0.730494	0.124495
Muller_E	4262892	0.144953	0.730614	0.124434
Muller_E	4263238	0.14494	0.730639	0.124421
Muller_E	4263588	0.144928	0.730664	0.124408
Muller_E	4264621	0.144891	0.730739	0.12437
Muller_E	4266950	0.144808	0.730908	0.124284
Muller_E	4267529	0.144788	0.73095	0.124262
Muller_E	4276223	0.144478	0.73158	0.123941
Muller_E	4311688	0.143213	0.734159	0.122628
Muller_E	4311965	0.143203	0.734179	0.122618
Muller_E	4312254	0.143193	0.7342	0.122607
Muller_E	4312510	0.143184	0.734219	0.122598
Muller_E	4334492	0.142397	0.735822	0.121781
Muller_E	4352032	0.141768	0.737104	0.121128
Muller_E	4353438	0.141718	0.737207	0.121076
Muller_E	4356857	0.141595	0.737457	0.120948
Muller_E	4360054	0.14148	0.737691	0.120829
Muller_E	4374783	0.14095	0.73877	0.12028
Muller_E	4374946	0.140945	0.738782	0.120274
Muller_E	4381350	0.140714	0.739252	0.120034
Muller_E	4558836	0.134263	0.752399	0.113338
Muller_E	4562012	0.134147	0.752636	0.113217
Muller_E	4564083	0.134071	0.752791	0.113138
Muller_E	4564194	0.134066	0.752799	0.113134
Muller_E	4568491	0.133909	0.753121	0.11297
Muller_E	4569115	0.133886	0.753168	0.112947
Muller_E	4569749	0.133862	0.753215	0.112922
Muller_E	4570340	0.133841	0.753259	0.1129
Muller_E	4571890	0.133784	0.753376	0.112841
Muller_E	4572624	0.133757	0.753431	0.112813
Muller_E	4573491	0.133725	0.753495	0.11278
Muller_E	4573809	0.133713	0.753519	0.112767
Muller_E	4577361	0.133583	0.753785	0.112632
Muller_E	4577462	0.133579	0.753793	0.112628
Muller_E	4578308	0.133548	0.753856	0.112596
Muller_E	4580664	0.133461	0.754033	0.112506
Muller_E	4580954	0.133451	0.754055	0.112495
Muller_E	4581769	0.133421	0.754116	0.112464
Muller_E	4581909	0.133415	0.754126	0.112458
Muller_E	4583019	0.133375	0.75421	0.112416
Muller_E	4583393	0.133361	0.754238	0.112402
Muller_E	4583516	0.133356	0.754247	0.112397
Muller_E	4584473	0.133321	0.754319	0.11236
Muller_E	4589180	0.133148	0.754672	0.11218
Muller_E	4590247	0.133109	0.754752	0.11214
Muller_E	4591539	0.133061	0.754849	0.11209
Muller_E	4593253	0.132998	0.754977	0.112025
Muller_E	4593508	0.132988	0.754997	0.112015
Muller_E	4593974	0.132971	0.755032	0.111997
Muller_E	4595111	0.132929	0.755117	0.111954
Muller_E	4595303	0.132922	0.755131	0.111946
Muller_E	4597548	0.13284	0.7553	0.111861
Muller_E	4597833	0.132829	0.755321	0.11185
Muller_E	4600306	0.132738	0.755507	0.111755
Muller_E	4607273	0.132481	0.756031	0.111488
Muller_E	4607398	0.132476	0.75604	0.111484
Muller_E	4610441	0.132364	0.756269	0.111367
Muller_E	4611041	0.132342	0.756314	0.111344
Muller_E	4611562	0.132323	0.756353	0.111324
Muller_E	4611697	0.132318	0.756363	0.111319
Muller_E	4612447	0.13229	0.75642	0.11129
Muller_E	4612733	0.13228	0.756441	0.111279
Muller_E	4612927	0.132272	0.756456	0.111272
Muller_E	4613148	0.132264	0.756473	0.111263
Muller_E	4614502	0.132214	0.756574	0.111211
Muller_E	4615888	0.132163	0.756679	0.111158
Muller_E	4616173	0.132153	0.7567	0.111147
Muller_E	4616508	0.13214	0.756725	0.111134
Muller_E	4616663	0.132134	0.756737	0.111129
Muller_E	4618190	0.132078	0.756852	0.11107
Muller_E	4619781	0.132019	0.756972	0.111009
Muller_E	4622166	0.131931	0.757151	0.110918
Muller_E	4626314	0.131778	0.757464	0.110758
Muller_E	4626864	0.131758	0.757505	0.110737
Muller_E	4627368	0.131739	0.757543	0.110718
Muller_E	4627488	0.131734	0.757552	0.110713
Muller_E	4633961	0.131495	0.75804	0.110465
Muller_E	4635834	0.131426	0.758181	0.110393
Muller_E	4636452	0.131403	0.758228	0.110369
Muller_E	4637295	0.131372	0.758292	0.110337
Muller_E	4640891	0.131239	0.758563	0.110199
Muller_E	4645727	0.131059	0.758928	0.110013
Muller_E	4646376	0.131035	0.758977	0.109988
Muller_E	4646798	0.13102	0.759009	0.109971
Muller_E	4653320	0.130778	0.759502	0.10972
Muller_E	4656520	0.130659	0.759743	0.109597
Muller_E	4672665	0.13006	0.760965	0.108975
Muller_E	4674140	0.130005	0.761077	0.108918
Muller_E	4675745	0.129945	0.761198	0.108856
Muller_E	4676485	0.129918	0.761254	0.108828
Muller_E	4677110	0.129895	0.761302	0.108804
Muller_E	4677655	0.129874	0.761343	0.108782
Muller_E	4678986	0.129825	0.761444	0.108731
Muller_E	4680223	0.129779	0.761538	0.108683
Muller_E	4682403	0.129698	0.761703	0.108599
Muller_E	4682621	0.12969	0.761719	0.108591
Muller_E	4684270	0.129628	0.761844	0.108527
Muller_E	4685491	0.129583	0.761937	0.10848
Muller_E	4686019	0.129563	0.761977	0.10846
Muller_E	4687101	0.129523	0.762059	0.108418
Muller_E	4689628	0.129429	0.762251	0.10832
Muller_E	4690052	0.129413	0.762283	0.108304
Muller_E	4690344	0.129402	0.762305	0.108292
Muller_E	4690905	0.129381	0.762348	0.108271
Muller_E	4691125	0.129373	0.762364	0.108262
Muller_E	4691712	0.129351	0.762409	0.10824
Muller_E	4691999	0.129341	0.762431	0.108228
Muller_E	4692111	0.129337	0.762439	0.108224
Muller_E	4693234	0.129295	0.762525	0.108181
Muller_E	4693620	0.12928	0.762554	0.108166
Muller_E	4693753	0.129275	0.762564	0.108161
Muller_E	4694021	0.129265	0.762584	0.10815
Muller_E	4694592	0.129244	0.762628	0.108128
Muller_E	4696429	0.129176	0.762767	0.108057
Muller_E	4696792	0.129162	0.762795	0.108043
Muller_E	4699402	0.129065	0.762993	0.107942
Muller_E	4700957	0.129007	0.763111	0.107882
Muller_E	4702606	0.128946	0.763236	0.107818
Muller_E	4708142	0.128739	0.763657	0.107604
Muller_E	4712097	0.128591	0.763958	0.107451
Muller_E	4713898	0.128524	0.764095	0.107381
Muller_E	4714194	0.128513	0.764117	0.107369
Muller_E	4717094	0.128405	0.764338	0.107257
Muller_E	4717794	0.128379	0.764391	0.10723
Muller_E	4720564	0.128275	0.764602	0.107122
Muller_E	4722390	0.128207	0.764741	0.107052
Muller_E	4727534	0.128015	0.765133	0.106852
Muller_E	4730688	0.127897	0.765374	0.10673
Muller_E	4731377	0.127871	0.765426	0.106703
Muller_E	4732944	0.127812	0.765546	0.106642
Muller_E	4738342	0.12761	0.765957	0.106432
Muller_E	4739398	0.127571	0.766038	0.106391
Muller_E	4742492	0.127455	0.766274	0.106271
Muller_E	4745718	0.127334	0.76652	0.106145
Muller_E	4746457	0.127307	0.766577	0.106117
Muller_E	4748015	0.127248	0.766696	0.106056
Muller_E	4748352	0.127236	0.766721	0.106043
Muller_E	4748630	0.127225	0.766743	0.106032
Muller_E	4751071	0.127134	0.766929	0.105937
Muller_E	4751685	0.127111	0.766976	0.105913
Muller_E	4751817	0.127106	0.766986	0.105908
Muller_E	4752607	0.127076	0.767046	0.105877
Muller_E	4752773	0.12707	0.767059	0.105871
Muller_E	4753826	0.12703	0.76714	0.10583
Muller_E	4754671	0.126999	0.767204	0.105797
Muller_E	4756619	0.126926	0.767353	0.105721
Muller_E	4759191	0.126829	0.76755	0.105621
Muller_E	4761262	0.126751	0.767708	0.10554
Muller_E	4761866	0.126729	0.767754	0.105517
Muller_E	4761985	0.126724	0.767764	0.105512
Muller_E	4763545	0.126666	0.767883	0.105451
Muller_E	4764509	0.12663	0.767957	0.105414
Muller_E	4765595	0.126589	0.76804	0.105372
Muller_E	4766291	0.126563	0.768093	0.105344
Muller_E	4766501	0.126555	0.768109	0.105336
Muller_E	4767354	0.126523	0.768174	0.105303
Muller_E	4769627	0.126437	0.768348	0.105214
Muller_E	4769950	0.126425	0.768373	0.105202
Muller_E	4772288	0.126337	0.768552	0.105111
Muller_E	4773763	0.126282	0.768665	0.105053
Muller_E	4773963	0.126274	0.76868	0.105045
Muller_E	4774375	0.126259	0.768712	0.105029
Muller_E	4774957	0.126237	0.768757	0.105006
Muller_E	4775479	0.126217	0.768797	0.104986
Muller_E	4776619	0.126175	0.768884	0.104942
Muller_E	4779373	0.126071	0.769095	0.104834
Muller_E	4781913	0.125975	0.76929	0.104735
Muller_E	4782620	0.125949	0.769344	0.104707
Muller_E	4783326	0.125922	0.769398	0.10468
Muller_E	4786044	0.12582	0.769606	0.104573
Muller_E	4786690	0.125796	0.769656	0.104548
Muller_E	4789453	0.125692	0.769868	0.10444
Muller_E	4790377	0.125657	0.769939	0.104404
Muller_E	4792360	0.125582	0.770091	0.104327
Muller_E	4792549	0.125575	0.770106	0.104319
Muller_E	4792702	0.125569	0.770117	0.104313
Muller_E	4822723	0.124437	0.772426	0.103137
Muller_E	4832155	0.12408	0.773153	0.102767
Muller_E	4834924	0.123975	0.773366	0.102658
Muller_E	4838041	0.123857	0.773607	0.102536
Muller_E	4839031	0.12382	0.773683	0.102497
Muller_E	4840034	0.123782	0.773761	0.102458
Muller_E	4843722	0.123642	0.774045	0.102312
Muller_E	4844215	0.123623	0.774083	0.102293
Muller_E	4846930	0.123521	0.774293	0.102186
Muller_E	4847984	0.123481	0.774375	0.102145
Muller_E	4849699	0.123416	0.774507	0.102077
Muller_E	4849916	0.123407	0.774524	0.102069
Muller_E	4850646	0.12338	0.77458	0.10204
Muller_E	4851102	0.123362	0.774615	0.102022
Muller_E	4851280	0.123356	0.774629	0.102015
Muller_E	4852753	0.1233	0.774743	0.101957
Muller_E	4853630	0.123267	0.774811	0.101923
Muller_E	4855355	0.123201	0.774944	0.101855
Muller_E	4859608	0.12304	0.775273	0.101687
Muller_E	4860728	0.122997	0.77536	0.101643
Muller_E	4862947	0.122913	0.775532	0.101556
Muller_E	4865598	0.122812	0.775737	0.101451
Muller_E	4865718	0.122808	0.775746	0.101446
Muller_E	4866182	0.12279	0.775782	0.101428
Muller_E	4867670	0.122734	0.775897	0.101369
Muller_E	4869382	0.122669	0.77603	0.101302
Muller_E	4875634	0.122431	0.776514	0.101055
Muller_E	4875860	0.122422	0.776532	0.101046
Muller_E	4876983	0.12238	0.776619	0.101002
Muller_E	4877350	0.122366	0.776647	0.100987
Muller_E	4878065	0.122338	0.776702	0.100959
Muller_E	4879381	0.122288	0.776804	0.100907
Muller_E	4880635	0.122241	0.776902	0.100858
Muller_E	4881487	0.122208	0.776968	0.100824
Muller_E	4881936	0.122191	0.777003	0.100806
Muller_E	4884468	0.122095	0.777199	0.100706
Muller_E	4888342	0.121947	0.7775	0.100553
Muller_E	4889910	0.121888	0.777621	0.100491
Muller_E	4890915	0.121849	0.777699	0.100451
Muller_E	4891113	0.121842	0.777715	0.100443
Muller_E	4891366	0.121832	0.777734	0.100433
Muller_E	4891615	0.121823	0.777754	0.100424
Muller_E	4892655	0.121783	0.777834	0.100383
Muller_E	4894761	0.121703	0.777998	0.100299
Muller_E	4895681	0.121668	0.778069	0.100263
Muller_E	4895913	0.121659	0.778087	0.100254
Muller_E	4896016	0.121655	0.778095	0.10025
Muller_E	4896306	0.121644	0.778118	0.100238
Muller_E	4896909	0.121621	0.778165	0.100214
Muller_E	4897149	0.121612	0.778184	0.100205
Muller_E	4897396	0.121602	0.778203	0.100195
Muller_E	4899238	0.121532	0.778346	0.100122
Muller_E	4899448	0.121524	0.778362	0.100114
Muller_E	4899730	0.121513	0.778384	0.100103
Muller_E	4900388	0.121488	0.778435	0.100077
Muller_E	4901136	0.12146	0.778493	0.100047
Muller_E	4901310	0.121453	0.778507	0.10004
Muller_E	4902057	0.121425	0.778565	0.10001
Muller_E	4902851	0.121394	0.778627	0.099979
Muller_E	4903242	0.121379	0.778657	0.0999635
Muller_E	4905649	0.121288	0.778844	0.0998682
Muller_E	4906999	0.121236	0.778949	0.0998147
