chrom	position	2,0	1,1	0,2
Muller_E	62882	0.0685926	0.79283	0.138577
Muller_E	267432	0.0545212	0.820317	0.125162
Muller_E	441230	0.042386	0.844011	0.113603
Muller_E	511157	0.0374541	0.853638	0.108908
Muller_E	557879	0.0341425	0.860102	0.105756
Muller_E	581000	0.0324988	0.86331	0.104192
Muller_E	709108	0.0233308	0.881199	0.0954698
Muller_E	768129	0.0190716	0.889509	0.0914194
Muller_E	785241	0.0178324	0.891926	0.0902411
Muller_E	787322	0.0176816	0.892221	0.0900977
Muller_E	787424	0.0176742	0.892235	0.0900907
Muller_E	788173	0.0176199	0.892341	0.0900391
Muller_E	788750	0.0175781	0.892423	0.0899993
Muller_E	788860	0.0175701	0.892438	0.0899917
Muller_E	791823	0.0173553	0.892857	0.0897875
Muller_E	802257	0.0165983	0.894334	0.0890678
Muller_E	893794	0.00992582	0.907349	0.082725
Muller_E	894300	0.00988877	0.907421	0.0826898
Muller_E	896281	0.00974373	0.907704	0.082552
Muller_E	897287	0.00967006	0.907848	0.082482
Muller_E	897987	0.0096188	0.907948	0.0824332
Muller_E	901015	0.00939701	0.908381	0.0822224
Muller_E	901718	0.00934551	0.908481	0.0821735
Muller_E	923408	0.00775486	0.911583	0.0806618
Muller_E	923675	0.00773526	0.911622	0.0806432
Muller_E	924320	0.0076879	0.911714	0.0805982
Muller_E	927795	0.00743274	0.912212	0.0803557
Muller_E	948021	0.00594587	0.915111	0.0789428
Muller_E	948230	0.00117816	0.865251	0.133571
Muller_E	958531	0.0011404	0.867325	0.131535
Muller_E	967701	0.00581555	0.918758	0.0754261
Muller_E	969142	0.00582034	0.919093	0.0750863
Muller_E	1033237	0.00602135	0.934018	0.0599602
Muller_E	1120573	0.0062563	0.954431	0.0393132
Muller_E	1123171	0.00626258	0.955039	0.0386983
Muller_E	1146845	0.00631793	0.960588	0.0330936
Muller_E	1148492	0.0121537	0.983762	0.00408394
Muller_E	1168315	0.00623836	0.961546	0.0322153
Muller_E	1213395	0.00603782	0.962868	0.0310941
Muller_E	1262309	0.0058027	0.964337	0.0298604
Muller_E	1275111	0.00573815	0.964727	0.0295346
Muller_E	1275707	0.00573511	0.964746	0.0295194
Muller_E	1314313	0.00553267	0.965938	0.0285293
Muller_E	1318297	0.00551113	0.966062	0.0284264
Muller_E	1358440	0.00528729	0.967329	0.0273839
Muller_E	1358616	0.00528628	0.967334	0.0273793
Muller_E	1378824	0.00516889	0.967981	0.0268499
Muller_E	1480336	0.00453158	0.971325	0.0241438
Muller_E	1489232	0.00447194	0.971625	0.0239029
Muller_E	1645912	0.00332074	0.977117	0.0195621
Muller_E	1673398	0.00309906	0.97812	0.0187812
Muller_E	1718642	0.00272125	0.979796	0.0174831
Muller_E	1746815	0.00247788	0.980855	0.0166668
Muller_E	1763447	0.00233127	0.981487	0.016182
Muller_E	1765039	0.00231712	0.981547	0.0161355
Muller_E	1765159	0.00231606	0.981552	0.016132
Muller_E	1765369	0.00231419	0.98156	0.0161258
Muller_E	1771226	0.00226195	0.981784	0.0159545
Muller_E	1799036	0.00201023	0.982852	0.0151374
Muller_E	1802542	0.00197807	0.982988	0.015034
Muller_E	1802678	0.00197682	0.982993	0.01503
Muller_E	1803039	0.00060605	0.974236	0.0251582
Muller_E	1803347	0.00197333	0.983023	0.0150033
Muller_E	1805518	0.00197211	0.983137	0.0148904
Muller_E	1812938	0.00196765	0.983528	0.0145043
Muller_E	1813040	0.00196759	0.983533	0.014499
Muller_E	1815234	0.00196619	0.983649	0.0143848
Muller_E	1815907	0.00196575	0.983685	0.0143497
Muller_E	1816383	0.00196544	0.98371	0.0143249
Muller_E	1831501	0.00195462	0.984509	0.0135366
Muller_E	1850978	0.00193806	0.985544	0.0125184
Muller_E	1851905	0.00193719	0.985593	0.0124698
Muller_E	1852166	0.00193695	0.985607	0.0124561
Muller_E	1857635	0.00193171	0.985899	0.0121697
Muller_E	1861157	0.00192822	0.986087	0.011985
Muller_E	1861336	0.00192804	0.986096	0.0119756
Muller_E	1861880	0.00192749	0.986125	0.0119471
Muller_E	1866595	0.00192263	0.986378	0.0116998
Muller_E	1870209	0.00191878	0.986571	0.0115101
Muller_E	1871973	0.00191687	0.986666	0.0114175
Muller_E	1880064	0.00190778	0.9871	0.0109923
Muller_E	1889333	0.00189674	0.987599	0.0105046
Muller_E	1891195	0.00189444	0.987699	0.0104065
Muller_E	1894320	0.00189051	0.987868	0.0102419
Muller_E	1900363	0.00188271	0.988194	0.00992334
Muller_E	1904375	0.00187738	0.988411	0.00971168
Muller_E	1915469	0.00186196	0.989012	0.00912577
Muller_E	1927060	0.00184481	0.989643	0.00851258
Muller_E	1932459	0.00183646	0.989937	0.0082266
Muller_E	1944351	0.00181726	0.990587	0.00759589
Muller_E	1946702	0.00181334	0.990716	0.00747107
Muller_E	1961660	0.00178732	0.991537	0.0066759
Muller_E	1975567	0.00176155	0.992303	0.00593502
Muller_E	2011856	0.00168708	0.994318	0.00399457
Muller_E	2013122	0.00168429	0.994389	0.00392668
Muller_E	2044597	0.00302698	0.9967	0.000272771
Muller_E	2048236	0.00158623	0.996198	0.00221582
Muller_E	2048434	0.00158489	0.9962	0.00221478
Muller_E	2086567	0.00131978	0.996672	0.00200852
Muller_E	2103366	0.00119927	0.996887	0.00191394
Muller_E	2117584	0.000343046	0.995107	0.00455015
Muller_E	2126123	0.00204436	0.997746	0.000209706
Muller_E	2135792	0.00105218	0.997249	0.00169918
Muller_E	2140907	0.00103229	0.997264	0.00170416
Muller_E	2141169	0.00103126	0.997264	0.00170441
Muller_E	2142715	0.0010252	0.997269	0.00170587
Muller_E	2145389	0.00101468	0.997277	0.00170835
Muller_E	2146953	0.0010085	0.997282	0.00170977
Muller_E	2147057	0.00100808	0.997282	0.00170987
Muller_E	2201852	0.000121009	0.996659	0.00322026
Muller_E	2204792	0.000788507	0.997473	0.00173864
Muller_E	2219543	0.000835139	0.997471	0.00169433
Muller_E	2220290	0.000837454	0.997471	0.00169203
Muller_E	2241628	0.000901681	0.997474	0.0016247
Muller_E	2243471	0.000907056	0.997474	0.00161871
Muller_E	2531559	0.00252791	0.9974	7.16614e-05
Muller_E	2693610	0.00093565	0.998831	0.000233826
Muller_E	2696554	0.000925052	0.998845	0.000229817
Muller_E	2706179	0.000889916	0.998894	0.000216219
Muller_E	2713009	0.000864529	0.998929	0.000206116
Muller_E	2716202	0.000852531	0.998946	0.000201263
Muller_E	2721440	0.000832671	0.998974	0.000193124
Muller_E	2735475	0.000778364	0.999051	0.000170221
Muller_E	2763120	0.000666738	0.999213	0.000120451
Muller_E	2777976	0.000604199	0.999305	9.11518e-05
Muller_E	2779619	0.000597173	0.999315	8.78018e-05
Muller_E	2787347	0.000563833	0.999364	7.17517e-05
Muller_E	2788916	0.000557005	0.999375	6.84341e-05
Muller_E	2795398	0.000528585	0.999417	5.45168e-05
Muller_E	2798296	0.00051577	0.999436	4.81847e-05
Muller_E	2799305	0.000511291	0.999443	4.59641e-05
Muller_E	2800245	0.000507112	0.999449	4.38879e-05
Muller_E	2800507	0.000505946	0.999451	4.33079e-05
Muller_E	2800780	0.00050473	0.999453	4.2703e-05
Muller_E	2800932	0.000504053	0.999454	4.2366e-05
Muller_E	2801158	0.000503046	0.999455	4.18645e-05
Muller_E	2805736	0.00148434	0.998511	4.65874e-06
Muller_E	2807233	0.000460187	0.999508	3.16591e-05
Muller_E	2807795	0.000451784	0.999517	3.16702e-05
Muller_E	2808363	0.000443289	0.999525	3.16788e-05
Muller_E	2809031	0.000433295	0.999535	3.16856e-05
Muller_E	2809272	0.000429689	0.999539	3.16872e-05
Muller_E	2809909	0.000420154	0.999548	3.16891e-05
Muller_E	2811470	0.000396775	0.999572	3.16799e-05
Muller_E	2811776	0.00039219	0.999576	3.16758e-05
Muller_E	2812117	0.000387079	0.999581	3.16703e-05
Muller_E	2815676	0.000333684	0.999635	3.15569e-05
Muller_E	2816259	0.000324928	0.999644	3.15286e-05
Muller_E	2817070	0.000312742	0.999656	3.14846e-05
Muller_E	2817616	0.000304535	0.999664	3.1452e-05
Muller_E	2819402	0.000277674	0.999691	3.13285e-05
Muller_E	2820166	0.000266175	0.999703	3.12677e-05
Muller_E	2820386	0.000262863	0.999706	3.12494e-05
Muller_E	2820775	8.08552e-05	0.999867	5.26209e-05
Muller_E	2821135	0.000255371	0.999714	3.10387e-05
Muller_E	2821440	0.000253985	0.999715	3.08877e-05
Muller_E	2826939	0.000228869	0.999743	2.80365e-05
Muller_E	2831172	0.000209369	0.999765	2.56749e-05
Muller_E	2831515	0.000207782	0.999767	2.54772e-05
Muller_E	2832336	0.000203981	0.999771	2.5e-05
Muller_E	2833070	0.000200578	0.999775	2.45689e-05
Muller_E	2850717	0.000117449	0.99987	1.28894e-05
Muller_E	2853215	0.000105478	0.999883	1.10324e-05
Muller_E	2856496	8.96777e-05	0.999902	8.51659e-06
Muller_E	2856945	8.75087e-05	0.999904	8.16552e-06
Muller_E	2857481	8.49173e-05	0.999907	7.74429e-06
Muller_E	2858163	8.16167e-05	0.999911	7.20495e-06
Muller_E	2859754	1.68838e-05	0.999982	9.30424e-07
Muller_E	2859987	7.37024e-05	0.99992	5.94411e-06
Muller_E	2862604	7.14279e-05	0.999923	6.04851e-06
Muller_E	2866488	6.795e-05	0.999926	6.10122e-06
Muller_E	2867267	6.72377e-05	0.999927	6.09709e-06
Muller_E	2868557	6.60474e-05	0.999928	6.07943e-06
Muller_E	2870085	6.46201e-05	0.999929	6.04109e-06
Muller_E	2870623	6.41131e-05	0.99993	6.02308e-06
Muller_E	2876155	5.87634e-05	0.999936	5.70201e-06
Muller_E	2877151	5.77738e-05	0.999937	5.61788e-06
Muller_E	2886067	4.85582e-05	0.999947	4.5069e-06
Muller_E	2886534	4.80577e-05	0.999948	4.43097e-06
Muller_E	2887599	4.69099e-05	0.999949	4.2512e-06
Muller_E	2887882	4.66033e-05	0.999949	4.20188e-06
Muller_E	2888492	4.59403e-05	0.99995	4.09338e-06
Muller_E	2888607	4.5815e-05	0.99995	4.07259e-06
Muller_E	2890000	4.42883e-05	0.999952	3.81221e-06
Muller_E	2890387	4.38614e-05	0.999952	3.73709e-06
Muller_E	2890907	4.32859e-05	0.999953	3.63423e-06
Muller_E	2894764	5.48318e-06	0.999989	5.21152e-06
Muller_E	2899098	7.92234e-05	0.999921	6.94639e-08
Muller_E	2901481	4.21313e-05	0.999957	5.68237e-07
Muller_E	2901643	4.21427e-05	0.999957	5.62631e-07
Muller_E	2902627	5.8763e-06	0.999993	9.75112e-07
Muller_E	2903432	4.47363e-05	0.999955	4.25459e-07
Muller_E	2904998	4.96414e-05	0.99995	2.18699e-07
Muller_E	2905994	9.95919e-05	0.9999	8.60385e-09
Muller_E	2907134	5.45242e-05	0.999945	7.39877e-08
Muller_E	2908511	5.66522e-05	0.999943	5.64787e-08
Muller_E	2909452	0.000106785	0.999893	5.77615e-09
Muller_E	2910160	1.43466e-05	0.999986	8.91076e-08
Muller_E	2911022	6.16908e-05	0.999938	4.8828e-08
Muller_E	2911252	0.000115796	0.999884	6.99592e-09
Muller_E	2911992	6.39078e-05	0.999936	9.58491e-08
Muller_E	2914672	6.8875e-05	0.999931	2.3459e-07
Muller_E	2915489	7.03777e-05	0.999929	2.65317e-07
Muller_E	2918585	7.60231e-05	0.999924	3.32703e-07
Muller_E	2919015	7.6801e-05	0.999923	3.35923e-07
Muller_E	2919728	7.80877e-05	0.999922	3.37962e-07
Muller_E	2919971	7.85252e-05	0.999921	3.37716e-07
Muller_E	2921506	0.000153447	0.999847	3.63908e-08
Muller_E	2922564	8.20333e-05	0.999917	5.96809e-07
Muller_E	2922707	8.21347e-05	0.999917	6.32836e-07
Muller_E	2924226	8.32012e-05	0.999916	1.00531e-06
Muller_E	2925108	8.38119e-05	0.999915	1.21301e-06
Muller_E	2925552	8.4117e-05	0.999915	1.31518e-06
Muller_E	2928855	8.63361e-05	0.999912	2.02515e-06
Muller_E	2930674	8.75205e-05	0.99991	2.37841e-06
Muller_E	2931258	8.78951e-05	0.99991	2.48614e-06
Muller_E	2931592	8.81081e-05	0.999909	2.54652e-06
Muller_E	2931798	8.8239e-05	0.999909	2.5833e-06
Muller_E	2932326	8.8573e-05	0.999909	2.67602e-06
Muller_E	2945623	9.62394e-05	0.999899	4.26669e-06
Muller_E	2945753	9.63073e-05	0.999899	4.27517e-06
Muller_E	2945878	9.63724e-05	0.999899	4.2832e-06
Muller_E	2946001	9.64364e-05	0.999899	4.29098e-06
Muller_E	2955783	0.000101132	0.999894	4.51714e-06
Muller_E	2957997	0.000102088	0.999893	4.4608e-06
Muller_E	2959282	0.000102624	0.999893	4.40989e-06
Muller_E	2959697	0.000102794	0.999893	4.39059e-06
Muller_E	2959819	0.000102844	0.999893	4.38466e-06
Muller_E	2960759	0.000103224	0.999892	4.33486e-06
Muller_E	2961667	0.000103584	0.999892	4.27997e-06
Muller_E	2961801	0.000103636	0.999892	4.2713e-06
Muller_E	2963254	0.000104197	0.999892	4.16799e-06
Muller_E	2963568	0.000104316	0.999892	4.14342e-06
Muller_E	2975263	0.000108176	0.999889	2.65959e-06
Muller_E	2976725	0.000108581	0.999889	2.39622e-06
Muller_E	2977784	0.000108863	0.999889	2.19463e-06
Muller_E	2982473	0.000110004	0.999889	1.19293e-06
Muller_E	2984283	0.000110397	0.999889	7.58641e-07
Muller_E	2985483	0.000110643	0.999889	4.56088e-07
Muller_E	2985658	0.000110678	0.999889	4.10991e-07
Muller_E	2985908	0.000209039	0.999791	3.87429e-08
Muller_E	2987685	0.000109503	0.99989	3.64232e-07
Muller_E	2992894	0.000105767	0.999894	2.69933e-07
Muller_E	2993313	0.000195736	0.999804	3.63387e-08
Muller_E	2993798	0.000104545	0.999895	3.05502e-07
Muller_E	2994137	0.000103907	0.999896	3.41209e-07
Muller_E	2994487	0.000103246	0.999896	3.77098e-07
Muller_E	2994615	0.000103005	0.999897	3.89975e-07
Muller_E	2995123	0.000102044	0.999898	4.39774e-07
Muller_E	2995701	0.000100949	0.999899	4.93893e-07
Muller_E	2996048	0.00010029	0.999899	5.25084e-07
Muller_E	2996738	9.89771e-05	0.9999	5.84209e-07
Muller_E	2996880	9.87064e-05	0.999901	5.95898e-07
Muller_E	2997113	9.82618e-05	0.999901	6.14725e-07
Muller_E	2999116	9.44222e-05	0.999905	7.58436e-07
Muller_E	2999459	9.37615e-05	0.999905	7.79787e-07
Muller_E	3001420	8.99655e-05	0.999909	8.83564e-07
Muller_E	3001578	8.96583e-05	0.999909	8.9057e-07
Muller_E	3001696	8.94287e-05	0.99991	8.95671e-07
Muller_E	3002579	8.77073e-05	0.999911	9.30258e-07
Muller_E	3003095	8.66984e-05	0.999912	9.47547e-07
Muller_E	3003540	8.58267e-05	0.999913	9.60726e-07
Muller_E	3004120	8.4688e-05	0.999914	9.75495e-07
Muller_E	3005221	8.2519e-05	0.999916	9.96038e-07
Muller_E	3007967	1.20778e-05	0.999986	1.85171e-06
Muller_E	3012773	7.98266e-05	0.99992	4.65418e-07
Muller_E	3013331	8.0135e-05	0.999919	3.90708e-07
Muller_E	3013618	8.02926e-05	0.999919	3.51301e-07
Muller_E	3014080	0.000153139	0.999847	2.82344e-08
Muller_E	3014783	8.03955e-05	0.999919	3.29241e-07
Muller_E	3016296	0.000151148	0.999849	4.56383e-08
Muller_E	3017214	7.90805e-05	0.99992	9.7187e-07
Muller_E	3018320	0.000147688	0.999852	1.70454e-07
Muller_E	3018982	7.63164e-05	0.999918	5.54816e-06
Muller_E	3019303	7.55517e-05	0.999917	7.44073e-06
Muller_E	3019831	7.42922e-05	0.999915	1.05519e-05
Muller_E	3021834	6.94933e-05	0.999908	2.2334e-05
Muller_E	3021944	6.92289e-05	0.999908	2.29801e-05
Muller_E	3023127	6.63783e-05	0.999904	2.99224e-05
Muller_E	3024474	6.31188e-05	0.999899	3.78134e-05
Muller_E	3024813	6.22962e-05	0.999898	3.9797e-05
Muller_E	3029421	5.10222e-05	0.999882	6.66681e-05
Muller_E	3029834	5.00034e-05	0.999881	6.90681e-05
Muller_E	3030101	4.9344e-05	0.99988	7.06189e-05
Muller_E	3033200	4.16484e-05	0.99987	8.85769e-05
Muller_E	3033901	3.98969e-05	0.999867	9.26282e-05
Muller_E	3034073	3.94665e-05	0.999867	9.36217e-05
Muller_E	3036032	3.4548e-05	0.999861	0.00010492
Muller_E	3038305	2.88021e-05	0.999853	0.00011799
Muller_E	3041816	1.98448e-05	0.999842	0.000138097
Muller_E	3044683	1.93633e-06	0.999713	0.000284838
Muller_E	3046757	1.18562e-05	0.999828	0.00016053
Muller_E	3046887	1.18174e-05	0.999827	0.00016091
Muller_E	3047900	1.15105e-05	0.999825	0.00016387
Muller_E	3048135	1.14381e-05	0.999824	0.000164556
Muller_E	3050664	1.06308e-05	0.999817	0.000171905
Muller_E	3051698	1.02858e-05	0.999815	0.000174894
Muller_E	3051968	1.01942e-05	0.999814	0.000175674
Muller_E	3052635	9.96564e-06	0.999812	0.000177596
Muller_E	3053197	9.77023e-06	0.999811	0.000179213
Muller_E	3056428	8.59718e-06	0.999803	0.00018846
Muller_E	3056712	8.49003e-06	0.999802	0.000189269
Muller_E	3058398	1.22314e-06	0.999641	0.00035778
Muller_E	3059687	8.30995e-06	0.999796	0.000195604
Muller_E	3061511	1.3914e-06	0.999634	0.000364734
Muller_E	3062406	1.14046e-05	0.999791	0.000197777
Muller_E	3062537	1.17631e-05	0.99979	0.000197778
Muller_E	3100018	0.000108641	0.999699	0.000192238
Muller_E	3100718	0.000110342	0.999698	0.000192026
Muller_E	3112367	0.00013807	0.999674	0.000187923
Muller_E	3112987	0.000139515	0.999673	0.000187673
Muller_E	3113420	0.000140522	0.999672	0.000187498
Muller_E	3116107	0.000146739	0.999667	0.000186372
Muller_E	3119432	2.41877e-05	0.999635	0.000340814
Muller_E	3119714	0.000158881	0.999657	0.000184417
Muller_E	3120862	0.000177316	0.99964	0.000182448
Muller_E	3122265	0.00019983	0.99962	0.000180026
Muller_E	3123364	0.000217455	0.999604	0.000178119
Muller_E	3124138	0.000229862	0.999593	0.000176769
Muller_E	3127464	0.000283122	0.999546	0.000170916
Muller_E	3128767	0.000303963	0.999527	0.000168599
Muller_E	3128895	0.00030601	0.999526	0.00016837
Muller_E	3129611	0.000317455	0.999515	0.00016709
Muller_E	3129743	0.000319565	0.999514	0.000166854
Muller_E	3130171	0.000326404	0.999508	0.000166087
Muller_E	3131529	0.000348095	0.999488	0.000163641
Muller_E	3137674	0.000446061	0.999402	0.000152391
Muller_E	3139976	0.000482682	0.999369	0.000148099
Muller_E	3143168	0.00053339	0.999325	0.000142075
Muller_E	3169152	0.000943125	0.998967	8.99914e-05
Muller_E	3170575	0.000965406	0.998948	8.69819e-05
Muller_E	3173857	0.00101674	0.998903	7.99788e-05
Muller_E	3192801	0.00131132	0.998651	3.78612e-05
Muller_E	3194086	0.00133119	0.998634	3.48996e-05
Muller_E	3194230	0.00133342	0.998632	3.45669e-05
Muller_E	3207603	0.00278125	0.997218	5.61575e-07
Muller_E	3207708	0.00154032	0.998457	2.89572e-06
Muller_E	3208070	0.00154321	0.998454	2.73648e-06
Muller_E	3208369	0.0015456	0.998452	2.60416e-06
Muller_E	3208507	0.0015467	0.998451	2.54285e-06
Muller_E	3208706	0.00154829	0.998449	2.45416e-06
Muller_E	3210124	0.0015596	0.998439	1.81293e-06
Muller_E	3211254	0.00289525	0.997105	1.95604e-07
Muller_E	3212088	0.0015714	0.998427	1.28694e-06
Muller_E	3216063	0.00158465	0.998414	1.19363e-06
Muller_E	3216461	0.00158597	0.998413	1.17726e-06
Muller_E	3217109	0.00158811	0.998411	1.14785e-06
Muller_E	3217441	0.00158921	0.99841	1.13147e-06
Muller_E	3217706	0.00300445	0.996995	1.20358e-07
Muller_E	3217825	0.00159007	0.998409	1.16699e-06
Muller_E	3218354	0.00159	0.998409	1.38447e-06
Muller_E	3219292	0.00158987	0.998408	1.76455e-06
Muller_E	3219763	0.000247491	0.999749	3.60668e-06
Muller_E	3221459	0.00161598	0.998382	2.2648e-06
Muller_E	3222112	0.00162605	0.998372	2.37876e-06
Muller_E	3223012	0.00163993	0.998358	2.53017e-06
Muller_E	3223549	0.00302094	0.996979	4.30256e-07
Muller_E	3224815	0.00165814	0.998338	4.21957e-06
Muller_E	3226800	0.00167369	0.99832	6.70557e-06
Muller_E	3229718	0.00169649	0.998293	1.03022e-05
Muller_E	3240322	0.00177878	0.998198	2.27929e-05
Muller_E	3240918	0.00178338	0.998193	2.3468e-05
Muller_E	3241273	0.00178612	0.99819	2.38687e-05
Muller_E	3247835	0.00183654	0.998132	3.10926e-05
Muller_E	3251442	0.0018641	0.998101	3.49152e-05
Muller_E	3252203	0.00186991	0.998094	3.57083e-05
Muller_E	3254014	0.0018837	0.998079	3.75768e-05
Muller_E	3254518	0.00188753	0.998074	3.8092e-05
Muller_E	3255141	0.00189227	0.998069	3.87261e-05
Muller_E	3255365	0.00189397	0.998067	3.89534e-05
Muller_E	3259142	0.0019226	0.998035	4.27237e-05
Muller_E	3259935	0.0019286	0.998028	4.35007e-05
Muller_E	3262497	0.00194794	0.998006	4.59762e-05
Muller_E	3263708	0.00195706	0.997996	4.71278e-05
Muller_E	3264644	0.0019641	0.997988	4.80098e-05
Muller_E	3266132	0.00197529	0.997975	4.93974e-05
Muller_E	3266579	0.00197864	0.997972	4.98107e-05
Muller_E	3266806	0.00198035	0.99797	5.002e-05
Muller_E	3269029	0.00199701	0.997951	5.20475e-05
Muller_E	3271700	0.00201698	0.997929	5.44309e-05
Muller_E	3271881	0.00201833	0.997927	5.45903e-05
Muller_E	3273894	0.00203333	0.99791	5.63455e-05
Muller_E	3275081	0.00204217	0.9979	5.73651e-05
Muller_E	3275989	0.00204892	0.997893	5.81374e-05
Muller_E	3278049	0.0020642	0.997876	5.98648e-05
Muller_E	3280894	0.00208526	0.997853	6.21941e-05
Muller_E	3282107	0.00209422	0.997843	6.31674e-05
Muller_E	3282973	0.00210061	0.997836	6.3855e-05
Muller_E	3284532	0.0021121	0.997823	6.50775e-05
Muller_E	3291321	0.00216188	0.997768	7.01722e-05
Muller_E	3291878	0.00216595	0.997763	7.05737e-05
Muller_E	3293351	0.0021767	0.997752	7.16233e-05
Muller_E	3293759	0.00217967	0.997748	7.19109e-05
Muller_E	3304917	0.00226048	0.99766	7.9256e-05
Muller_E	3306663	0.00227303	0.997647	8.03144e-05
Muller_E	3306880	0.00227459	0.997645	8.04442e-05
Muller_E	3310127	0.00229786	0.99762	8.23413e-05
Muller_E	3312301	0.0023134	0.997603	8.35639e-05
Muller_E	3312718	0.00231637	0.9976	8.3794e-05
Muller_E	3318766	0.00235937	0.997554	8.69742e-05
Muller_E	3323588	0.00239344	0.997517	8.9298e-05
Muller_E	3324201	0.00239776	0.997513	8.958e-05
Muller_E	3324656	0.00240096	0.997509	8.97873e-05
Muller_E	3325091	0.00240402	0.997506	8.9984e-05
Muller_E	3326084	0.002411	0.997499	9.04272e-05
Muller_E	3326190	0.00241175	0.997498	9.0474e-05
Muller_E	3330218	0.00243998	0.997468	9.21867e-05
Muller_E	3334866	0.0024724	0.997434	9.40003e-05
Muller_E	3337545	0.002491	0.997414	9.49664e-05
Muller_E	3340268	0.00250985	0.997394	9.58889e-05
Muller_E	3340480	0.00251132	0.997393	9.59582e-05
Muller_E	3410593	0.00297604	0.996925	9.89869e-05
Muller_E	3431230	0.00310529	0.996802	9.23239e-05
Muller_E	3437416	0.00314336	0.996767	8.96575e-05
Muller_E	3456916	0.000578032	0.999277	0.000144839
Muller_E	3457694	0.00103604	0.998769	0.000194582
Muller_E	3459001	0.00347595	0.996452	7.2473e-05
Muller_E	3462300	0.0128546	0.987139	5.93584e-06
Muller_E	3464519	0.00402506	0.995916	5.85684e-05
Muller_E	3464673	0.00403147	0.99591	5.85788e-05
Muller_E	3477602	0.00456884	0.995372	5.87668e-05
Muller_E	3525631	0.00211676	0.997766	0.000117585
Muller_E	3546828	0.0163338	0.983663	2.75816e-06
Muller_E	3557059	0.0182412	0.981757	1.4324e-06
Muller_E	3566467	0.0104117	0.989577	1.16734e-05
Muller_E	3572057	0.0106293	0.989357	1.31916e-05
Muller_E	3572168	0.0106337	0.989353	1.32192e-05
Muller_E	3579272	0.0109099	0.989075	1.47812e-05
Muller_E	3579502	0.0109189	0.989066	1.4825e-05
Muller_E	3582419	0.0196883	0.980309	3.03647e-06
Muller_E	3590131	0.0111877	0.988784	2.8143e-05
Muller_E	3605233	0.0114908	0.988457	5.18279e-05
Muller_E	3610748	0.0116011	0.988339	6.00224e-05
Muller_E	3611776	0.0116216	0.988317	6.1523e-05
Muller_E	3615071	0.0116874	0.988246	6.62757e-05
Muller_E	3617701	0.0117398	0.98819	7.0007e-05
Muller_E	3617818	0.0117421	0.988188	7.01717e-05
Muller_E	3617948	0.0117447	0.988185	7.03546e-05
Muller_E	3623404	0.0118532	0.988069	7.7908e-05
Muller_E	3630035	0.0119848	0.987928	8.67678e-05
Muller_E	3631532	0.0120144	0.987897	8.87194e-05
Muller_E	3634067	0.0120646	0.987843	9.19833e-05
Muller_E	3642157	0.0122244	0.987674	0.000102056
Muller_E	3643438	0.0122497	0.987647	0.000103603
Muller_E	3645674	0.0122938	0.9876	0.000106272
Muller_E	3652519	0.0124284	0.987457	0.000114194
Muller_E	3655257	0.0124821	0.987401	0.000117258
Muller_E	3657953	0.012535	0.987345	0.000120216
Muller_E	3660200	0.012579	0.987298	0.000122638
Muller_E	3665461	0.0126819	0.98719	0.00012815
Muller_E	3670065	0.0127718	0.987095	0.000132792
Muller_E	3757777	0.0144521	0.985359	0.000188946
Muller_E	3766114	0.0146086	0.9852	0.000191093
Muller_E	3770199	0.0146851	0.985123	0.000191944
Muller_E	3771242	0.0147047	0.985103	0.00019214
Muller_E	3775369	0.0147818	0.985025	0.00019283
Muller_E	3781958	0.0149047	0.984902	0.000193651
Muller_E	3788305	0.0150227	0.984783	0.000194115
Muller_E	3788531	0.0150269	0.984779	0.000194126
Muller_E	3788717	0.0150304	0.984775	0.000194135
Muller_E	3791492	0.0150819	0.984724	0.000194228
Muller_E	3791929	0.01509	0.984716	0.000194237
Muller_E	3794089	0.01513	0.984676	0.00019426
Muller_E	3798034	0.015203	0.984603	0.000194205
Muller_E	3805877	0.0153479	0.984458	0.00019373
Muller_E	3808116	0.0153891	0.984417	0.000193504
Muller_E	3837593	0.0159286	0.983885	0.000186822
Muller_E	3889492	0.016862	0.98298	0.000158289
Muller_E	3892070	0.0169079	0.982936	0.000156314
Muller_E	3892768	0.0169203	0.982924	0.000155771
Muller_E	3893846	0.0169394	0.982906	0.000154923
Muller_E	3895236	0.0169641	0.982882	0.000153817
Muller_E	3896701	0.01699	0.982857	0.000152635
Muller_E	3964144	0.0181678	0.981752	7.97891e-05
Muller_E	3964249	0.0181696	0.981751	7.96476e-05
Muller_E	3964701	0.0181774	0.981744	7.90374e-05
Muller_E	3965335	0.0181883	0.981734	7.81789e-05
Muller_E	3965537	0.0181918	0.98173	7.79047e-05
Muller_E	3971184	0.0182887	0.981641	7.01084e-05
Muller_E	4005791	0.0188775	0.981106	1.68176e-05
Muller_E	4007537	0.0189069	0.981079	1.38779e-05
Muller_E	4008073	0.018916	0.981071	1.29706e-05
Muller_E	4008732	0.0189271	0.981061	1.1852e-05
Muller_E	4009275	0.0189362	0.981053	1.09277e-05
Muller_E	4009794	0.018945	0.981045	1.0042e-05
Muller_E	4010462	0.0189562	0.981035	8.89904e-06
Muller_E	4011246	0.0189694	0.981023	7.55305e-06
Muller_E	4011350	0.0189712	0.981021	7.37413e-06
Muller_E	4011743	0.0987653	0.901234	5.69394e-07
Muller_E	4012926	0.0189575	0.981036	6.69686e-06
Muller_E	4015010	0.00279774	0.99719	1.25712e-05
Muller_E	4015956	0.0189422	0.981051	6.43812e-06
Muller_E	4016731	0.018959	0.981035	6.24359e-06
Muller_E	4017133	0.0189678	0.981026	6.14082e-06
Muller_E	4017640	0.0189788	0.981015	6.00936e-06
Muller_E	4021078	0.0190535	0.980941	5.06416e-06
Muller_E	4021876	0.0190708	0.980924	4.83136e-06
Muller_E	4022513	0.0190847	0.980911	4.6419e-06
Muller_E	4022928	0.0190937	0.980902	4.51673e-06
Muller_E	4024532	0.0191285	0.980868	4.02011e-06
Muller_E	4024639	0.0191308	0.980865	3.98626e-06
Muller_E	4025270	0.0191445	0.980852	3.78476e-06
Muller_E	4027169	0.0191857	0.980811	3.15929e-06
Muller_E	4027437	0.0191915	0.980805	3.06872e-06
Muller_E	4027764	0.0191985	0.980798	2.95744e-06
Muller_E	4029270	0.0192312	0.980766	2.43396e-06
Muller_E	4032202	0.0192946	0.980704	1.3632e-06
Muller_E	4032327	0.0192973	0.980701	1.31603e-06
Muller_E	4033521	0.0193232	0.980676	8.59264e-07
Muller_E	4033797	0.0359876	0.964012	7.83614e-08
Muller_E	4036360	0.0193475	0.980652	8.00039e-07
Muller_E	4037138	0.0193531	0.980646	8.0428e-07
Muller_E	4037610	0.0193564	0.980643	8.0451e-07
Muller_E	4040496	0.019377	0.980622	7.67439e-07
Muller_E	4040949	0.0193802	0.980619	7.55615e-07
Muller_E	4045900	0.0194154	0.980584	5.20159e-07
Muller_E	4046078	0.0194167	0.980583	5.08069e-07
Muller_E	4046843	0.0360483	0.963952	4.98762e-08
Muller_E	4047581	0.0194189	0.980581	5.69725e-07
Muller_E	4048275	0.0194159	0.980583	6.75315e-07
Muller_E	4048700	0.0194141	0.980585	7.38089e-07
Muller_E	4053592	0.0193928	0.980606	1.3574e-06
Muller_E	4056223	0.0193813	0.980617	1.6119e-06
Muller_E	4056545	0.0193799	0.980618	1.63927e-06
Muller_E	4056951	0.0193781	0.98062	1.67261e-06
Muller_E	4057601	0.0193753	0.980623	1.72326e-06
Muller_E	4057720	0.0193747	0.980624	1.73217e-06
Muller_E	4058043	0.0193733	0.980625	1.75579e-06
Muller_E	4058149	0.0193728	0.980625	1.76336e-06
Muller_E	4058704	0.0193704	0.980628	1.80154e-06
Muller_E	4059417	0.0193673	0.980631	1.847e-06
Muller_E	4059965	0.0193648	0.980633	1.87919e-06
Muller_E	4061381	0.0193586	0.980639	1.95134e-06
Muller_E	4061745	0.019357	0.980641	1.96732e-06
Muller_E	4062020	0.0193558	0.980642	1.97869e-06
Muller_E	4062507	0.0193536	0.980644	1.99735e-06
Muller_E	4062941	0.0193517	0.980646	2.0124e-06
Muller_E	4064035	0.0193468	0.980651	2.04369e-06
Muller_E	4064680	0.019344	0.980654	2.05768e-06
Muller_E	4064829	0.0193433	0.980655	2.06044e-06
Muller_E	4065474	0.0193404	0.980658	2.07037e-06
Muller_E	4065574	0.01934	0.980658	2.07162e-06
Muller_E	4066028	0.019338	0.98066	2.07626e-06
Muller_E	4067541	0.0193312	0.980667	2.07993e-06
Muller_E	4067967	0.0193293	0.980669	2.07769e-06
Muller_E	4068535	0.0193267	0.980671	2.07245e-06
Muller_E	4069245	0.0193236	0.980674	2.0623e-06
Muller_E	4070105	0.0193197	0.980678	2.04465e-06
Muller_E	4071088	0.0193153	0.980683	2.01728e-06
Muller_E	4071641	0.0193128	0.980685	1.99851e-06
Muller_E	4072126	0.0193106	0.980687	1.98005e-06
Muller_E	4072768	0.0193077	0.98069	1.95274e-06
Muller_E	4072973	0.0193068	0.980691	1.94333e-06
Muller_E	4073359	0.0193051	0.980693	1.92471e-06
Muller_E	4075135	0.019297	0.980701	1.82377e-06
Muller_E	4075254	0.0192965	0.980702	1.81612e-06
Muller_E	4076053	0.0192929	0.980705	1.76178e-06
Muller_E	4077160	0.0027759	0.997221	3.17124e-06
Muller_E	4078165	0.0356054	0.964394	1.82512e-07
Muller_E	4078690	0.0193461	0.980652	1.53607e-06
Muller_E	4078900	0.0193508	0.980648	1.567e-06
Muller_E	4079010	0.0193533	0.980645	1.58306e-06
Muller_E	4079297	0.0193598	0.980639	1.62452e-06
Muller_E	4081728	0.0194145	0.980584	1.94945e-06
Muller_E	4082079	0.0194224	0.980576	1.99248e-06
Muller_E	4083988	0.0194654	0.980532	2.20943e-06
Muller_E	4085715	0.0195042	0.980493	2.38077e-06
Muller_E	4089306	0.0195848	0.980413	2.66123e-06
Muller_E	4089803	0.019596	0.980401	2.69198e-06
Muller_E	4092778	0.0196627	0.980334	2.83507e-06
Muller_E	4092894	0.0196653	0.980332	2.83923e-06
Muller_E	4098915	0.0198001	0.980197	2.90833e-06
Muller_E	4109650	0.0200398	0.979958	2.31792e-06
Muller_E	4113217	0.0201193	0.979879	1.91939e-06
Muller_E	4113538	0.0201264	0.979872	1.87858e-06
Muller_E	4114422	0.0201461	0.979852	1.76196e-06
Muller_E	4114803	0.0201546	0.979844	1.70979e-06
Muller_E	4115118	0.0201616	0.979837	1.66578e-06
Muller_E	4116856	0.0202002	0.979798	1.40883e-06
Muller_E	4117074	0.0202051	0.979794	1.37491e-06
Muller_E	4117473	0.020214	0.979785	1.31185e-06
Muller_E	4118970	0.0202472	0.979752	1.06401e-06
Muller_E	4121851	0.0203112	0.979688	5.37018e-07
Muller_E	4122071	0.0203161	0.979683	4.94071e-07
Muller_E	4122393	0.0203232	0.979676	4.30521e-07
Muller_E	4122818	0.0377275	0.962272	3.76379e-08
Muller_E	4124318	0.0377026	0.962297	4.34654e-08
Muller_E	4124418	0.0203433	0.979656	4.37204e-07
Muller_E	4126492	0.0203346	0.979664	1.38665e-06
Muller_E	4127527	0.0203301	0.979668	1.8477e-06
Muller_E	4127720	0.0203293	0.979669	1.93274e-06
Muller_E	4128101	0.0203277	0.97967	2.09974e-06
Muller_E	4128234	0.0203271	0.979671	2.15776e-06
Muller_E	4130334	0.0203182	0.979679	3.05536e-06
Muller_E	4132221	0.0203101	0.979686	3.83209e-06
Muller_E	4134741	0.0202992	0.979696	4.82535e-06
Muller_E	4134982	0.0202982	0.979697	4.9177e-06
Muller_E	4136547	0.0202914	0.979703	5.50621e-06
Muller_E	4140224	0.0202755	0.979718	6.81251e-06
Muller_E	4140902	0.0202725	0.97972	7.04167e-06
Muller_E	4141485	0.02027	0.979723	7.23581e-06
Muller_E	4143836	0.0202597	0.979732	7.99133e-06
Muller_E	4144350	0.0202574	0.979734	8.15068e-06
Muller_E	4144848	0.0202553	0.979736	8.30306e-06
Muller_E	4150850	0.0202288	0.979761	9.98495e-06
Muller_E	4151927	0.00322424	0.996757	1.92336e-05
Muller_E	4154621	0.0203396	0.97965	1.01947e-05
Muller_E	4159745	0.0205593	0.979431	9.91846e-06
Muller_E	4159958	0.0205684	0.979422	9.90248e-06
Muller_E	4160923	0.0206097	0.97938	9.82555e-06
Muller_E	4161787	0.0206468	0.979343	9.75041e-06
Muller_E	4162162	0.0206628	0.979327	9.71596e-06
Muller_E	4163984	0.0207409	0.97925	9.53273e-06
Muller_E	4164218	0.0207509	0.97924	9.50729e-06
Muller_E	4164859	0.0207783	0.979212	9.43539e-06
Muller_E	4165033	0.0207858	0.979205	9.41531e-06
Muller_E	4165157	0.0207911	0.9792	9.40085e-06
Muller_E	4165383	0.0208008	0.97919	9.37419e-06
Muller_E	4165808	0.0208189	0.979172	9.32296e-06
Muller_E	4165958	0.0208254	0.979165	9.30454e-06
Muller_E	4166062	0.0208298	0.979161	9.29166e-06
Muller_E	4166243	0.0208376	0.979153	9.26904e-06
Muller_E	4166628	0.020854	0.979137	9.22007e-06
Muller_E	4168755	0.0209451	0.979046	8.92838e-06
Muller_E	4172546	0.0211072	0.978884	8.3197e-06
Muller_E	4172827	0.0211192	0.978873	8.27006e-06
Muller_E	4173860	0.0211634	0.978829	8.08218e-06
Muller_E	4176100	0.0212591	0.978733	7.64577e-06
Muller_E	4176326	0.0212688	0.978724	7.59954e-06
Muller_E	4176826	0.0212901	0.978702	7.49581e-06
Muller_E	4177022	0.0212985	0.978694	7.45461e-06
Muller_E	4178339	0.0213548	0.978638	7.16988e-06
Muller_E	4178608	0.0213662	0.978627	7.11004e-06
Muller_E	4179326	0.0213969	0.978596	6.94751e-06
Muller_E	4180712	0.0214561	0.978537	6.62222e-06
Muller_E	4180966	0.0214669	0.978527	6.56096e-06
Muller_E	4184926	0.0216359	0.978359	5.5399e-06
Muller_E	4185178	0.0216467	0.978348	5.47073e-06
Muller_E	4185319	0.0216527	0.978342	5.43181e-06
Muller_E	4185532	0.0216618	0.978333	5.37271e-06
Muller_E	4187632	0.0217513	0.978244	4.77086e-06
Muller_E	4188227	0.0217767	0.978219	4.59399e-06
Muller_E	4188670	0.0217956	0.9782	4.46049e-06
Muller_E	4192621	0.021964	0.978033	3.20121e-06
Muller_E	4193546	0.0040259	0.995969	5.35481e-06
Muller_E	4194407	0.0222165	0.977781	2.31661e-06
Muller_E	4195783	0.0225572	0.977441	1.39061e-06
Muller_E	4196010	0.0226134	0.977385	1.23644e-06
Muller_E	4197440	0.146135	0.853865	2.99476e-08
Muller_E	4198223	0.0416811	0.958319	2.82341e-08
Muller_E	4199021	0.0230028	0.976997	2.16681e-07
Muller_E	4199203	0.0230053	0.976995	2.22146e-07
Muller_E	4199424	0.0230082	0.976992	2.2843e-07
Muller_E	4199639	0.0230111	0.976989	2.34173e-07
Muller_E	4199983	0.0230158	0.976984	2.426e-07
Muller_E	4203293	0.0230603	0.976939	2.7584e-07
Muller_E	4205814	0.0230942	0.976906	2.4301e-07
Muller_E	4206134	0.0427348	0.957265	2.58043e-08
Muller_E	4207588	0.023099	0.9769	4.83171e-07
Muller_E	4210680	0.0231001	0.976899	9.54801e-07
Muller_E	4210928	0.0231002	0.976899	9.89354e-07
Muller_E	4211312	0.0231003	0.976899	1.04189e-06
Muller_E	4211755	0.0231004	0.976898	1.10106e-06
Muller_E	4213444	0.023101	0.976898	1.31239e-06
Muller_E	4216650	0.0231019	0.976896	1.65146e-06
Muller_E	4217058	0.023102	0.976896	1.68878e-06
Muller_E	4217453	0.0231021	0.976896	1.72365e-06
Muller_E	4217565	0.0231022	0.976896	1.73332e-06
Muller_E	4217669	0.0379255	0.962074	5.71465e-07
Muller_E	4217825	0.0231006	0.976898	1.80306e-06
Muller_E	4218923	0.0230898	0.976908	2.226e-06
Muller_E	4225215	0.0230273	0.976968	4.4658e-06
Muller_E	4232774	0.0229519	0.977041	6.74275e-06
Muller_E	4235298	0.0229266	0.977066	7.40243e-06
Muller_E	4245993	0.0228189	0.977171	9.63874e-06
Muller_E	4252835	0.0227496	0.97724	1.0595e-05
Muller_E	4253725	0.0227405	0.977249	1.06921e-05
Muller_E	4256197	0.0227154	0.977274	1.09292e-05
Muller_E	4261234	0.022664	0.977325	1.12626e-05
Muller_E	4262892	0.022647	0.977342	1.13284e-05
Muller_E	4263238	0.0226435	0.977345	1.13394e-05
Muller_E	4263588	0.0226399	0.977349	1.13495e-05
Muller_E	4264621	0.0226293	0.977359	1.13739e-05
Muller_E	4266950	0.0226054	0.977383	1.13978e-05
Muller_E	4267529	0.0225994	0.977389	1.13971e-05
Muller_E	4276223	0.0225098	0.977479	1.10674e-05
Muller_E	4311688	0.040517	0.959483	4.66254e-07
Muller_E	4311965	0.0579154	0.942084	8.45088e-07
Muller_E	4312254	0.0221074	0.977889	3.89447e-06
Muller_E	4312510	0.0220868	0.977909	4.16791e-06
Muller_E	4334492	0.0203185	0.979656	2.57315e-05
Muller_E	4352032	0.0189048	0.981055	4.02171e-05
Muller_E	4353438	0.0187914	0.981167	4.12735e-05
Muller_E	4356857	0.0185155	0.981441	4.37776e-05
Muller_E	4360054	0.0182574	0.981697	4.60358e-05
Muller_E	4374783	0.0170676	0.982877	5.53994e-05
Muller_E	4374946	0.0170544	0.98289	5.54935e-05
Muller_E	4381350	0.0165365	0.983404	5.90228e-05
Muller_E	4558836	0.00205553	0.997917	2.70666e-05
Muller_E	4562012	0.00179412	0.998182	2.41956e-05
Muller_E	4564083	0.00162361	0.998354	2.22796e-05
Muller_E	4564194	0.00161447	0.998363	2.2176e-05
Muller_E	4568491	0.00126059	0.998721	1.80862e-05
Muller_E	4569115	0.00120918	0.998773	1.74799e-05
Muller_E	4569749	0.00115695	0.998826	1.68606e-05
Muller_E	4570340	0.00110826	0.998875	1.62804e-05
Muller_E	4571890	0.000980553	0.999005	1.47454e-05
Muller_E	4572624	0.000162763	0.999812	2.55656e-05
Muller_E	4573491	0.00090765	0.99908	1.23646e-05
Muller_E	4573809	0.00168523	0.998313	1.5568e-06
Muller_E	4577361	0.000806805	0.999182	1.146e-05
Muller_E	4577462	0.000804066	0.999184	1.145e-05
Muller_E	4578308	0.000781116	0.999208	1.1363e-05
Muller_E	4580664	0.000717175	0.999272	1.10904e-05
Muller_E	4580954	0.000709301	0.99928	1.10538e-05
Muller_E	4581769	0.00068717	0.999302	1.09471e-05
Muller_E	4581909	0.000683368	0.999306	1.09282e-05
Muller_E	4583019	0.000653216	0.999336	1.07731e-05
Muller_E	4583393	0.000643054	0.999346	1.07185e-05
Muller_E	4583516	0.000639712	0.99935	1.07003e-05
Muller_E	4584473	0.000613704	0.999376	1.05547e-05
Muller_E	4589180	0.000485678	0.999505	9.73056e-06
Muller_E	4590247	8.10974e-05	0.999902	1.73541e-05
Muller_E	4591539	0.000450857	0.99954	8.8379e-06
Muller_E	4593253	6.91733e-05	0.999916	1.45981e-05
Muller_E	4593508	0.000443585	0.999549	7.63894e-06
Muller_E	4593974	0.000444333	0.999549	7.13541e-06
Muller_E	4595111	0.00044615	0.999548	5.89947e-06
Muller_E	4595303	0.000446456	0.999548	5.68973e-06
Muller_E	4597548	0.000840069	0.99916	4.2583e-07
Muller_E	4597833	0.000449955	0.999547	3.19736e-06
Muller_E	4600306	0.000449455	0.999548	3.01526e-06
Muller_E	4607273	0.000447779	0.99955	2.23607e-06
Muller_E	4607398	0.000447746	0.99955	2.2185e-06
Muller_E	4610441	0.000446887	0.999551	1.7518e-06
Muller_E	4611041	0.000446709	0.999552	1.65093e-06
Muller_E	4611562	0.000821349	0.999178	2.49664e-07
Muller_E	4611697	0.000446267	0.999552	1.58241e-06
Muller_E	4612447	0.000444677	0.999554	1.69877e-06
Muller_E	4612733	0.000444069	0.999554	1.74195e-06
Muller_E	4612927	0.000443657	0.999555	1.77085e-06
Muller_E	4613148	0.000443187	0.999555	1.80342e-06
Muller_E	4614502	0.000440297	0.999558	1.99427e-06
Muller_E	4615888	0.000437324	0.999561	2.17427e-06
Muller_E	4616173	0.000436711	0.999561	2.20936e-06
Muller_E	4616508	0.000435989	0.999562	2.24976e-06
Muller_E	4616663	6.7548e-05	0.999928	4.18627e-06
Muller_E	4618190	0.000441214	0.999557	2.24985e-06
Muller_E	4619781	0.000446986	0.999551	2.21072e-06
Muller_E	4622166	0.0004556	0.999542	2.11367e-06
Muller_E	4626314	0.000470472	0.999528	1.83521e-06
Muller_E	4626864	0.000472434	0.999526	1.78784e-06
Muller_E	4627368	0.000474229	0.999524	1.74227e-06
Muller_E	4627488	0.000474656	0.999524	1.73112e-06
Muller_E	4633961	0.000497525	0.999502	9.5683e-07
Muller_E	4635834	0.00132104	0.998679	1.75356e-07
Muller_E	4636452	0.000504194	0.999495	6.7564e-07
Muller_E	4637295	0.000504345	0.999495	6.78999e-07
Muller_E	4640891	0.000504928	0.999494	6.28726e-07
Muller_E	4645727	0.000505546	0.999494	3.96081e-07
Muller_E	4646376	0.0015714	0.998429	4.68331e-08
Muller_E	4646798	0.000504003	0.999496	3.95049e-07
Muller_E	4653320	0.000478917	0.99952	9.00996e-07
Muller_E	4656520	0.000466482	0.999532	1.02333e-06
Muller_E	4672665	0.000756946	0.999243	4.46442e-08
Muller_E	4674140	0.000390556	0.999609	5.07027e-07
Muller_E	4675745	0.000377557	0.999622	6.29143e-07
Muller_E	4676485	0.000371557	0.999628	6.78423e-07
Muller_E	4677110	0.000366486	0.999633	7.16591e-07
Muller_E	4677655	0.000362061	0.999637	7.47293e-07
Muller_E	4678986	0.000351245	0.999648	8.12166e-07
Muller_E	4680223	0.00034118	0.999658	8.596e-07
Muller_E	4682403	0.000323413	0.999676	9.13042e-07
Muller_E	4682621	0.000321634	0.999677	9.1627e-07
Muller_E	4684270	0.000308165	0.999691	9.28228e-07
Muller_E	4685491	0.000298178	0.999701	9.22896e-07
Muller_E	4686019	0.000293856	0.999705	9.16853e-07
Muller_E	4687101	0.000284991	0.999714	8.97417e-07
Muller_E	4689628	0.000264251	0.999735	8.15105e-07
Muller_E	4690052	0.000260766	0.999738	7.9623e-07
Muller_E	4690344	0.000258365	0.999741	7.82384e-07
Muller_E	4690905	0.000479241	0.999521	8.3616e-08
Muller_E	4691125	0.000250294	0.999749	8.20375e-07
Muller_E	4691712	0.000241069	0.999758	9.95971e-07
Muller_E	4691999	4.92945e-05	0.999949	1.9368e-06
Muller_E	4692111	0.000236223	0.999763	1.09721e-06
Muller_E	4693234	0.000232851	0.999766	1.256e-06
Muller_E	4693620	0.00023169	0.999767	1.30822e-06
Muller_E	4693753	0.00023129	0.999767	1.32594e-06
Muller_E	4694021	0.000230483	0.999768	1.3612e-06
Muller_E	4694592	0.000378163	0.999621	4.97179e-07
Muller_E	4696429	0.000219043	0.999779	2.25503e-06
Muller_E	4696792	0.000217119	0.99978	2.41396e-06
Muller_E	4699402	0.000203256	0.999793	3.52529e-06
Muller_E	4700957	0.00019497	0.999801	4.16119e-06
Muller_E	4702606	3.95706e-05	0.999952	8.60637e-06
Muller_E	4708142	0.000183164	0.999811	5.59059e-06
Muller_E	4712097	0.000180869	0.999813	5.99333e-06
Muller_E	4713898	0.000179783	0.999814	6.13476e-06
Muller_E	4714194	0.000179602	0.999814	6.15549e-06
Muller_E	4717094	0.00017779	0.999816	6.32107e-06
Muller_E	4717794	0.000177342	0.999816	6.35084e-06
Muller_E	4720564	0.000175532	0.999818	6.42972e-06
Muller_E	4722390	0.000174305	0.999819	6.44774e-06
Muller_E	4727534	0.000170703	0.999823	6.35336e-06
Muller_E	4730688	0.000168388	0.999825	6.18953e-06
Muller_E	4731377	0.000167872	0.999826	6.14302e-06
Muller_E	4732944	0.000166683	0.999827	6.02293e-06
Muller_E	4738342	0.000162436	0.999832	5.45704e-06
Muller_E	4739398	0.000161578	0.999833	5.31875e-06
Muller_E	4742492	0.000159011	0.999836	4.86156e-06
Muller_E	4745718	0.000156252	0.999839	4.30233e-06
Muller_E	4746457	0.000155608	0.99984	4.16236e-06
Muller_E	4748015	0.000154236	0.999842	3.85278e-06
Muller_E	4748352	0.000153936	0.999842	3.78323e-06
Muller_E	4748630	0.000153689	0.999843	3.72517e-06
Muller_E	4751071	0.000275169	0.999724	5.84479e-07
Muller_E	4751685	0.000150119	0.999847	3.3122e-06
Muller_E	4751817	0.000149824	0.999847	3.3384e-06
Muller_E	4752607	2.66041e-05	0.999967	6.35788e-06
Muller_E	4752773	0.000148208	0.999848	3.49764e-06
Muller_E	4753826	0.000149149	0.999847	3.52641e-06
Muller_E	4754671	0.000149898	0.999847	3.543e-06
Muller_E	4756619	0.000151602	0.999845	3.55922e-06
Muller_E	4759191	0.000153805	0.999843	3.53357e-06
