chrom	position	2,0	1,1	0,2
Muller_E	62882	0.210798	0.670294	0.118908
Muller_E	267432	0.200347	0.692057	0.107596
Muller_E	441230	0.191378	0.710752	0.0978698
Muller_E	511157	0.187744	0.718331	0.0939249
Muller_E	557879	0.185307	0.723414	0.0912785
Muller_E	581000	0.184099	0.725936	0.0899656
Muller_E	709108	0.177371	0.739977	0.0826517
Muller_E	768129	0.174252	0.746489	0.0792587
Muller_E	785241	0.173345	0.748382	0.0782722
Muller_E	787322	0.173235	0.748613	0.0781521
Muller_E	787424	0.17323	0.748624	0.0781462
Muller_E	788173	0.17319	0.748707	0.078103
Muller_E	788750	0.173159	0.748771	0.0780697
Muller_E	788860	0.173154	0.748783	0.0780634
Muller_E	791823	0.172996	0.749111	0.0778924
Muller_E	802257	0.172443	0.750267	0.0772899
Muller_E	893794	0.167569	0.760447	0.0719833
Muller_E	894300	0.167542	0.760504	0.0719539
Muller_E	896281	0.167436	0.760725	0.0718386
Muller_E	897287	0.167383	0.760837	0.0717801
Muller_E	897987	0.167345	0.760915	0.0717393
Muller_E	901015	0.167184	0.761253	0.0715631
Muller_E	901718	0.167146	0.761332	0.0715222
Muller_E	923408	0.165986	0.763756	0.0702583
Muller_E	923675	0.165972	0.763786	0.0702428
Muller_E	924320	0.165937	0.763858	0.0702052
Muller_E	927795	0.165751	0.764247	0.0700025
Muller_E	948021	0.164667	0.766511	0.0688216
Muller_E	948230	0.164656	0.766535	0.0688094
Muller_E	958531	0.164103	0.767689	0.0682072
Muller_E	967701	0.163611	0.768718	0.0676707
Muller_E	969142	0.163534	0.76888	0.0675864
Muller_E	1033237	0.160083	0.776092	0.0638249
Muller_E	1120573	0.155354	0.785979	0.0586673
Muller_E	1123171	0.155213	0.786274	0.0585133
Muller_E	1146845	0.153925	0.788966	0.0571084
Muller_E	1148492	0.153836	0.789154	0.0570106
Muller_E	1168315	0.152755	0.791413	0.0558318
Muller_E	1213395	0.150292	0.796564	0.0531437
Muller_E	1262309	0.14761	0.802175	0.050215
Muller_E	1275111	0.146906	0.803647	0.0494465
Muller_E	1275707	0.146873	0.803716	0.0494107
Muller_E	1314313	0.144746	0.808166	0.0470875
Muller_E	1318297	0.144526	0.808626	0.0468473
Muller_E	1358440	0.142307	0.813271	0.0444222
Muller_E	1358616	0.142297	0.813292	0.0444116
Muller_E	1378824	0.141177	0.815636	0.0431875
Muller_E	1480336	0.135519	0.827477	0.0370039
Muller_E	1489232	0.135021	0.828519	0.0364592
Muller_E	1645912	0.126183	0.847026	0.0267909
Muller_E	1673398	0.124619	0.850301	0.0250798
Muller_E	1718642	0.122037	0.85571	0.0222531
Muller_E	1746815	0.120423	0.85909	0.0204866
Muller_E	1763447	0.119469	0.86109	0.0194415
Muller_E	1765039	0.119377	0.861281	0.0193413
Muller_E	1765159	0.11937	0.861296	0.0193338
Muller_E	1765369	0.119358	0.861321	0.0193206
Muller_E	1771226	0.119022	0.862026	0.018952
Muller_E	1799036	0.117421	0.86538	0.0171992
Muller_E	1802542	0.117219	0.865803	0.0169779
Muller_E	1802678	0.117211	0.86582	0.0169693
Muller_E	1803039	0.11719	0.865863	0.0169465
Muller_E	1803347	0.117173	0.8659	0.016927
Muller_E	1805518	0.117047	0.866163	0.0167899
Muller_E	1812938	0.116619	0.86706	0.0163211
Muller_E	1813040	0.116613	0.867072	0.0163147
Muller_E	1815234	0.116487	0.867337	0.016176
Muller_E	1815907	0.116448	0.867419	0.0161335
Muller_E	1816383	0.11642	0.867476	0.0161034
Muller_E	1831501	0.115547	0.869306	0.0151468
Muller_E	1850978	0.11442	0.871668	0.0139122
Muller_E	1851905	0.114366	0.87178	0.0138534
Muller_E	1852166	0.114351	0.871812	0.0138368
Muller_E	1857635	0.114034	0.872476	0.0134897
Muller_E	1861157	0.11383	0.872904	0.013266
Muller_E	1861336	0.11382	0.872926	0.0132547
Muller_E	1861880	0.113788	0.872992	0.0132201
Muller_E	1866595	0.113515	0.873565	0.0129206
Muller_E	1870209	0.113305	0.874004	0.0126909
Muller_E	1871973	0.113203	0.874219	0.0125787
Muller_E	1880064	0.112733	0.875203	0.012064
Muller_E	1889333	0.112194	0.876332	0.0114739
Muller_E	1891195	0.112086	0.876559	0.0113553
Muller_E	1894320	0.111904	0.87694	0.0111562
Muller_E	1900363	0.111553	0.877676	0.010771
Muller_E	1904375	0.192793	0.806113	0.00109358
Muller_E	1915469	0.110007	0.879502	0.0104907
Muller_E	1927060	0.108636	0.880899	0.0104643
Muller_E	1932459	0.107997	0.881551	0.0104517
Muller_E	1944351	0.10659	0.882987	0.0104234
Muller_E	1946702	0.106311	0.883271	0.0104177
Muller_E	1961660	0.104539	0.88508	0.0103806
Muller_E	1975567	0.10289	0.886765	0.0103448
Muller_E	2011856	0.098583	0.891171	0.0102456
Muller_E	2013122	0.0984326	0.891325	0.0102419
Muller_E	2044597	0.0946903	0.895161	0.0101487
Muller_E	2048236	0.0942572	0.895605	0.0101375
Muller_E	2048434	0.0942337	0.895629	0.0101369
Muller_E	2086567	0.0896912	0.900294	0.0100144
Muller_E	2103366	0.0876873	0.902355	0.00995743
Muller_E	2117584	0.08599	0.904102	0.00990774
Muller_E	2126123	0.0849701	0.905153	0.00987725
Muller_E	2135792	0.0838146	0.906343	0.00984215
Muller_E	2140907	0.0832032	0.906973	0.00982333
Muller_E	2141169	0.0831719	0.907006	0.00982236
Muller_E	2142715	0.082987	0.907196	0.00981664
Muller_E	2145389	0.0826673	0.907526	0.0098067
Muller_E	2146953	0.0824802	0.907719	0.00980086
Muller_E	2147057	0.0824678	0.907732	0.00980047
Muller_E	2201852	0.0759053	0.914509	0.00958565
Muller_E	2204792	0.0755526	0.914874	0.00957355
Muller_E	2219543	0.0737826	0.916705	0.00951198
Muller_E	2220290	0.010932	0.97035	0.0187179
Muller_E	2241628	0.0736663	0.917113	0.00922113
Muller_E	2243471	0.0736639	0.91714	0.00919613
Muller_E	2531559	0.07301	0.921997	0.00499321
Muller_E	2693610	0.0724024	0.925228	0.00236939
Muller_E	2696554	0.0723898	0.92529	0.00231998
Muller_E	2706179	0.072348	0.925494	0.00215801
Muller_E	2713009	0.0723181	0.925639	0.00204266
Muller_E	2716202	0.0723039	0.925707	0.00198863
Muller_E	2721440	0.0722806	0.92582	0.00189982
Muller_E	2735475	0.0722172	0.926122	0.0016609
Muller_E	2763120	0.0720886	0.926725	0.00118613
Muller_E	2777976	0.0720173	0.927054	0.00092872
Muller_E	2779619	0.0720094	0.92709	0.000900153
Muller_E	2787347	0.0719716	0.927263	0.000765527
Muller_E	2788916	0.0719639	0.927298	0.000738141
Muller_E	2795398	0.0719319	0.927443	0.000624814
Muller_E	2798296	0.0719175	0.927508	0.000574049
Muller_E	2799305	0.0719125	0.927531	0.00055636
Muller_E	2800245	0.0719078	0.927552	0.000539874
Muller_E	2800507	0.0719065	0.927558	0.000535278
Muller_E	2800780	0.0719051	0.927564	0.000530488
Muller_E	2800932	0.0719044	0.927568	0.000527821
Muller_E	2801158	0.0719032	0.927573	0.000523855
Muller_E	2805736	0.0718803	0.927676	0.000443443
Muller_E	2807233	0.0718727	0.92771	0.000417115
Muller_E	2807795	0.0718699	0.927723	0.000407227
Muller_E	2808363	0.071867	0.927736	0.000397231
Muller_E	2809031	0.0718637	0.927751	0.000385472
Muller_E	2809272	0.0718624	0.927756	0.000381229
Muller_E	2809909	0.0718592	0.927771	0.000370012
Muller_E	2811470	0.0718513	0.927806	0.000342511
Muller_E	2811776	0.0718498	0.927813	0.000337118
Muller_E	2812117	0.071848	0.927821	0.000331107
Muller_E	2815676	0.127574	0.872398	2.79883e-05
Muller_E	2816259	0.0718132	0.927919	0.000267477
Muller_E	2817070	0.0717898	0.927944	0.000266293
Muller_E	2817616	0.0717741	0.92796	0.000265494
Muller_E	2819402	0.0717227	0.928014	0.000262863
Muller_E	2820166	0.0717007	0.928038	0.000261731
Muller_E	2820386	0.0716944	0.928044	0.000261404
Muller_E	2820775	0.0716832	0.928056	0.000260825
Muller_E	2821135	0.0716728	0.928067	0.000260288
Muller_E	2821440	0.071664	0.928076	0.000259832
Muller_E	2826939	0.0715055	0.928243	0.000251499
Muller_E	2831172	0.0713834	0.928372	0.00024493
Muller_E	2831515	0.0713735	0.928382	0.000244392
Muller_E	2832336	0.0713497	0.928407	0.0002431
Muller_E	2833070	0.0713285	0.92843	0.000241941
Muller_E	2850717	0.0708177	0.928969	0.00021286
Muller_E	2853215	0.0707452	0.929046	0.000208555
Muller_E	2856496	0.0706499	0.929147	0.00020283
Muller_E	2856945	0.0706369	0.929161	0.00020204
Muller_E	2857481	0.0706213	0.929178	0.000201096
Muller_E	2858163	0.0706015	0.929199	0.00019989
Muller_E	2859754	0.0705553	0.929248	0.000197065
Muller_E	2859987	0.0705485	0.929255	0.00019665
Muller_E	2862604	0.0704724	0.929336	0.000191957
Muller_E	2866488	0.0703593	0.929456	0.000184897
Muller_E	2867267	0.0703367	0.92948	0.000183468
Muller_E	2868557	0.0702991	0.92952	0.00018109
Muller_E	2870085	0.0702546	0.929567	0.000178258
Muller_E	2870623	0.0702389	0.929584	0.000177257
Muller_E	2876155	0.0700775	0.929756	0.000166835
Muller_E	2877151	0.0700485	0.929787	0.000164935
Muller_E	2886067	0.0697879	0.930064	0.000147588
Muller_E	2886534	0.0697743	0.930079	0.000146663
Muller_E	2887599	0.0697431	0.930112	0.000144547
Muller_E	2887882	0.0697348	0.930121	0.000143984
Muller_E	2888492	0.069717	0.93014	0.000142767
Muller_E	2888607	0.0697136	0.930144	0.000142537
Muller_E	2890000	0.0696728	0.930187	0.000139746
Muller_E	2890387	0.19174	0.808245	1.44692e-05
Muller_E	2890907	0.0696026	0.930258	0.00013984
Muller_E	2894764	0.0691656	0.930688	0.00014624
Muller_E	2899098	0.0686744	0.931172	0.000153302
Muller_E	2901481	0.0684043	0.931439	0.000157126
Muller_E	2901643	0.068386	0.931457	0.000157385
Muller_E	2902627	0.0682744	0.931567	0.000158951
Muller_E	2903432	0.0681832	0.931657	0.000160226
Muller_E	2904998	0.0680056	0.931832	0.000162695
Muller_E	2905994	0.0678927	0.931943	0.000164255
Muller_E	2907134	0.0677634	0.932071	0.000166033
Muller_E	2908511	0.0676073	0.932225	0.000168167
Muller_E	2909452	0.0675006	0.93233	0.000169617
Muller_E	2910160	0.0674203	0.932409	0.000170704
Muller_E	2911022	0.0673225	0.932505	0.000172023
Muller_E	2911252	0.0672964	0.932531	0.000172374
Muller_E	2911992	0.0672125	0.932614	0.0001735
Muller_E	2914672	0.0669085	0.932914	0.000177546
Muller_E	2915489	0.0668158	0.933005	0.000178769
Muller_E	2918585	0.0664645	0.933352	0.000183358
Muller_E	2919015	0.0664157	0.9334	0.00018399
Muller_E	2919728	0.0663348	0.93348	0.000185035
Muller_E	2919971	0.0663072	0.933507	0.00018539
Muller_E	2921506	0.066133	0.933679	0.000187624
Muller_E	2922564	0.066013	0.933798	0.000189154
Muller_E	2922707	0.0659967	0.933814	0.00018936
Muller_E	2924226	0.0658243	0.933984	0.00019154
Muller_E	2925108	0.0657242	0.934083	0.000192798
Muller_E	2925552	0.0656738	0.934133	0.000193429
Muller_E	2928855	0.0652988	0.934503	0.000198079
Muller_E	2930674	0.0650923	0.934707	0.000200606
Muller_E	2931258	0.065026	0.934773	0.000201412
Muller_E	2931592	0.064988	0.93481	0.000201872
Muller_E	2931798	0.0649646	0.934833	0.000202155
Muller_E	2932326	0.0649047	0.934892	0.00020288
Muller_E	2945623	0.063394	0.936386	0.00022045
Muller_E	2945753	0.0633792	0.9364	0.000220615
Muller_E	2945878	0.063365	0.936414	0.000220774
Muller_E	2946001	0.063351	0.936428	0.000220931
Muller_E	2955783	0.0622389	0.937528	0.000232998
Muller_E	2957997	0.0619871	0.937777	0.000235631
Muller_E	2959282	0.061841	0.937922	0.000237143
Muller_E	2959697	0.0617937	0.937969	0.000237628
Muller_E	2959819	0.0617799	0.937982	0.000237771
Muller_E	2960759	0.0616729	0.938088	0.000238865
Muller_E	2961667	0.0615696	0.93819	0.000239916
Muller_E	2961801	0.0615544	0.938206	0.000240071
Muller_E	2963254	0.0613891	0.938369	0.000241739
Muller_E	2963568	0.0613534	0.938405	0.000242097
Muller_E	2975263	0.0600222	0.939723	0.000254925
Muller_E	2976725	0.0598558	0.939888	0.000256457
Muller_E	2977784	0.0597352	0.940007	0.000257557
Muller_E	2982473	0.0592011	0.940537	0.000262328
Muller_E	2984283	0.058995	0.940741	0.000264126
Muller_E	2985483	0.0588582	0.940876	0.000265305
Muller_E	2985658	0.0588383	0.940896	0.000265476
Muller_E	2985908	0.0588098	0.940924	0.00026572
Muller_E	2987685	0.0586074	0.941125	0.00026744
Muller_E	2992894	0.0580137	0.941714	0.000272348
Muller_E	2993313	0.057966	0.941761	0.000272734
Muller_E	2993798	0.0579107	0.941816	0.000273179
Muller_E	2994137	0.057872	0.941854	0.000273489
Muller_E	2994487	0.0578321	0.941894	0.000273809
Muller_E	2994615	0.0578175	0.941909	0.000273925
Muller_E	2995123	0.0577596	0.941966	0.000274386
Muller_E	2995701	0.0576937	0.942031	0.000274909
Muller_E	2996048	0.0576542	0.942071	0.000275222
Muller_E	2996738	0.0575755	0.942149	0.00027584
Muller_E	2996880	0.0575593	0.942165	0.000275967
Muller_E	2997113	0.0575328	0.942191	0.000276175
Muller_E	2999116	0.0573044	0.942418	0.000277946
Muller_E	2999459	0.0572653	0.942456	0.000278246
Muller_E	3001420	0.0570417	0.942678	0.000279946
Muller_E	3001578	0.0570236	0.942696	0.000280081
Muller_E	3001696	0.0570102	0.94271	0.000280183
Muller_E	3002579	0.0569095	0.94281	0.000280937
Muller_E	3003095	0.0568506	0.942868	0.000281375
Muller_E	3003540	0.0567999	0.942918	0.000281751
Muller_E	3004120	0.0567337	0.942984	0.000282239
Muller_E	3005221	0.0566081	0.943109	0.000283159
Muller_E	3007967	0.0562949	0.94342	0.000285413
Muller_E	3012773	0.0557465	0.943964	0.000289223
Muller_E	3013331	0.0556828	0.944028	0.000289654
Muller_E	3013618	0.0556501	0.94406	0.000289875
Muller_E	3014080	0.0555973	0.944112	0.000290229
Muller_E	3014783	0.0555171	0.944192	0.000290765
Muller_E	3016296	0.0553444	0.944364	0.000291906
Muller_E	3017214	0.0552396	0.944468	0.00029259
Muller_E	3018320	0.0551134	0.944593	0.000293406
Muller_E	3018982	0.0550378	0.944668	0.00029389
Muller_E	3019303	0.0550011	0.944705	0.000294124
Muller_E	3019831	0.0549409	0.944765	0.000294506
Muller_E	3021834	0.0547122	0.944992	0.000295938
Muller_E	3021944	0.0546996	0.945004	0.000296015
Muller_E	3023127	0.0545645	0.945139	0.000296846
Muller_E	3024474	0.0544107	0.945292	0.000297779
Muller_E	3024813	0.054372	0.94533	0.000298011
Muller_E	3029421	0.0538456	0.945853	0.000301088
Muller_E	3029834	0.0537985	0.9459	0.000301356
Muller_E	3030101	0.053768	0.945931	0.000301529
Muller_E	3033200	0.0534139	0.946283	0.000303493
Muller_E	3033901	0.0533338	0.946362	0.000303928
Muller_E	3034073	0.0533141	0.946382	0.000304034
Muller_E	3036032	0.0530903	0.946605	0.000305226
Muller_E	3038305	0.0528305	0.946863	0.000306572
Muller_E	3041816	0.00877274	0.990633	0.000593778
Muller_E	3044683	0.0524069	0.947287	0.000306276
Muller_E	3046757	0.0523908	0.947305	0.000304573
Muller_E	3046887	0.0523898	0.947306	0.000304465
Muller_E	3047900	0.0523819	0.947314	0.00030362
Muller_E	3048135	0.0523801	0.947316	0.000303423
Muller_E	3050664	0.0523604	0.947338	0.000301275
Muller_E	3051698	0.0523523	0.947347	0.000300383
Muller_E	3051968	0.0523502	0.94735	0.000300148
Muller_E	3052635	0.052345	0.947355	0.000299567
Muller_E	3053197	0.0523406	0.94736	0.000299074
Muller_E	3056428	0.0523153	0.947389	0.000296196
Muller_E	3056712	0.052313	0.947391	0.00029594
Muller_E	3058398	0.0522998	0.947406	0.000294403
Muller_E	3059687	0.0522897	0.947417	0.000293213
Muller_E	3061511	0.0522753	0.947433	0.000291507
Muller_E	3062406	0.0522683	0.947441	0.000290661
Muller_E	3062537	0.0522672	0.947442	0.000290537
Muller_E	3100018	0.0519665	0.947784	0.000249573
Muller_E	3100718	0.0519608	0.947791	0.000248706
Muller_E	3112367	0.0518652	0.947901	0.000233725
Muller_E	3112987	0.0518601	0.947907	0.000232899
Muller_E	3113420	0.0518565	0.947911	0.00023232
Muller_E	3116107	0.0518343	0.947937	0.000228695
Muller_E	3119432	0.0518067	0.947969	0.000224134
Muller_E	3119714	0.0518044	0.947972	0.000223743
Muller_E	3120862	0.0517948	0.947983	0.000222146
Muller_E	3122265	0.0517832	0.947997	0.000220181
Muller_E	3123364	0.051774	0.948007	0.000218631
Muller_E	3124138	0.0517676	0.948015	0.000217534
Muller_E	3127464	0.0517398	0.948047	0.000212767
Muller_E	3128767	0.0517289	0.94806	0.000210876
Muller_E	3128895	0.0517279	0.948061	0.00021069
Muller_E	3129611	0.0517219	0.948068	0.000209645
Muller_E	3129743	0.0517208	0.94807	0.000209452
Muller_E	3130171	0.0517172	0.948074	0.000208825
Muller_E	3131529	0.0517058	0.948087	0.000206826
Muller_E	3137674	0.0516541	0.948148	0.000197605
Muller_E	3139976	0.0516347	0.948171	0.000194076
Muller_E	3143168	0.0516077	0.948203	0.000189116
Muller_E	3169152	0.0513851	0.948469	0.000145841
Muller_E	3170575	0.0513728	0.948484	0.000143322
Muller_E	3173857	0.0513443	0.948518	0.000137453
Muller_E	3192801	0.0924792	0.90751	1.08209e-05
Muller_E	3194086	0.0511389	0.948757	0.000103784
Muller_E	3194230	0.0511345	0.948762	0.000103987
Muller_E	3207603	0.0507236	0.949154	0.00012217
Muller_E	3207708	0.0507204	0.949157	0.000122308
Muller_E	3208070	0.0507092	0.949168	0.000122781
Muller_E	3208369	0.0507	0.949177	0.000123171
Muller_E	3208507	0.0506958	0.949181	0.00012335
Muller_E	3208706	0.0506897	0.949187	0.000123609
Muller_E	3210124	0.050646	0.949229	0.000125445
Muller_E	3211254	0.0506112	0.949262	0.000126898
Muller_E	3212088	0.0505855	0.949287	0.000127963
Muller_E	3216063	0.050463	0.949404	0.000132969
Muller_E	3216461	0.0504507	0.949416	0.000133464
Muller_E	3217109	0.0504308	0.949435	0.000134266
Muller_E	3217441	0.0504205	0.949445	0.000134676
Muller_E	3217706	0.0504124	0.949453	0.000135003
Muller_E	3217825	0.0504087	0.949456	0.00013515
Muller_E	3218354	0.0503924	0.949472	0.0001358
Muller_E	3219292	0.0503634	0.9495	0.000136947
Muller_E	3219763	0.0503489	0.949514	0.000137521
Muller_E	3221459	0.0502965	0.949564	0.000139572
Muller_E	3222112	0.0502764	0.949583	0.000140356
Muller_E	3223012	0.0502486	0.94961	0.000141431
Muller_E	3223549	0.050232	0.949626	0.00014207
Muller_E	3224815	0.0501929	0.949664	0.000143566
Muller_E	3226800	0.0501315	0.949723	0.000145889
Muller_E	3229718	0.0500413	0.949809	0.000149248
Muller_E	3240322	0.0497129	0.950126	0.000160907
Muller_E	3240918	0.0496944	0.950144	0.000161537
Muller_E	3241273	0.0496834	0.950155	0.000161911
Muller_E	3247835	0.0494797	0.950352	0.000168649
Muller_E	3251442	0.0493676	0.95046	0.000172212
Muller_E	3252203	0.049344	0.950483	0.000172952
Muller_E	3254014	0.0492876	0.950538	0.000174693
Muller_E	3254518	0.049272	0.950553	0.000175173
Muller_E	3255141	0.0492526	0.950572	0.000175764
Muller_E	3255365	0.0492456	0.950578	0.000175975
Muller_E	3259142	0.049128	0.950692	0.000179487
Muller_E	3259935	0.0491033	0.950716	0.000180211
Muller_E	3262497	0.0490235	0.950794	0.000182515
Muller_E	3263708	0.0489857	0.950831	0.000183587
Muller_E	3264644	0.0489566	0.950859	0.000184408
Muller_E	3266132	0.0489101	0.950904	0.000185699
Muller_E	3266579	0.0488962	0.950918	0.000186083
Muller_E	3266806	0.0488891	0.950925	0.000186278
Muller_E	3269029	0.0488197	0.950992	0.000188164
Muller_E	3271700	0.0487363	0.951073	0.000190379
Muller_E	3271881	0.0487307	0.951079	0.000190528
Muller_E	3273894	0.0486678	0.95114	0.000192159
Muller_E	3275081	0.0486307	0.951176	0.000193106
Muller_E	3275989	0.0486023	0.951204	0.000193823
Muller_E	3278049	0.0485379	0.951267	0.000195427
Muller_E	3280894	0.0484488	0.951354	0.000197589
Muller_E	3282107	0.0484109	0.951391	0.000198492
Muller_E	3282973	0.0483837	0.951417	0.00019913
Muller_E	3284532	0.0483349	0.951465	0.000200264
Muller_E	3291321	0.0481221	0.951673	0.000204984
Muller_E	3291878	0.0481046	0.95169	0.000205355
Muller_E	3293351	0.0480583	0.951735	0.000206326
Muller_E	3293759	0.0480455	0.951748	0.000206593
Muller_E	3304917	0.0476948	0.952092	0.000213375
Muller_E	3306663	0.0476398	0.952146	0.000214351
Muller_E	3306880	0.047633	0.952153	0.00021447
Muller_E	3310127	0.0475307	0.952253	0.000216216
Muller_E	3312301	0.0474621	0.952321	0.00021734
Muller_E	3312718	0.047449	0.952333	0.000217551
Muller_E	3318766	0.0472581	0.952521	0.000220468
Muller_E	3323588	0.0471058	0.952672	0.000222592
Muller_E	3324201	0.0470864	0.952691	0.00022285
Muller_E	3324656	0.047072	0.952705	0.000223039
Muller_E	3325091	0.0470582	0.952719	0.000223218
Muller_E	3326084	0.0470268	0.95275	0.000223622
Muller_E	3326190	0.0470235	0.952753	0.000223665
Muller_E	3330218	0.046896	0.952879	0.000225223
Muller_E	3334866	0.0467488	0.953024	0.000226866
Muller_E	3337545	0.0466638	0.953108	0.000227737
Muller_E	3340268	0.0465774	0.953194	0.000228567
Muller_E	3340480	0.0465707	0.953201	0.000228629
Muller_E	3410593	0.0443276	0.955442	0.000230265
Muller_E	3431230	0.0436605	0.956116	0.000223543
Muller_E	3437416	0.0434599	0.956319	0.000220889
Muller_E	3456916	0.0428258	0.956964	0.000210591
Muller_E	3457694	0.0428004	0.956989	0.00021012
Muller_E	3459001	0.0427578	0.957033	0.000209317
Muller_E	3462300	0.0426502	0.957143	0.000207231
Muller_E	3464519	0.0425778	0.957216	0.000205781
Muller_E	3464673	0.0425728	0.957222	0.000205679
Muller_E	3477602	0.0421501	0.957653	0.00019646
Muller_E	3525631	0.0405689	0.95928	0.000150893
Muller_E	3546828	0.0398656	0.960009	0.000125103
Muller_E	3557059	0.039525	0.960364	0.000111408
Muller_E	3566467	0.0392111	0.960691	9.80979e-05
Muller_E	3572057	0.0390242	0.960886	8.9864e-05
Muller_E	3572168	0.11662	0.883371	9.34066e-06
Muller_E	3579272	0.0381633	0.961736	0.000101009
Muller_E	3579502	0.0381355	0.961763	0.000101369
Muller_E	3582419	0.0377834	0.962111	0.000105898
Muller_E	3590131	0.0368522	0.96303	0.000117561
Muller_E	3605233	0.0350274	0.964833	0.000139095
Muller_E	3610748	0.0343606	0.965493	0.000146527
Muller_E	3611776	0.0342363	0.965616	0.000147887
Muller_E	3615071	0.0338378	0.96601	0.000152191
Muller_E	3617701	0.0613647	0.938618	1.74153e-05
Muller_E	3617818	0.0334928	0.96635	0.000157231
Muller_E	3617948	0.033463	0.966378	0.00015908
Muller_E	3623404	0.0322109	0.967552	0.000236602
Muller_E	3630035	0.0306891	0.96898	0.00033064
Muller_E	3631532	0.0303455	0.969303	0.000351843
Muller_E	3634067	0.0297636	0.969849	0.000387725
Muller_E	3642157	0.0279065	0.971591	0.000502043
Muller_E	3643438	0.0276124	0.971867	0.000520118
Muller_E	3645674	0.0270991	0.972349	0.00055165
Muller_E	3652519	0.0255275	0.973824	0.000648037
Muller_E	3655257	0.0248988	0.974415	0.000686533
Muller_E	3657953	0.0242797	0.974996	0.000724405
Muller_E	3660200	0.0237637	0.97548	0.000755945
Muller_E	3665461	0.0225554	0.976615	0.0008297
Muller_E	3670065	0.021498	0.977608	0.000894142
Muller_E	3757777	0.000207232	0.995916	0.00387671
Muller_E	3766114	0.00103657	0.996806	0.00215769
Muller_E	3770199	0.00089071	0.996925	0.00218424
Muller_E	3771242	0.000108061	0.995792	0.00409946
Muller_E	3775369	0.000837767	0.996963	0.00219879
Muller_E	3781958	0.000812449	0.996977	0.00221095
Muller_E	3788305	0.00078773	0.99699	0.00222234
Muller_E	3788531	0.000786843	0.99699	0.00222274
Muller_E	3788717	0.000786114	0.996991	0.00222307
Muller_E	3791492	0.000775195	0.996997	0.00222793
Muller_E	3791929	0.00077347	0.996998	0.00222869
Muller_E	3794089	0.000764921	0.997003	0.00223243
Muller_E	3798034	0.00074921	0.997012	0.00223916
Muller_E	3805877	0.000717602	0.99703	0.00225217
Muller_E	3808116	0.000708488	0.997036	0.00225579
Muller_E	3837593	0.000584737	0.997116	0.00229973
Muller_E	3889492	0.00034985	0.99729	0.00236011
Muller_E	3892070	0.000337616	0.9973	0.00236255
Muller_E	3892768	5.25781e-05	0.995601	0.00434665
Muller_E	3893846	0.000335273	0.997305	0.00236001
Muller_E	3895236	0.00033652	0.997308	0.00235589
Muller_E	3896701	0.000337817	0.997311	0.00235152
Muller_E	3964144	0.000378795	0.997489	0.00213194
Muller_E	3964249	0.000378831	0.99749	0.00213157
Muller_E	3964701	0.000378981	0.997491	0.00212997
Muller_E	3965335	5.30669e-05	0.995996	0.0039513
Muller_E	3965537	0.000381193	0.997493	0.00212596
Muller_E	3971184	0.000437058	0.997487	0.00207632
Muller_E	4005791	0.000773869	0.99746	0.00176655
Muller_E	4007537	0.000790609	0.997459	0.00175067
Muller_E	4008073	0.000795743	0.997458	0.00174579
Muller_E	4008732	0.000802052	0.997458	0.00173979
Muller_E	4009275	0.000807248	0.997458	0.00173484
Muller_E	4009794	0.000812212	0.997458	0.0017301
Muller_E	4010462	0.000818598	0.997457	0.00172401
Muller_E	4011246	0.000826088	0.997457	0.00171685
Muller_E	4011350	0.000827082	0.997457	0.0017159
Muller_E	4011743	0.000830834	0.997457	0.00171231
Muller_E	4012926	0.000842123	0.997456	0.0017015
Muller_E	4015010	0.000861982	0.997456	0.00168242
Muller_E	4015956	0.000870985	0.997455	0.00167375
Muller_E	4016731	0.000878355	0.997455	0.00166664
Muller_E	4017133	0.000882177	0.997455	0.00166295
Muller_E	4017640	0.000886994	0.997455	0.0016583
Muller_E	4021078	0.000919608	0.997454	0.00162668
Muller_E	4021876	0.000927165	0.997454	0.00161933
Muller_E	4022513	0.000933193	0.997453	0.00161345
Muller_E	4022928	0.000937119	0.997453	0.00160963
Muller_E	4024532	0.000952279	0.997453	0.00159482
Muller_E	4024639	0.000953289	0.997453	0.00159383
Muller_E	4025270	0.000959247	0.997453	0.001588
Muller_E	4027169	0.000977157	0.997452	0.00157043
Muller_E	4027437	0.000979683	0.997452	0.00156795
Muller_E	4027764	0.000982763	0.997452	0.00156492
Muller_E	4029270	0.00099694	0.997452	0.00155096
Muller_E	4032202	0.00102449	0.997452	0.00152373
Muller_E	4032327	0.00102566	0.997452	0.00152256
Muller_E	4033521	0.00103686	0.997452	0.00151145
Muller_E	4033797	0.00103944	0.997452	0.00150888
Muller_E	4036360	0.00106344	0.997452	0.00148499
Muller_E	4037138	0.00107071	0.997452	0.00147773
Muller_E	4037610	0.00107512	0.997452	0.00147332
Muller_E	4040496	0.00110204	0.997452	0.00144632
Muller_E	4040949	0.00110626	0.997452	0.00144208
Muller_E	4045900	0.00115228	0.997452	0.0013956
Muller_E	4046078	0.00115393	0.997452	0.00139392
Muller_E	4046843	0.00116102	0.997452	0.00138672
Muller_E	4047581	0.00116786	0.997452	0.00137977
Muller_E	4048275	0.00117428	0.997452	0.00137323
Muller_E	4048700	0.00117822	0.997453	0.00136922
Muller_E	4053592	0.00122338	0.997454	0.00132299
Muller_E	4056223	0.0012476	0.997454	0.00129805
Muller_E	4056545	0.00125056	0.997454	0.00129499
Muller_E	4056951	0.00125429	0.997455	0.00129114
Muller_E	4057601	0.00126026	0.997455	0.00128496
Muller_E	4057720	0.00126135	0.997455	0.00128383
Muller_E	4058043	0.00126431	0.997455	0.00128076
Muller_E	4058149	0.00126529	0.997455	0.00127976
Muller_E	4058704	0.00127038	0.997455	0.00127448
Muller_E	4059417	0.00127692	0.997455	0.0012677
Muller_E	4059965	0.00128194	0.997456	0.00126248
Muller_E	4061381	0.00129491	0.997456	0.00124899
Muller_E	4061745	0.00129824	0.997456	0.00124552
Muller_E	4062020	0.00130075	0.997456	0.0012429
Muller_E	4062507	0.00130521	0.997457	0.00123825
Muller_E	4062941	0.00130917	0.997457	0.00123411
Muller_E	4064035	0.00131917	0.997457	0.00122366
Muller_E	4064680	0.00132505	0.997457	0.0012175
Muller_E	4064829	0.00132641	0.997458	0.00121608
Muller_E	4065474	0.0013323	0.997458	0.00120991
Muller_E	4065574	0.00133321	0.997458	0.00120895
Muller_E	4066028	0.00133735	0.997458	0.00120461
Muller_E	4067541	0.00135113	0.997459	0.00119012
Muller_E	4067967	0.001355	0.997459	0.00118604
Muller_E	4068535	0.00136017	0.997459	0.0011806
Muller_E	4069245	0.00136663	0.99746	0.00117379
Muller_E	4070105	0.00137444	0.99746	0.00116553
Muller_E	4071088	0.00138336	0.997461	0.00115609
Muller_E	4071641	0.00138838	0.997461	0.00115077
Muller_E	4072126	0.00139278	0.997461	0.00114611
Muller_E	4072768	0.0013986	0.997461	0.00113993
Muller_E	4072973	0.00140045	0.997462	0.00113796
Muller_E	4073359	0.00140395	0.997462	0.00113425
Muller_E	4075135	0.00142002	0.997463	0.00111714
Muller_E	4075254	0.0014211	0.997463	0.00111599
Muller_E	4076053	0.00142832	0.997463	0.00110828
Muller_E	4077160	0.00143831	0.997464	0.0010976
Muller_E	4078165	0.00144738	0.997465	0.00108789
Muller_E	4078690	0.00145211	0.997465	0.00108281
Muller_E	4078900	0.001454	0.997465	0.00108078
Muller_E	4079010	0.001455	0.997465	0.00107972
Muller_E	4079297	0.00145758	0.997465	0.00107694
Muller_E	4081728	0.00147946	0.997467	0.0010534
Muller_E	4082079	0.00148261	0.997467	0.00104999
Muller_E	4083988	0.00149975	0.997469	0.00103147
Muller_E	4085715	0.00151523	0.99747	0.00101468
Muller_E	4089306	0.00154735	0.997473	0.000979706
Muller_E	4089803	0.00155179	0.997473	0.000974857
Muller_E	4092778	0.0015783	0.997476	0.000945791
Muller_E	4092894	0.00157933	0.997476	0.000944656
Muller_E	4098915	0.00163278	0.997482	0.000885608
Muller_E	4109650	0.00172735	0.997493	0.000779612
Muller_E	4113217	0.00175857	0.997497	0.000744189
Muller_E	4113538	0.00176137	0.997498	0.000740996
Muller_E	4114422	0.00176909	0.997499	0.000732199
Muller_E	4114803	0.00177242	0.997499	0.000728406
Muller_E	4115118	0.00177516	0.9975	0.000725269
Muller_E	4116856	0.00179031	0.997502	0.000707946
Muller_E	4117074	0.00179221	0.997502	0.000705771
Muller_E	4117473	0.00179568	0.997503	0.00070179
Muller_E	4118970	0.00180871	0.997504	0.000686843
Muller_E	4121851	0.00183372	0.997508	0.000658026
Muller_E	4122071	0.00183562	0.997509	0.000655822
Muller_E	4122393	0.00183841	0.997509	0.000652597
Muller_E	4122818	0.0018421	0.99751	0.000648338
Muller_E	4124318	0.00185508	0.997512	0.000633297
Muller_E	4124418	0.00185594	0.997512	0.000632294
Muller_E	4126492	0.00187386	0.997515	0.000611465
Muller_E	4127527	0.0018828	0.997516	0.000601058
Muller_E	4127720	0.00188446	0.997516	0.000599116
Muller_E	4128101	0.00188774	0.997517	0.000595283
Muller_E	4128234	0.00188889	0.997517	0.000593944
Muller_E	4130334	0.00190697	0.99752	0.00057279
Muller_E	4132221	0.00192319	0.997523	0.000553752
Muller_E	4134741	0.0019448	0.997527	0.000528283
Muller_E	4134982	0.00194687	0.997527	0.000525845
Muller_E	4136547	0.00196026	0.99753	0.000509999
Muller_E	4140224	0.00199166	0.997536	0.000472693
Muller_E	4140902	0.00199743	0.997537	0.000465803
Muller_E	4141485	0.0020024	0.997538	0.000459874
Muller_E	4143836	0.00202239	0.997542	0.000435941
Muller_E	4144350	0.00202675	0.997543	0.000430703
Muller_E	4144848	0.00203098	0.997543	0.000425626
Muller_E	4150850	0.00208177	0.997554	0.000364277
Muller_E	4151927	0.00209086	0.997556	0.000353239
Muller_E	4154621	0.00211354	0.997561	0.000325586
Muller_E	4159745	0.00215652	0.997571	0.00027283
Muller_E	4159958	0.0021583	0.997571	0.000270632
Muller_E	4160923	0.00688811	0.993079	3.28267e-05
Muller_E	4161787	0.00216628	0.997573	0.000260219
Muller_E	4162162	0.00216625	0.997574	0.000260021
Muller_E	4163984	0.00216604	0.997575	0.00025904
Muller_E	4164218	0.00216601	0.997575	0.000258913
Muller_E	4164859	0.00216594	0.997576	0.00025856
Muller_E	4165033	0.00216591	0.997576	0.000258464
Muller_E	4165157	0.0021659	0.997576	0.000258395
Muller_E	4165383	0.00216587	0.997576	0.00025827
Muller_E	4165808	0.00216581	0.997576	0.000258032
Muller_E	4165958	0.00216579	0.997576	0.000257948
Muller_E	4166062	0.00216578	0.997576	0.00025789
Muller_E	4166243	0.00216575	0.997576	0.000257788
Muller_E	4166628	0.0021657	0.997577	0.00025757
Muller_E	4168755	0.00216538	0.997578	0.000256347
Muller_E	4172546	0.00216473	0.997581	0.000254075
Muller_E	4172827	0.00216468	0.997581	0.000253902
Muller_E	4173860	0.00216448	0.997582	0.000253261
Muller_E	4176100	0.00216401	0.997584	0.000251841
Muller_E	4176326	0.00216396	0.997584	0.000251695
Muller_E	4176826	0.00216385	0.997585	0.000251372
Muller_E	4177022	0.00216381	0.997585	0.000251244
Muller_E	4178339	0.00216351	0.997586	0.000250381
Muller_E	4178608	0.00216344	0.997586	0.000250202
Muller_E	4179326	0.00216327	0.997587	0.000249724
Muller_E	4180712	0.00216293	0.997588	0.000248789
Muller_E	4180966	0.00216286	0.997589	0.000248616
Muller_E	4184926	0.00216179	0.997592	0.00024585
Muller_E	4185178	0.00216172	0.997593	0.00024567
Muller_E	4185319	0.00216167	0.997593	0.000245569
Muller_E	4185532	0.00216161	0.997593	0.000245416
Muller_E	4187632	0.00216098	0.997595	0.000243888
Muller_E	4188227	0.0021608	0.997596	0.000243448
Muller_E	4188670	0.00216066	0.997596	0.000243119
Muller_E	4192621	0.00215934	0.997601	0.000240114
Muller_E	4193546	0.00215901	0.997602	0.000239393
Muller_E	4194407	0.0021587	0.997603	0.000238715
Muller_E	4195783	0.00215819	0.997604	0.000237619
Muller_E	4196010	0.00215811	0.997604	0.000237436
Muller_E	4197440	0.00215756	0.997606	0.000236279
Muller_E	4198223	0.00215725	0.997607	0.000235638
Muller_E	4199021	0.00215694	0.997608	0.00023498
Muller_E	4199203	0.00215686	0.997608	0.000234829
Muller_E	4199424	0.00215677	0.997609	0.000234645
Muller_E	4199639	0.00215669	0.997609	0.000234466
Muller_E	4199983	0.00215655	0.997609	0.000234179
Muller_E	4203293	0.00215515	0.997613	0.000231368
Muller_E	4205814	0.00215403	0.997617	0.000229168
Muller_E	4206134	0.00215388	0.997617	0.000228885
Muller_E	4207588	0.0021532	0.997619	0.000227589
Muller_E	4210680	0.00215171	0.997624	0.000224776
Muller_E	4210928	0.00215159	0.997624	0.000224547
Muller_E	4211312	0.0021514	0.997624	0.000224191
Muller_E	4211755	0.00215118	0.997625	0.00022378
Muller_E	4213444	0.00215031	0.997627	0.000222196
Muller_E	4216650	0.00214861	0.997632	0.000219126
Muller_E	4217058	0.00214839	0.997633	0.00021873
Muller_E	4217453	0.00214817	0.997633	0.000218344
Muller_E	4217565	0.00214811	0.997634	0.000218235
Muller_E	4217669	0.00214806	0.997634	0.000218133
Muller_E	4217825	0.00214797	0.997634	0.00021798
Muller_E	4218923	0.00389489	0.996065	3.97024e-05
Muller_E	4225215	0.00211945	0.997646	0.000234313
Muller_E	4232774	0.00208549	0.99766	0.000254811
Muller_E	4235298	0.000329473	0.999188	0.000482355
Muller_E	4245993	0.00215845	0.99757	0.000271674
Muller_E	4252835	0.00221195	0.99751	0.000277665
Muller_E	4253725	0.00221888	0.997503	0.000278417
Muller_E	4256197	0.0022381	0.997481	0.000280471
Muller_E	4261234	0.00227712	0.997438	0.000284503
Muller_E	4262892	0.00228991	0.997424	0.000285786
Muller_E	4263238	0.00229258	0.997421	0.000286051
Muller_E	4263588	0.00229528	0.997418	0.000286318
Muller_E	4264621	0.00230324	0.99741	0.0002871
Muller_E	4266950	0.00232114	0.99739	0.000288832
Muller_E	4267529	0.00232559	0.997385	0.000289255
Muller_E	4276223	0.002392	0.997313	0.000295293
Muller_E	4311688	0.00265663	0.99703	0.000313605
Muller_E	4311965	0.00265866	0.997028	0.000313708
Muller_E	4312254	0.00266077	0.997025	0.000313815
Muller_E	4312510	0.00266264	0.997023	0.000313909
Muller_E	4334492	0.00282144	0.996859	0.000320023
Muller_E	4352032	0.00294536	0.996733	0.000322108
Muller_E	4353438	0.00295519	0.996723	0.000322167
Muller_E	4356857	0.00297902	0.996699	0.000322246
Muller_E	4360054	0.00300121	0.996677	0.000322235
Muller_E	4374783	0.00310241	0.996576	0.000321118
Muller_E	4374946	0.00310352	0.996575	0.000321096
Muller_E	4381350	0.00314697	0.996533	0.000320057
Muller_E	4558836	0.00422019	0.99562	0.000159851
Muller_E	4562012	0.00423709	0.995608	0.000154675
Muller_E	4564083	0.00424807	0.995601	0.000151256
Muller_E	4564194	0.00424866	0.9956	0.000151072
Muller_E	4568491	0.00427132	0.995585	0.000143865
Muller_E	4569115	0.0042746	0.995583	0.000142806
Muller_E	4569749	0.00427793	0.99558	0.000141726
Muller_E	4570340	0.00428103	0.995578	0.000140717
Muller_E	4571890	0.00428915	0.995573	0.000138058
Muller_E	4572624	0.00429298	0.99557	0.000136792
Muller_E	4573491	0.00429751	0.995567	0.000135291
Muller_E	4573809	0.00429917	0.995566	0.000134739
Muller_E	4577361	0.00431764	0.995554	0.000128517
Muller_E	4577462	0.00431817	0.995553	0.000128338
Muller_E	4578308	0.00432255	0.995551	0.000126841
Muller_E	4580664	0.00433473	0.995543	0.00012264
Muller_E	4580954	0.00433623	0.995542	0.00012212
Muller_E	4581769	0.00434043	0.995539	0.000120654
Muller_E	4581909	0.00434115	0.995538	0.000120402
Muller_E	4583019	0.00434686	0.995535	0.000118396
Muller_E	4583393	0.00434878	0.995533	0.000117718
Muller_E	4583516	0.00434941	0.995533	0.000117495
Muller_E	4584473	0.00435433	0.99553	0.000115754
Muller_E	4589180	0.00437838	0.995515	0.000107083
Muller_E	4590247	0.00438381	0.995511	0.000105092
Muller_E	4591539	0.00439037	0.995507	0.00010267
Muller_E	4593253	0.00439906	0.995502	9.94356e-05
Muller_E	4593508	0.00440035	0.995501	9.89524e-05
Muller_E	4593974	0.0044027	0.995499	9.80681e-05
Muller_E	4595111	0.00440844	0.995496	9.5903e-05
Muller_E	4595303	0.00440941	0.995495	9.55363e-05
Muller_E	4597548	0.00442071	0.995488	9.12273e-05
Muller_E	4597833	0.00442214	0.995487	9.06774e-05
Muller_E	4600306	0.00443454	0.99548	8.58782e-05
Muller_E	4607273	0.0044692	0.995459	7.20931e-05
Muller_E	4607398	0.00446982	0.995458	7.18422e-05
Muller_E	4610441	0.00448483	0.995449	6.56957e-05
Muller_E	4611041	0.00448779	0.995448	6.4475e-05
Muller_E	4611562	0.00449035	0.995446	6.34126e-05
Muller_E	4611697	0.00449101	0.995446	6.3137e-05
Muller_E	4612447	0.00449469	0.995444	6.16031e-05
Muller_E	4612733	0.00449609	0.995443	6.10169e-05
Muller_E	4612927	0.00449704	0.995442	6.0619e-05
Muller_E	4613148	0.00449813	0.995442	6.01652e-05
Muller_E	4614502	0.00450475	0.995438	5.73769e-05
Muller_E	4615888	0.00451152	0.995434	5.45073e-05
Muller_E	4616173	0.00451291	0.995433	5.39154e-05
Muller_E	4616508	0.00451455	0.995432	5.32187e-05
Muller_E	4616663	0.0045153	0.995432	5.2896e-05
Muller_E	4618190	0.00452273	0.995428	4.97072e-05
Muller_E	4619781	0.00453045	0.995423	4.63647e-05
Muller_E	4622166	0.00454199	0.995417	4.13159e-05
Muller_E	4626314	0.00456195	0.995406	3.24262e-05
Muller_E	4626864	0.00456458	0.995404	3.1237e-05
Muller_E	4627368	0.00456699	0.995403	3.01452e-05
Muller_E	4627488	0.00456757	0.995403	2.9885e-05
Muller_E	4633961	0.00860781	0.99139	1.88171e-06
Muller_E	4635834	0.00459665	0.995388	1.55892e-05
Muller_E	4636452	0.00459608	0.995388	1.55548e-05
Muller_E	4637295	0.00459529	0.995389	1.55029e-05
Muller_E	4640891	0.00459186	0.995393	1.52172e-05
Muller_E	4645727	0.00458709	0.995398	1.46686e-05
Muller_E	4646376	0.00458643	0.995399	1.45806e-05
Muller_E	4646798	0.004586	0.995399	1.45216e-05
Muller_E	4653320	0.00457921	0.995407	1.3427e-05
Muller_E	4656520	0.0079722	0.992025	3.20294e-06
Muller_E	4672665	0.00447202	0.995509	1.9356e-05
Muller_E	4674140	0.00446244	0.995518	1.98535e-05
Muller_E	4675745	0.00445199	0.995528	2.03749e-05
Muller_E	4676485	0.00444717	0.995532	2.06083e-05
Muller_E	4677110	0.00444309	0.995536	2.0802e-05
Muller_E	4677655	0.00443953	0.995539	2.09684e-05
Muller_E	4678986	0.00443083	0.995548	2.13645e-05
Muller_E	4680223	0.00442274	0.995556	2.17199e-05
Muller_E	4682403	0.00440844	0.995569	2.23162e-05
Muller_E	4682621	0.00440701	0.995571	2.23738e-05
Muller_E	4684270	0.00829946	0.991698	2.37796e-06
Muller_E	4685491	0.00437749	0.995594	2.80431e-05
Muller_E	4686019	0.00436942	0.9956	3.03081e-05
Muller_E	4687101	0.00435286	0.995612	3.49429e-05
Muller_E	4689628	0.00431416	0.99564	4.57309e-05
Muller_E	4690052	0.00430766	0.995645	4.7536e-05
Muller_E	4690344	0.00430318	0.995648	4.87783e-05
Muller_E	4690905	0.00429458	0.995654	5.11631e-05
Muller_E	4691125	0.00429121	0.995657	5.20976e-05
Muller_E	4691712	0.0042822	0.995663	5.45893e-05
Muller_E	4691999	0.0042778	0.995666	5.58065e-05
Muller_E	4692111	0.00427608	0.995668	5.62813e-05
Muller_E	4693234	0.00425884	0.99568	6.10368e-05
Muller_E	4693620	0.00425291	0.995684	6.26691e-05
Muller_E	4693753	0.00425087	0.995686	6.32312e-05
Muller_E	4694021	0.00424675	0.995689	6.43635e-05
Muller_E	4694592	0.00423798	0.995695	6.6774e-05
Muller_E	4696429	0.00420974	0.995716	7.45114e-05
Muller_E	4696792	0.00420416	0.99572	7.60372e-05
Muller_E	4699402	0.00416398	0.995749	8.69765e-05
Muller_E	4700957	0.00414002	0.995767	9.34681e-05
Muller_E	4702606	0.00411458	0.995785	0.000100331
Muller_E	4708142	0.00402904	0.995848	0.000123212
Muller_E	4712097	0.00396778	0.995893	0.000139408
Muller_E	4713898	0.00393984	0.995913	0.000146742
Muller_E	4714194	0.00393525	0.995917	0.000147945
Muller_E	4717094	0.0038902	0.99595	0.000159693
Muller_E	4717794	0.00387932	0.995958	0.000162519
Muller_E	4720564	0.00383621	0.99599	0.000173662
Muller_E	4722390	0.00380776	0.996011	0.000180974
Muller_E	4727534	0.00372748	0.996071	0.000201429
Muller_E	4730688	0.00367815	0.996108	0.000213867
Muller_E	4731377	0.00366736	0.996116	0.000216573
Muller_E	4732944	0.00364281	0.996134	0.000222714
Muller_E	4738342	0.0035581	0.996198	0.000243718
Muller_E	4739398	0.00354151	0.996211	0.0002478
Muller_E	4742492	0.00349282	0.996247	0.000259708
Muller_E	4745718	0.00344198	0.996286	0.000272042
Muller_E	4746457	0.00343032	0.996295	0.000274856
Muller_E	4748015	0.00340573	0.996313	0.000280774
Muller_E	4748352	0.00340041	0.996318	0.000282052
Muller_E	4748630	0.00339601	0.996321	0.000283105
Muller_E	4751071	0.00335743	0.99635	0.000292326
Muller_E	4751685	0.00334772	0.996358	0.000294638
Muller_E	4751817	0.00334563	0.996359	0.000295134
Muller_E	4752607	0.00333313	0.996369	0.000298103
Muller_E	4752773	0.0033305	0.996371	0.000298727
Muller_E	4753826	0.00331383	0.996383	0.000302675
Muller_E	4754671	0.00330044	0.996394	0.000305838
Muller_E	4756619	0.00326956	0.996417	0.000313106
Muller_E	4759191	0.00322874	0.996449	0.000322656
Muller_E	4761262	0.00319584	0.996474	0.000330307
Muller_E	4761866	0.00318624	0.996481	0.000332532
Muller_E	4761985	0.00318434	0.996483	0.00033297
Muller_E	4763545	0.00315953	0.996502	0.000338702
Muller_E	4764509	0.00314418	0.996514	0.000342234
Muller_E	4765595	0.00312688	0.996527	0.000346204
Muller_E	4766291	0.00311579	0.996535	0.000348744
Muller_E	4766501	0.00311244	0.996538	0.000349509
Muller_E	4767354	0.00309885	0.996549	0.000352615
Muller_E	4769627	0.00306258	0.996577	0.000360862
Muller_E	4769950	0.00305742	0.996581	0.000362031
Muller_E	4772288	0.00302007	0.996609	0.000370465
Muller_E	4773763	0.00299649	0.996628	0.000375763
Muller_E	4773963	0.00299329	0.99663	0.00037648
