chrom	position	2,0	1,1	0,2
Muller_E	62882	0.453052	0.495565	0.0513839
Muller_E	267432	0.448133	0.509167	0.0427002
Muller_E	441230	0.444004	0.520733	0.0352636
Muller_E	511157	0.442354	0.525391	0.0322549
Muller_E	557879	0.441255	0.528506	0.030239
Muller_E	581000	0.440712	0.530049	0.0292397
Muller_E	709108	0.437715	0.538604	0.0236815
Muller_E	768129	0.43634	0.542552	0.0211082
Muller_E	785241	0.435942	0.543697	0.0203606
Muller_E	787322	0.435894	0.543837	0.0202696
Muller_E	787424	0.435891	0.543843	0.0202652
Muller_E	788173	0.435874	0.543894	0.0202324
Muller_E	788750	0.435861	0.543932	0.0202072
Muller_E	788860	0.435858	0.54394	0.0202024
Muller_E	791823	0.435789	0.544138	0.0200728
Muller_E	802257	0.435547	0.544837	0.0196165
Muller_E	893794	0.595707	0.402917	0.00137515
Muller_E	894300	0.433388	0.55101	0.015602
Muller_E	896281	0.433244	0.551152	0.0156041
Muller_E	897287	0.433171	0.551224	0.0156051
Muller_E	897987	0.43312	0.551274	0.0156059
Muller_E	901015	0.4329	0.551491	0.015609
Muller_E	901718	0.432849	0.551541	0.0156097
Muller_E	923408	0.431274	0.553095	0.0156314
Muller_E	923675	0.431254	0.553114	0.0156316
Muller_E	924320	0.431208	0.55316	0.0156322
Muller_E	927795	0.430955	0.553409	0.0156356
Muller_E	948021	0.429487	0.554859	0.0156541
Muller_E	948230	0.429471	0.554874	0.0156543
Muller_E	958531	0.428724	0.555613	0.0156632
Muller_E	967701	0.428058	0.556272	0.0156708
Muller_E	969142	0.427953	0.556375	0.015672
Muller_E	1033237	0.423299	0.560984	0.0157172
Muller_E	1120573	0.416957	0.567286	0.0157566
Muller_E	1123171	0.416769	0.567474	0.0157574
Muller_E	1146845	0.415049	0.569187	0.0157633
Muller_E	1148492	0.41493	0.569307	0.0157637
Muller_E	1168315	0.41349	0.570743	0.0157671
Muller_E	1213395	0.410215	0.574015	0.0157697
Muller_E	1262309	0.406662	0.577574	0.0157645
Muller_E	1275111	0.405731	0.578507	0.0157617
Muller_E	1275707	0.405688	0.57855	0.0157616
Muller_E	1314313	0.402882	0.581368	0.0157496
Muller_E	1318297	0.402593	0.581659	0.015748
Muller_E	1358440	0.399674	0.584596	0.0157293
Muller_E	1358616	0.399662	0.584609	0.0157292
Muller_E	1378824	0.398192	0.58609	0.0157175
Muller_E	1480336	0.390807	0.593557	0.0156361
Muller_E	1489232	0.39016	0.594213	0.0156272
Muller_E	1645912	0.378745	0.605835	0.0154199
Muller_E	1673398	0.376741	0.607886	0.0153737
Muller_E	1718642	0.373439	0.61127	0.0152913
Muller_E	1746815	0.371382	0.613382	0.0152358
Muller_E	1763447	0.370167	0.614631	0.0152016
Muller_E	1765039	0.370051	0.614751	0.0151983
Muller_E	1765159	0.370042	0.61476	0.015198
Muller_E	1765369	0.370027	0.614776	0.0151976
Muller_E	1771226	0.369599	0.615216	0.0151852
Muller_E	1799036	0.367567	0.617308	0.0151247
Muller_E	1802542	0.367311	0.617573	0.0151168
Muller_E	1802678	0.367301	0.617583	0.0151165
Muller_E	1803039	0.367274	0.61761	0.0151157
Muller_E	1803347	0.367252	0.617633	0.015115
Muller_E	1805518	0.367093	0.617797	0.0151101
Muller_E	1812938	0.366551	0.618356	0.0150932
Muller_E	1813040	0.366543	0.618364	0.015093
Muller_E	1815234	0.366383	0.618529	0.0150879
Muller_E	1815907	0.366334	0.61858	0.0150864
Muller_E	1816383	0.366299	0.618616	0.0150853
Muller_E	1831501	0.365193	0.619757	0.01505
Muller_E	1850978	0.363769	0.621228	0.0150031
Muller_E	1851905	0.363701	0.621298	0.0150009
Muller_E	1852166	0.363682	0.621318	0.0150002
Muller_E	1857635	0.363282	0.621731	0.0149868
Muller_E	1861157	0.363024	0.621998	0.014978
Muller_E	1861336	0.363011	0.622011	0.0149776
Muller_E	1861880	0.362971	0.622052	0.0149762
Muller_E	1866595	0.362626	0.622409	0.0149644
Muller_E	1870209	0.362362	0.622683	0.0149553
Muller_E	1871973	0.102989	0.859974	0.037037
Muller_E	1880064	0.36252	0.622616	0.0148639
Muller_E	1889333	0.362849	0.622387	0.014764
Muller_E	1891195	0.362915	0.622341	0.0147439
Muller_E	1894320	0.363025	0.622264	0.0147102
Muller_E	1900363	0.36324	0.622116	0.0146447
Muller_E	1904375	0.363382	0.622017	0.0146012
Muller_E	1915469	0.363775	0.621744	0.0144806
Muller_E	1927060	0.364186	0.62146	0.0143542
Muller_E	1932459	0.364377	0.621328	0.0142951
Muller_E	1944351	0.364799	0.621037	0.0141645
Muller_E	1946702	0.364882	0.62098	0.0141387
Muller_E	1961660	0.365411	0.620615	0.0139736
Muller_E	1975567	0.365904	0.620277	0.0138194
Muller_E	2011856	0.367188	0.619399	0.0134137
Muller_E	2013122	0.367232	0.619368	0.0133995
Muller_E	2044597	0.368345	0.618611	0.0130436
Muller_E	2048236	0.368474	0.618524	0.0130022
Muller_E	2048434	0.368481	0.61852	0.0129999
Muller_E	2086567	0.369827	0.617609	0.0125633
Muller_E	2103366	0.37042	0.61721	0.0123693
Muller_E	2117584	0.370922	0.616874	0.0122042
Muller_E	2126123	0.371223	0.616672	0.0121048
Muller_E	2135792	0.371564	0.616444	0.0119918
Muller_E	2140907	0.371745	0.616323	0.0119319
Muller_E	2141169	0.371754	0.616317	0.0119289
Muller_E	2142715	0.371808	0.616281	0.0119107
Muller_E	2145389	0.371903	0.616218	0.0118794
Muller_E	2146953	0.371958	0.616181	0.011861
Muller_E	2147057	0.371962	0.616179	0.0118598
Muller_E	2201852	0.373892	0.614897	0.011211
Muller_E	2204792	0.373996	0.614828	0.0111759
Muller_E	2219543	0.374515	0.614485	0.0109992
Muller_E	2220290	0.374542	0.614468	0.0109902
Muller_E	2241628	0.375293	0.613974	0.0107332
Muller_E	2243471	0.375358	0.613931	0.0107109
Muller_E	2531559	0.38547	0.607452	0.0070779
Muller_E	2693610	0.391139	0.603957	0.00490359
Muller_E	2696554	0.391242	0.603895	0.00486322
Muller_E	2706179	0.391578	0.603691	0.00473104
Muller_E	2713009	0.391817	0.603546	0.00463704
Muller_E	2716202	0.391929	0.603478	0.00459304
Muller_E	2721440	0.392112	0.603368	0.00452078
Muller_E	2735475	0.392602	0.603072	0.00432668
Muller_E	2763120	0.393567	0.60249	0.00394232
Muller_E	2777976	0.394086	0.602179	0.00373465
Muller_E	2779619	0.394143	0.602145	0.00371163
Muller_E	2787347	0.394413	0.601984	0.00360325
Muller_E	2788916	0.394468	0.601951	0.00358122
Muller_E	2795398	0.394694	0.601816	0.00349011
Muller_E	2798296	0.394795	0.601755	0.00344933
Muller_E	2799305	0.39483	0.601734	0.00343513
Muller_E	2800245	0.394863	0.601715	0.00342189
Muller_E	2800507	0.394872	0.601709	0.0034182
Muller_E	2800780	0.394882	0.601704	0.00341436
Muller_E	2800932	0.394887	0.601701	0.00341221
Muller_E	2801158	0.394895	0.601696	0.00340903
Muller_E	2805736	0.395055	0.601601	0.0033445
Muller_E	2807233	0.395107	0.601569	0.00332339
Muller_E	2807795	0.395127	0.601558	0.00331546
Muller_E	2808363	0.395147	0.601546	0.00330744
Muller_E	2809031	0.39517	0.601532	0.00329801
Muller_E	2809272	0.395178	0.601527	0.00329461
Muller_E	2809909	0.395201	0.601514	0.00328562
Muller_E	2811470	0.395255	0.601481	0.00326358
Muller_E	2811776	0.395266	0.601475	0.00325926
Muller_E	2812117	0.395278	0.601468	0.00325444
Muller_E	2815676	0.395402	0.601394	0.00320414
Muller_E	2816259	0.395422	0.601382	0.0031959
Muller_E	2817070	0.39545	0.601365	0.00318443
Muller_E	2817616	0.39547	0.601354	0.00317671
Muller_E	2819402	0.395532	0.601317	0.00315144
Muller_E	2820166	0.395558	0.601301	0.00314063
Muller_E	2820386	0.395566	0.601296	0.00313751
Muller_E	2820775	0.39558	0.601288	0.003132
Muller_E	2821135	0.395592	0.601281	0.00312691
Muller_E	2821440	0.395603	0.601274	0.00312259
Muller_E	2826939	0.395795	0.60116	0.00304468
Muller_E	2831172	0.395943	0.601073	0.00298463
Muller_E	2831515	0.395955	0.601066	0.00297976
Muller_E	2832336	0.395983	0.601049	0.00296811
Muller_E	2833070	0.396009	0.601034	0.00295768
Muller_E	2850717	0.396624	0.600669	0.00270655
Muller_E	2853215	0.396712	0.600618	0.00267091
Muller_E	2856496	0.396826	0.60055	0.00262407
Muller_E	2856945	0.396842	0.600541	0.00261766
Muller_E	2857481	0.39686	0.60053	0.00261
Muller_E	2858163	0.396884	0.600516	0.00260026
Muller_E	2859754	0.39694	0.600483	0.00257752
Muller_E	2859987	0.396948	0.600478	0.00257419
Muller_E	2862604	0.397039	0.600424	0.00253677
Muller_E	2866488	0.397175	0.600344	0.00248118
Muller_E	2867267	0.397202	0.600328	0.00247003
Muller_E	2868557	0.397247	0.600302	0.00245155
Muller_E	2870085	0.3973	0.60027	0.00242966
Muller_E	2870623	0.397319	0.600259	0.00242195
Muller_E	2876155	0.397512	0.600146	0.00234261
Muller_E	2877151	0.397546	0.600125	0.00232831
Muller_E	2886067	0.397857	0.599942	0.00220018
Muller_E	2886534	0.397874	0.599933	0.00219346
Muller_E	2887599	0.397911	0.599911	0.00217813
Muller_E	2887882	0.397921	0.599905	0.00217406
Muller_E	2888492	0.397942	0.599893	0.00216528
Muller_E	2888607	0.397946	0.59989	0.00216362
Muller_E	2890000	0.397995	0.599862	0.00214357
Muller_E	2890387	0.398008	0.599854	0.00213799
Muller_E	2890907	0.398026	0.599843	0.0021305
Muller_E	2894764	0.398161	0.599764	0.00207492
Muller_E	2899098	0.398312	0.599676	0.0020124
Muller_E	2901481	0.398395	0.599627	0.001978
Muller_E	2901643	0.398401	0.599624	0.00197566
Muller_E	2902627	0.398435	0.599604	0.00196145
Muller_E	2903432	0.398463	0.599587	0.00194982
Muller_E	2904998	0.398518	0.599555	0.00192719
Muller_E	2905994	0.398552	0.599535	0.00191279
Muller_E	2907134	0.398592	0.599512	0.00189631
Muller_E	2908511	0.39864	0.599484	0.00187639
Muller_E	2909452	0.398673	0.599464	0.00186278
Muller_E	2910160	0.398698	0.59945	0.00185253
Muller_E	2911022	0.398728	0.599432	0.00184006
Muller_E	2911252	0.398736	0.599428	0.00183673
Muller_E	2911992	0.398761	0.599413	0.00182601
Muller_E	2914672	0.398855	0.599358	0.0017872
Muller_E	2915489	0.398883	0.599341	0.00177536
Muller_E	2918585	0.398991	0.599278	0.00173048
Muller_E	2919015	0.399006	0.599269	0.00172425
Muller_E	2919728	0.551599	0.448207	0.000194589
Muller_E	2919971	0.39903	0.599256	0.00171381
Muller_E	2921506	0.399022	0.599265	0.0017132
Muller_E	2922564	0.399017	0.59927	0.00171278
Muller_E	2922707	0.399016	0.599271	0.00171272
Muller_E	2924226	0.399009	0.599279	0.0017121
Muller_E	2925108	0.399004	0.599284	0.00171173
Muller_E	2925552	0.399002	0.599286	0.00171155
Muller_E	2928855	0.398986	0.599304	0.00171014
Muller_E	2930674	0.398977	0.599314	0.00170934
Muller_E	2931258	0.398974	0.599317	0.00170908
Muller_E	2931592	0.398972	0.599319	0.00170893
Muller_E	2931798	0.398971	0.59932	0.00170884
Muller_E	2932326	0.398968	0.599323	0.0017086
Muller_E	2945623	0.398902	0.599396	0.00170221
Muller_E	2945753	0.398901	0.599397	0.00170214
Muller_E	2945878	0.398901	0.599397	0.00170208
Muller_E	2946001	0.3989	0.599398	0.00170202
Muller_E	2955783	0.398851	0.599452	0.00169677
Muller_E	2957997	0.39884	0.599465	0.00169553
Muller_E	2959282	0.398833	0.599472	0.00169479
Muller_E	2959697	0.398831	0.599474	0.00169455
Muller_E	2959819	0.398831	0.599475	0.00169448
Muller_E	2960759	0.398826	0.59948	0.00169394
Muller_E	2961667	0.398821	0.599485	0.00169341
Muller_E	2961801	0.398821	0.599486	0.00169333
Muller_E	2963254	0.398813	0.599494	0.00169247
Muller_E	2963568	0.398812	0.599496	0.00169229
Muller_E	2975263	0.398753	0.599562	0.00168501
Muller_E	2976725	0.398745	0.599571	0.00168406
Muller_E	2977784	0.39874	0.599577	0.00168336
Muller_E	2982473	0.398716	0.599603	0.00168022
Muller_E	2984283	0.398707	0.599614	0.00167897
Muller_E	2985483	0.398701	0.599621	0.00167814
Muller_E	2985658	0.3987	0.599622	0.00167802
Muller_E	2985908	0.398699	0.599623	0.00167785
Muller_E	2987685	0.39869	0.599634	0.0016766
Muller_E	2992894	0.398663	0.599664	0.00167286
Muller_E	2993313	0.398661	0.599666	0.00167255
Muller_E	2993798	0.398659	0.599669	0.00167219
Muller_E	2994137	0.398657	0.599671	0.00167194
Muller_E	2994487	0.398655	0.599673	0.00167169
Muller_E	2994615	0.398655	0.599674	0.00167159
Muller_E	2995123	0.398652	0.599677	0.00167122
Muller_E	2995701	0.398649	0.59968	0.00167079
Muller_E	2996048	0.398647	0.599682	0.00167053
Muller_E	2996738	0.398644	0.599686	0.00167001
Muller_E	2996880	0.398643	0.599687	0.00166991
Muller_E	2997113	0.398642	0.599688	0.00166973
Muller_E	2999116	0.398632	0.5997	0.00166822
Muller_E	2999459	0.39863	0.599702	0.00166796
Muller_E	3001420	0.39862	0.599713	0.00166646
Muller_E	3001578	0.398619	0.599714	0.00166634
Muller_E	3001696	0.398619	0.599715	0.00166625
Muller_E	3002579	0.398614	0.59972	0.00166556
Muller_E	3003095	0.398612	0.599723	0.00166516
Muller_E	3003540	0.398609	0.599726	0.00166482
Muller_E	3004120	0.398606	0.599729	0.00166436
Muller_E	3005221	0.398601	0.599736	0.0016635
Muller_E	3007967	0.398587	0.599752	0.00166132
Muller_E	3012773	0.398562	0.59978	0.00165742
Muller_E	3013331	0.398559	0.599784	0.00165696
Muller_E	3013618	0.398558	0.599785	0.00165672
Muller_E	3014080	0.398556	0.599788	0.00165634
Muller_E	3014783	0.398552	0.599792	0.00165576
Muller_E	3016296	0.398544	0.599801	0.00165449
Muller_E	3017214	0.39854	0.599807	0.00165372
Muller_E	3018320	0.398534	0.599813	0.00165279
Muller_E	3018982	0.398531	0.599817	0.00165222
Muller_E	3019303	0.398529	0.599819	0.00165195
Muller_E	3019831	0.398526	0.599822	0.0016515
Muller_E	3021834	0.398516	0.599834	0.00164978
Muller_E	3021944	0.398515	0.599835	0.00164968
Muller_E	3023127	0.398509	0.599842	0.00164865
Muller_E	3024474	0.398502	0.59985	0.00164748
Muller_E	3024813	0.398501	0.599852	0.00164718
Muller_E	3029421	0.398477	0.59988	0.00164308
Muller_E	3029834	0.398475	0.599882	0.00164271
Muller_E	3030101	0.398474	0.599884	0.00164247
Muller_E	3033200	0.398458	0.599903	0.00163965
Muller_E	3033901	0.398454	0.599907	0.00163901
Muller_E	3034073	0.398453	0.599908	0.00163885
Muller_E	3036032	0.398443	0.59992	0.00163703
Muller_E	3038305	0.398431	0.599934	0.00163491
Muller_E	3041816	0.398413	0.599955	0.00163157
Muller_E	3044683	0.398399	0.599973	0.00162881
Muller_E	3046757	0.398388	0.599985	0.00162679
Muller_E	3046887	0.398387	0.599986	0.00162666
Muller_E	3047900	0.398382	0.599992	0.00162567
Muller_E	3048135	0.398381	0.599994	0.00162543
Muller_E	3050664	0.398368	0.600009	0.00162292
Muller_E	3051698	0.398362	0.600016	0.00162189
Muller_E	3051968	0.398361	0.600017	0.00162162
Muller_E	3052635	0.398358	0.600021	0.00162095
Muller_E	3053197	0.398355	0.600025	0.00162038
Muller_E	3056428	0.398338	0.600045	0.00161709
Muller_E	3056712	0.398337	0.600047	0.0016168
Muller_E	3058398	0.398328	0.600057	0.00161507
Muller_E	3059687	0.398321	0.600065	0.00161373
Muller_E	3061511	0.398312	0.600076	0.00161182
Muller_E	3062406	0.398307	0.600082	0.00161088
Muller_E	3062537	0.398306	0.600083	0.00161075
Muller_E	3100018	0.398111	0.600321	0.00156801
Muller_E	3100718	0.398108	0.600325	0.00156715
Muller_E	3112367	0.398047	0.600401	0.0015525
Muller_E	3112987	0.398044	0.600405	0.0015517
Muller_E	3113420	0.398041	0.600408	0.00155114
Muller_E	3116107	0.398027	0.600425	0.00154766
Muller_E	3119432	0.39801	0.600447	0.00154331
Muller_E	3119714	0.398008	0.600449	0.00154294
Muller_E	3120862	0.398002	0.600456	0.00154142
Muller_E	3122265	0.397995	0.600466	0.00153956
Muller_E	3123364	0.397989	0.600473	0.00153809
Muller_E	3124138	0.397985	0.600478	0.00153706
Muller_E	3127464	0.397967	0.6005	0.00153258
Muller_E	3128767	0.397961	0.600509	0.00153081
Muller_E	3128895	0.39796	0.600509	0.00153063
Muller_E	3129611	0.397956	0.600514	0.00152966
Muller_E	3129743	0.397955	0.600515	0.00152948
Muller_E	3130171	0.397953	0.600518	0.00152889
Muller_E	3131529	0.397946	0.600527	0.00152703
Muller_E	3137674	0.397914	0.600568	0.0015185
Muller_E	3139976	0.397901	0.600583	0.00151526
Muller_E	3143168	0.397884	0.600605	0.00151073
Muller_E	3169152	0.397747	0.600781	0.00147207
Muller_E	3170575	0.397739	0.600791	0.00146986
Muller_E	3173857	0.397721	0.600814	0.00146473
Muller_E	3192801	0.39762	0.600946	0.00143415
Muller_E	3194086	0.397613	0.600955	0.00143202
Muller_E	3194230	0.397612	0.600956	0.00143178
Muller_E	3207603	0.397541	0.60105	0.0014091
Muller_E	3207708	0.39754	0.601051	0.00140892
Muller_E	3208070	0.397538	0.601054	0.00140829
Muller_E	3208369	0.397536	0.601056	0.00140777
Muller_E	3208507	0.397536	0.601057	0.00140753
Muller_E	3208706	0.397535	0.601058	0.00140719
Muller_E	3210124	0.397527	0.601068	0.00140473
Muller_E	3211254	0.397521	0.601076	0.00140276
Muller_E	3212088	0.397516	0.601082	0.0014013
Muller_E	3216063	0.397495	0.601111	0.00139432
Muller_E	3216461	0.397493	0.601114	0.00139362
Muller_E	3217109	0.397489	0.601118	0.00139247
Muller_E	3217441	0.397488	0.601121	0.00139188
Muller_E	3217706	0.397486	0.601122	0.00139141
Muller_E	3217825	0.397485	0.601123	0.0013912
Muller_E	3218354	0.397483	0.601127	0.00139026
Muller_E	3219292	0.397478	0.601134	0.00138859
Muller_E	3219763	0.397475	0.601137	0.00138775
Muller_E	3221459	0.397466	0.601149	0.00138472
Muller_E	3222112	0.397462	0.601154	0.00138355
Muller_E	3223012	0.397457	0.601161	0.00138193
Muller_E	3223549	0.397455	0.601164	0.00138097
Muller_E	3224815	0.397448	0.601174	0.00137868
Muller_E	3226800	0.397437	0.601188	0.00137508
Muller_E	3229718	0.397421	0.601209	0.00136976
Muller_E	3240322	0.397364	0.601286	0.0013501
Muller_E	3240918	0.39736	0.601291	0.00134898
Muller_E	3241273	0.397358	0.601293	0.00134831
Muller_E	3247835	0.397323	0.601341	0.00133585
Muller_E	3251442	0.397303	0.601368	0.00132891
Muller_E	3252203	0.397299	0.601374	0.00132744
Muller_E	3254014	0.397289	0.601387	0.00132393
Muller_E	3254518	0.397286	0.601391	0.00132295
Muller_E	3255141	0.397283	0.601395	0.00132174
Muller_E	3255365	0.397282	0.601397	0.0013213
Muller_E	3259142	0.397261	0.601425	0.0013139
Muller_E	3259935	0.397257	0.601431	0.00131234
Muller_E	3262497	0.397243	0.60145	0.00130728
Muller_E	3263708	0.397236	0.601459	0.00130487
Muller_E	3264644	0.397231	0.601466	0.00130301
Muller_E	3266132	0.397223	0.601477	0.00130004
Muller_E	3266579	0.397221	0.60148	0.00129915
Muller_E	3266806	0.397219	0.601482	0.00129869
Muller_E	3269029	0.397207	0.601499	0.00129423
Muller_E	3271700	0.397193	0.601519	0.00128883
Muller_E	3271881	0.397192	0.60152	0.00128847
Muller_E	3273894	0.39718	0.601535	0.00128438
Muller_E	3275081	0.397174	0.601544	0.00128196
Muller_E	3275989	0.397169	0.601551	0.0012801
Muller_E	3278049	0.397158	0.601566	0.00127588
Muller_E	3280894	0.397142	0.601588	0.00127002
Muller_E	3282107	0.397135	0.601597	0.0012675
Muller_E	3282973	0.397131	0.601604	0.00126571
Muller_E	3284532	0.397122	0.601615	0.00126246
Muller_E	3291321	0.397085	0.601667	0.0012482
Muller_E	3291878	0.397082	0.601671	0.00124702
Muller_E	3293351	0.397074	0.601683	0.00124389
Muller_E	3293759	0.397071	0.601686	0.00124302
Muller_E	3304917	0.39701	0.601771	0.00121898
Muller_E	3306663	0.397	0.601785	0.00121517
Muller_E	3306880	0.396999	0.601786	0.00121469
Muller_E	3310127	0.396981	0.601811	0.00120756
Muller_E	3312301	0.396969	0.601828	0.00120276
Muller_E	3312718	0.396967	0.601832	0.00120183
Muller_E	3318766	0.396933	0.601879	0.00118834
Muller_E	3323588	0.396906	0.601916	0.00117746
Muller_E	3324201	0.396903	0.601921	0.00117607
Muller_E	3324656	0.3969	0.601925	0.00117504
Muller_E	3325091	0.396898	0.601928	0.00117405
Muller_E	3326084	0.396893	0.601936	0.00117179
Muller_E	3326190	0.396892	0.601937	0.00117155
Muller_E	3330218	0.39687	0.601968	0.00116233
Muller_E	3334866	0.396844	0.602005	0.00115159
Muller_E	3337545	0.396829	0.602026	0.00114536
Muller_E	3340268	0.396814	0.602047	0.00113899
Muller_E	3340480	0.396812	0.602049	0.0011385
Muller_E	3410593	0.396418	0.60262	0.000962524
Muller_E	3431230	0.3963	0.602793	0.000906353
Muller_E	3437416	0.396265	0.602846	0.000889128
Muller_E	3456916	0.396153	0.603013	0.000833657
Muller_E	3457694	0.396149	0.60302	0.000831407
Muller_E	3459001	0.396141	0.603031	0.000827621
Muller_E	3462300	0.396122	0.60306	0.000818028
Muller_E	3464519	0.396109	0.603079	0.000811547
Muller_E	3464673	0.396108	0.60308	0.000811097
Muller_E	3477602	0.396034	0.603193	0.000772867
Muller_E	3525631	0.395755	0.603621	0.000623995
Muller_E	3546828	0.39563	0.603815	0.000554852
Muller_E	3557059	0.39557	0.603909	0.000520726
Muller_E	3566467	0.395514	0.603997	0.00048891
Muller_E	3572057	0.395481	0.604049	0.00046981
Muller_E	3572168	0.395481	0.60405	0.000469429
Muller_E	3579272	0.395439	0.604116	0.00044494
Muller_E	3579502	0.395437	0.604119	0.000444143
Muller_E	3582419	0.39542	0.604146	0.000434015
Muller_E	3590131	0.395374	0.604219	0.000407048
Muller_E	3605233	0.395284	0.604362	0.000353429
Muller_E	3610748	0.395251	0.604415	0.000333581
Muller_E	3611776	0.395245	0.604425	0.000329866
Muller_E	3615071	0.395225	0.604457	0.000317923
Muller_E	3617701	0.39521	0.604482	0.000308354
Muller_E	3617818	0.395209	0.604483	0.000307928
Muller_E	3617948	0.670397	0.32958	2.24256e-05
Muller_E	3623404	0.394676	0.605011	0.000312571
Muller_E	3630035	0.39403	0.605651	0.000318604
Muller_E	3631532	0.393884	0.605796	0.000319938
Muller_E	3634067	0.393637	0.606041	0.000322173
Muller_E	3642157	0.392849	0.606822	0.000329105
Muller_E	3643438	0.392724	0.606946	0.000330175
Muller_E	3645674	0.392506	0.607162	0.000332024
Muller_E	3652519	0.391838	0.607824	0.000337539
Muller_E	3655257	0.391571	0.608089	0.000339684
Muller_E	3657953	0.391309	0.60835	0.000341762
Muller_E	3660200	0.391089	0.608567	0.000343468
Muller_E	3665461	0.390576	0.609076	0.000347369
Muller_E	3670065	0.390127	0.609522	0.000350677
Muller_E	3757777	0.381567	0.618038	0.000394587
Muller_E	3766114	0.380753	0.61885	0.000396854
Muller_E	3770199	0.380354	0.619248	0.000397844
Muller_E	3771242	0.380252	0.61935	0.000398083
Muller_E	3775369	0.379849	0.619752	0.000398981
Muller_E	3781958	0.379205	0.620395	0.000400244
Muller_E	3788305	0.378585	0.621014	0.000401262
Muller_E	3788531	0.378563	0.621036	0.000401295
Muller_E	3788717	0.378544	0.621054	0.000401322
Muller_E	3791492	0.378273	0.621325	0.0004017
Muller_E	3791929	0.37823	0.621368	0.000401757
Muller_E	3794089	0.378019	0.621579	0.000402021
Muller_E	3798034	0.377634	0.621964	0.000402446
Muller_E	3805877	0.376867	0.62273	0.000403067
Muller_E	3808116	0.376648	0.622948	0.000403189
Muller_E	3837593	0.373766	0.625831	0.00040253
Muller_E	3889492	0.368687	0.630922	0.000391034
Muller_E	3892070	0.368435	0.631175	0.000390117
Muller_E	3892768	0.368366	0.631244	0.000389863
Muller_E	3893846	0.368261	0.63135	0.000389466
Muller_E	3895236	0.368125	0.631486	0.000388945
Muller_E	3896701	0.367981	0.63163	0.000388386
Muller_E	3964144	0.361372	0.638277	0.000351082
Muller_E	3964249	0.361362	0.638287	0.000351006
Muller_E	3964701	0.361318	0.638332	0.000350679
Muller_E	3965335	0.361256	0.638394	0.000350219
Muller_E	3965537	0.361236	0.638414	0.000350071
Muller_E	3971184	0.360682	0.638972	0.000345874
Muller_E	4005791	0.357286	0.642397	0.000316626
Muller_E	4007537	0.357115	0.64257	0.00031499
Muller_E	4008073	0.357062	0.642623	0.000314484
Muller_E	4008732	0.356998	0.642688	0.000313861
Muller_E	4009275	0.356945	0.642742	0.000313345
Muller_E	4009794	0.356894	0.642794	0.000312851
Muller_E	4010462	0.356828	0.64286	0.000312213
Muller_E	4011246	0.356751	0.642938	0.000311462
Muller_E	4011350	0.356741	0.642948	0.000311362
Muller_E	4011743	0.356702	0.642987	0.000310984
Muller_E	4012926	0.356586	0.643104	0.00030984
Muller_E	4015010	0.356382	0.643311	0.000307809
Muller_E	4015956	0.356289	0.643404	0.00030688
Muller_E	4016731	0.356213	0.643481	0.000306116
Muller_E	4017133	0.356173	0.643521	0.000305718
Muller_E	4017640	0.356123	0.643571	0.000305215
Muller_E	4021078	0.355786	0.643912	0.00030177
Muller_E	4021876	0.355707	0.643992	0.000300961
Muller_E	4022513	0.355645	0.644055	0.000300314
Muller_E	4022928	0.355604	0.644096	0.000299891
Muller_E	4024532	0.355447	0.644255	0.000298248
Muller_E	4024639	0.355436	0.644266	0.000298138
Muller_E	4025270	0.355374	0.644328	0.000297487
Muller_E	4027169	0.355188	0.644517	0.000295518
Muller_E	4027437	0.355161	0.644543	0.000295238
Muller_E	4027764	0.355129	0.644576	0.000294897
Muller_E	4029270	0.354981	0.644725	0.000293317
Muller_E	4032202	0.354693	0.645016	0.000290209
Muller_E	4032327	0.354681	0.645029	0.000290075
Muller_E	4033521	0.354564	0.645147	0.000288796
Muller_E	4033797	0.354537	0.645175	0.000288499
Muller_E	4036360	0.354285	0.645429	0.000285725
Muller_E	4037138	0.354209	0.645507	0.000284876
Muller_E	4037610	0.354162	0.645553	0.00028436
Muller_E	4040496	0.353879	0.64584	0.000281177
Muller_E	4040949	0.353834	0.645885	0.000280673
Muller_E	4045900	0.353348	0.646377	0.000275102
Muller_E	4046078	0.35333	0.646395	0.0002749
Muller_E	4046843	0.353255	0.646471	0.000274027
Muller_E	4047581	0.353183	0.646544	0.000273182
Muller_E	4048275	0.353115	0.646613	0.000272385
Muller_E	4048700	0.353073	0.646655	0.000271896
Muller_E	4053592	0.352592	0.647142	0.000266197
Muller_E	4056223	0.352334	0.647403	0.000263081
Muller_E	4056545	0.352302	0.647435	0.000262697
Muller_E	4056951	0.352262	0.647476	0.000262213
Muller_E	4057601	0.352198	0.64754	0.000261435
Muller_E	4057720	0.352187	0.647552	0.000261292
Muller_E	4058043	0.352155	0.647584	0.000260905
Muller_E	4058149	0.352144	0.647595	0.000260778
Muller_E	4058704	0.35209	0.64765	0.00026011
Muller_E	4059417	0.35202	0.647721	0.000259251
Muller_E	4059965	0.351966	0.647776	0.000258588
Muller_E	4061381	0.351827	0.647916	0.000256869
Muller_E	4061745	0.351791	0.647953	0.000256426
Muller_E	4062020	0.351764	0.64798	0.00025609
Muller_E	4062507	0.351716	0.648028	0.000255495
Muller_E	4062941	0.351673	0.648072	0.000254963
Muller_E	4064035	0.351566	0.64818	0.00025362
Muller_E	4064680	0.351503	0.648245	0.000252824
Muller_E	4064829	0.351488	0.648259	0.00025264
Muller_E	4065474	0.351424	0.648324	0.000251842
Muller_E	4065574	0.351415	0.648334	0.000251718
Muller_E	4066028	0.35137	0.648379	0.000251155
Muller_E	4067541	0.351221	0.648529	0.000249271
Muller_E	4067967	0.351179	0.648572	0.000248738
Muller_E	4068535	0.351124	0.648628	0.000248026
Muller_E	4069245	0.351054	0.648699	0.000247134
Muller_E	4070105	0.350969	0.648785	0.00024605
Muller_E	4071088	0.350873	0.648883	0.000244807
Muller_E	4071641	0.350818	0.648938	0.000244105
Muller_E	4072126	0.350771	0.648986	0.000243488
Muller_E	4072768	0.350708	0.64905	0.00024267
Muller_E	4072973	0.350687	0.64907	0.000242408
Muller_E	4073359	0.350649	0.649109	0.000241914
Muller_E	4075135	0.350475	0.649286	0.000239634
Muller_E	4075254	0.350463	0.649297	0.00023948
Muller_E	4076053	0.350385	0.649377	0.000238449
Muller_E	4077160	0.350276	0.649487	0.000237014
Muller_E	4078165	0.350177	0.649587	0.000235705
Muller_E	4078690	0.350125	0.64964	0.00023502
Muller_E	4078900	0.350105	0.649661	0.000234745
Muller_E	4079010	0.350094	0.649672	0.000234601
Muller_E	4079297	0.350066	0.6497	0.000234226
Muller_E	4081728	0.349827	0.649942	0.000231025
Muller_E	4082079	0.349792	0.649977	0.000230561
Muller_E	4083988	0.349604	0.650168	0.000228023
Muller_E	4085715	0.349435	0.65034	0.00022571
Muller_E	4089306	0.349081	0.650698	0.000220852
Muller_E	4089803	0.349033	0.650747	0.000220175
Muller_E	4092778	0.34874	0.651044	0.000216092
Muller_E	4092894	0.348729	0.651055	0.000215932
Muller_E	4098915	0.348136	0.651656	0.000207525
Muller_E	4109650	0.34708	0.652728	0.000192067
Muller_E	4113217	0.346729	0.653084	0.000186798
Muller_E	4113538	0.346698	0.653116	0.00018632
Muller_E	4114422	0.346611	0.653204	0.000185003
Muller_E	4114803	0.346573	0.653242	0.000184434
Muller_E	4115118	0.346542	0.653274	0.000183963
Muller_E	4116856	0.346371	0.653447	0.000181354
Muller_E	4117074	0.34635	0.653469	0.000181026
Muller_E	4117473	0.34631	0.653509	0.000180424
Muller_E	4118970	0.346163	0.653659	0.00017816
Muller_E	4121851	0.34588	0.653947	0.000173769
Muller_E	4122071	0.345858	0.653969	0.000173432
Muller_E	4122393	0.345826	0.654001	0.000172938
Muller_E	4122818	0.345784	0.654043	0.000172285
Muller_E	4124318	0.345637	0.654193	0.000169974
Muller_E	4124418	0.345627	0.654203	0.00016982
Muller_E	4126492	0.345423	0.654411	0.000166604
Muller_E	4127527	0.345321	0.654514	0.000164991
Muller_E	4127720	0.345302	0.654533	0.00016469
Muller_E	4128101	0.345264	0.654571	0.000164094
Muller_E	4128234	0.345251	0.654585	0.000163886
Muller_E	4130334	0.345045	0.654795	0.000160588
Muller_E	4132221	0.344859	0.654984	0.000157605
Muller_E	4134741	0.344611	0.655236	0.000153591
Muller_E	4134982	0.344587	0.65526	0.000153206
Muller_E	4136547	0.344433	0.655416	0.000150695
Muller_E	4140224	0.344071	0.655784	0.000144745
Muller_E	4140902	0.344004	0.655852	0.00014364
Muller_E	4141485	0.343947	0.655911	0.000142688
Muller_E	4143836	0.343715	0.656146	0.00013883
Muller_E	4144350	0.343665	0.656197	0.000137983
Muller_E	4144848	0.343616	0.656247	0.000137161
Muller_E	4150850	0.343025	0.656848	0.00012715
Muller_E	4151927	0.342918	0.656956	0.000125333
Muller_E	4154621	0.342653	0.657226	0.000120763
Muller_E	4159745	0.342148	0.65774	0.000111964
Muller_E	4159958	0.342127	0.657761	0.000111596
Muller_E	4160923	0.342032	0.657858	0.000109922
Muller_E	4161787	0.341947	0.657944	0.000108419
Muller_E	4162162	0.34191	0.657982	0.000107766
Muller_E	4163984	0.341731	0.658165	0.000104581
Muller_E	4164218	0.341708	0.658188	0.00010417
Muller_E	4164859	0.341644	0.658252	0.000103045
Muller_E	4165033	0.341627	0.65827	0.000102739
Muller_E	4165157	0.341615	0.658282	0.000102521
Muller_E	4165383	0.341593	0.658305	0.000102123
Muller_E	4165808	0.341551	0.658348	0.000101374
Muller_E	4165958	0.341536	0.658363	0.00010111
Muller_E	4166062	0.341526	0.658373	0.000100927
Muller_E	4166243	0.341508	0.658391	0.000100607
Muller_E	4166628	0.34147	0.65843	9.99273e-05
Muller_E	4168755	0.341261	0.658643	9.6157e-05
Muller_E	4172546	0.340887	0.659024	8.93777e-05
Muller_E	4172827	0.340859	0.659052	8.88722e-05
Muller_E	4173860	0.340758	0.659155	8.70102e-05
Muller_E	4176100	0.340537	0.65938	8.29532e-05
Muller_E	4176326	0.340515	0.659403	8.25424e-05
Muller_E	4176826	0.340465	0.659453	8.16326e-05
Muller_E	4177022	0.340446	0.659473	8.12756e-05
Muller_E	4178339	0.340316	0.659605	7.88714e-05
Muller_E	4178608	0.34029	0.659632	7.83793e-05
Muller_E	4179326	0.340219	0.659704	7.70637e-05
Muller_E	4180712	0.340082	0.659843	7.45164e-05
Muller_E	4180966	0.340057	0.659869	7.40485e-05
Muller_E	4184926	0.339667	0.660266	6.67091e-05
Muller_E	4185178	0.339642	0.660292	6.62392e-05
Muller_E	4185319	0.339628	0.660306	6.59762e-05
Muller_E	4185532	0.339607	0.660327	6.55786e-05
Muller_E	4187632	0.3394	0.660538	6.1646e-05
Muller_E	4188227	0.339341	0.660598	6.05275e-05
Muller_E	4188670	0.339298	0.660643	5.96935e-05
Muller_E	4192621	0.338908	0.66104	5.22093e-05
Muller_E	4193546	0.338817	0.661133	5.04451e-05
Muller_E	4194407	0.338732	0.661219	4.87989e-05
Muller_E	4195783	0.338596	0.661357	4.61598e-05
Muller_E	4196010	0.338574	0.66138	4.57235e-05
Muller_E	4197440	0.338433	0.661524	4.29685e-05
Muller_E	4198223	0.338356	0.661603	4.14553e-05
Muller_E	4199021	0.338277	0.661683	3.99099e-05
Muller_E	4199203	0.338259	0.661701	3.95569e-05
Muller_E	4199424	0.338237	0.661723	3.91281e-05
Muller_E	4199639	0.338216	0.661745	3.87107e-05
Muller_E	4199983	0.338182	0.66178	3.80423e-05
Muller_E	4203293	0.337856	0.662113	3.15787e-05
Muller_E	4205814	0.337607	0.662366	2.66166e-05
Muller_E	4206134	0.337576	0.662398	2.59843e-05
Muller_E	4207588	0.337432	0.662545	2.31046e-05
Muller_E	4210680	0.337127	0.662856	1.69431e-05
Muller_E	4210928	0.488697	0.511302	1.52904e-06
Muller_E	4211312	0.337027	0.662956	1.64221e-05
Muller_E	4211755	0.33694	0.663044	1.63927e-05
Muller_E	4213444	0.336608	0.663376	1.62713e-05
Muller_E	4216650	0.335977	0.664007	1.59991e-05
Muller_E	4217058	0.335896	0.664088	1.59605e-05
Muller_E	4217453	0.335819	0.664165	1.59223e-05
Muller_E	4217565	0.335797	0.664187	1.59113e-05
Muller_E	4217669	0.335776	0.664208	1.59011e-05
Muller_E	4217825	0.335745	0.664239	1.58856e-05
Muller_E	4218923	0.335529	0.664455	1.57729e-05
Muller_E	4225215	0.334291	0.665694	1.50031e-05
Muller_E	4232774	0.332803	0.667183	1.37984e-05
Muller_E	4235298	0.332306	0.66768	1.33279e-05
Muller_E	4245993	0.330201	0.669788	1.09544e-05
Muller_E	4252835	0.328854	0.671137	9.11236e-06
Muller_E	4253725	0.328679	0.671313	8.85415e-06
Muller_E	4256197	0.479807	0.520192	7.03346e-07
Muller_E	4261234	0.326289	0.673701	1.05551e-05
Muller_E	4262892	0.325662	0.674326	1.13299e-05
Muller_E	4263238	0.325532	0.674457	1.14898e-05
Muller_E	4263588	0.325399	0.674589	1.16509e-05
Muller_E	4264621	0.475061	0.524938	1.13636e-06
Muller_E	4266950	0.323348	0.67663	2.21121e-05
Muller_E	4267529	0.322935	0.67704	2.45947e-05
Muller_E	4276223	0.316734	0.683204	6.18338e-05
Muller_E	4311688	0.291441	0.708346	0.000212886
Muller_E	4311965	0.291243	0.708543	0.000214059
Muller_E	4312254	0.291037	0.708748	0.000215284
Muller_E	4312510	0.290855	0.708929	0.000216368
Muller_E	4334492	0.275178	0.724513	0.000309159
Muller_E	4352032	0.262669	0.736948	0.000382677
Muller_E	4353438	0.261666	0.737945	0.000388549
Muller_E	4356857	0.259228	0.740369	0.000402813
Muller_E	4360054	0.256948	0.742636	0.000416133
Muller_E	4374783	0.246445	0.753078	0.000477266
Muller_E	4374946	0.246328	0.753194	0.000477941
Muller_E	4381350	0.241761	0.757734	0.000504395
Muller_E	4558836	0.115177	0.883625	0.00119827
Muller_E	4562012	0.112911	0.885879	0.00120984
Muller_E	4564083	0.111434	0.887349	0.00121737
Muller_E	4564194	0.111354	0.887428	0.00121777
Muller_E	4568491	0.108289	0.890478	0.00123334
Muller_E	4569115	0.107844	0.89092	0.00123559
Muller_E	4569749	0.107392	0.89137	0.00123788
Muller_E	4570340	0.10697	0.89179	0.00124002
Muller_E	4571890	0.105864	0.89289	0.00124561
Muller_E	4572624	0.105341	0.893411	0.00124825
Muller_E	4573491	0.104722	0.894027	0.00125137
Muller_E	4573809	0.104495	0.894252	0.00125251
Muller_E	4577361	0.101961	0.896773	0.00126527
Muller_E	4577462	0.101889	0.896845	0.00126563
Muller_E	4578308	0.101286	0.897446	0.00126866
Muller_E	4580664	0.0996049	0.899118	0.00127709
Muller_E	4580954	0.099398	0.899324	0.00127812
Muller_E	4581769	0.0988165	0.899902	0.00128103
Muller_E	4581909	0.0987167	0.900002	0.00128153
Muller_E	4583019	0.0979248	0.90079	0.00128549
Muller_E	4583393	0.0976579	0.901055	0.00128682
Muller_E	4583516	0.0975702	0.901143	0.00128726
Muller_E	4584473	0.0968874	0.901822	0.00129066
Muller_E	4589180	0.0935293	0.905163	0.00130737
Muller_E	4590247	0.0927681	0.905921	0.00131115
Muller_E	4591539	0.0918463	0.906838	0.00131571
Muller_E	4593253	0.0906234	0.908055	0.00132176
Muller_E	4593508	0.0904415	0.908236	0.00132266
Muller_E	4593974	0.090109	0.908567	0.0013243
Muller_E	4595111	0.0892978	0.909374	0.00132831
Muller_E	4595303	0.0891609	0.90951	0.00132898
Muller_E	4597548	0.0875591	0.911104	0.00133687
Muller_E	4597833	0.0873558	0.911306	0.00133787
Muller_E	4600306	0.0855914	0.913062	0.00134653
Muller_E	4607273	0.0806205	0.918009	0.00137082
Muller_E	4607398	0.0805313	0.918097	0.00137125
Muller_E	4610441	0.0783602	0.920258	0.0013818
Muller_E	4611041	0.0779321	0.920684	0.00138387
Muller_E	4611562	0.0775603	0.921054	0.00138568
Muller_E	4611697	0.077464	0.92115	0.00138614
Muller_E	4612447	0.0769289	0.921682	0.00138873
Muller_E	4612733	0.0767248	0.921885	0.00138972
Muller_E	4612927	0.0765864	0.922023	0.00139039
Muller_E	4613148	0.0764287	0.92218	0.00139115
Muller_E	4614502	0.0754626	0.923142	0.00139582
Muller_E	4615888	0.0744736	0.924126	0.00140059
Muller_E	4616173	0.0742703	0.924328	0.00140157
Muller_E	4616508	0.0740313	0.924566	0.00140272
Muller_E	4616663	0.0739207	0.924676	0.00140325
Muller_E	4618190	0.0728311	0.92576	0.00140849
Muller_E	4619781	0.0716959	0.92689	0.00141395
Muller_E	4622166	0.0699941	0.928584	0.0014221
Muller_E	4626314	0.0670343	0.93153	0.00143622
Muller_E	4626864	0.0666418	0.93192	0.00143809
Muller_E	4627368	0.0662822	0.932278	0.0014398
Muller_E	4627488	0.0661965	0.932363	0.00144021
Muller_E	4633961	0.0615776	0.93696	0.00146209
Muller_E	4635834	0.060241	0.938291	0.00146838
Muller_E	4636452	0.0598	0.93873	0.00147046
Muller_E	4637295	0.0591984	0.939328	0.00147329
Muller_E	4640891	0.0566323	0.941882	0.00148531
Muller_E	4645727	0.0531812	0.945317	0.00150141
Muller_E	4646376	0.0527181	0.945778	0.00150356
Muller_E	4646798	0.0524169	0.946078	0.00150496
Muller_E	4653320	0.0477625	0.950711	0.00152648
Muller_E	4656520	0.0454788	0.952984	0.00153697
Muller_E	4672665	0.033956	0.964455	0.00158923
Muller_E	4674140	0.0329033	0.965503	0.00159395
Muller_E	4675745	0.0317577	0.966643	0.00159907
Muller_E	4676485	0.0312295	0.967169	0.00160143
Muller_E	4677110	0.0307834	0.967613	0.00160342
Muller_E	4677655	0.0303944	0.968	0.00160515
Muller_E	4678986	0.0294444	0.968946	0.00160938
Muller_E	4680223	0.0285615	0.969825	0.0016133
Muller_E	4682403	0.0270055	0.971374	0.00162019
Muller_E	4682621	0.0268499	0.971529	0.00162088
Muller_E	4684270	0.00407398	0.992864	0.00306154
Muller_E	4685491	0.0255384	0.972836	0.00162593
Muller_E	4686019	0.0254803	0.972894	0.00162586
Muller_E	4687101	0.0253612	0.973013	0.0016257
Muller_E	4689628	0.0250829	0.973292	0.00162531
Muller_E	4690052	0.0250362	0.973339	0.00162524
Muller_E	4690344	0.0250041	0.973371	0.00162519
Muller_E	4690905	0.0249423	0.973433	0.0016251
Muller_E	4691125	0.0249181	0.973457	0.00162506
Muller_E	4691712	0.0248534	0.973522	0.00162495
Muller_E	4691999	0.0248218	0.973553	0.0016249
Muller_E	4692111	0.0248095	0.973566	0.00162488
Muller_E	4693234	0.0246858	0.97369	0.00162467
Muller_E	4693620	0.0246433	0.973732	0.0016246
Muller_E	4693753	0.0246286	0.973747	0.00162457
Muller_E	4694021	0.0245991	0.973776	0.00162452
Muller_E	4694592	0.0245362	0.973839	0.0016244
Muller_E	4696429	0.0243338	0.974042	0.00162402
Muller_E	4696792	0.0242938	0.974082	0.00162394
Muller_E	4699402	0.0240062	0.97437	0.00162335
Muller_E	4700957	0.0238349	0.974542	0.00162297
Muller_E	4702606	0.0236532	0.974724	0.00162254
Muller_E	4708142	0.0230429	0.975336	0.00162097
Muller_E	4712097	0.0226068	0.975774	0.00161971
Muller_E	4713898	0.0224081	0.975973	0.00161909
Muller_E	4714194	0.0223755	0.976006	0.00161899
Muller_E	4717094	0.0220556	0.976326	0.00161794
Muller_E	4717794	0.0219783	0.976404	0.00161768
Muller_E	4720564	0.0216727	0.976711	0.0016166
Muller_E	4722390	0.0214712	0.976913	0.00161586
Muller_E	4727534	0.00377088	0.993241	0.00298819
Muller_E	4730688	0.0208543	0.977544	0.0016017
Muller_E	4731377	0.0208436	0.977557	0.00159909
Muller_E	4732944	0.0208192	0.977588	0.00159312
Muller_E	4738342	0.020735	0.977693	0.00157244
Muller_E	4739398	0.0207185	0.977713	0.00156836
Muller_E	4742492	0.0206701	0.977774	0.00155638
Muller_E	4745718	0.0206195	0.977837	0.0015438
Muller_E	4746457	0.020608	0.977851	0.00154091
Muller_E	4748015	0.0205835	0.977882	0.00153479
Muller_E	4748352	0.0205782	0.977888	0.00153347
Muller_E	4748630	0.0205739	0.977894	0.00153238
Muller_E	4751071	0.0205355	0.977942	0.00152275
Muller_E	4751685	0.0205258	0.977954	0.00152032
Muller_E	4751817	0.0205238	0.977956	0.0015198
Muller_E	4752607	0.0205113	0.977972	0.00151667
Muller_E	4752773	0.0205087	0.977975	0.00151601
Muller_E	4753826	0.0204922	0.977996	0.00151183
Muller_E	4754671	0.0204789	0.978013	0.00150846
Muller_E	4756619	0.0204482	0.978051	0.00150069
Muller_E	4759191	0.0204076	0.978102	0.00149038
Muller_E	4761262	0.0203749	0.978143	0.00148205
Muller_E	4761866	0.0203653	0.978155	0.00147961
Muller_E	4761985	0.0203635	0.978157	0.00147913
Muller_E	4763545	0.0203388	0.978188	0.00147282
Muller_E	4764509	0.0203236	0.978208	0.00146891
Muller_E	4765595	0.0203064	0.978229	0.00146449
Muller_E	4766291	0.0202953	0.978243	0.00146166
Muller_E	4766501	0.020292	0.978247	0.00146081
Muller_E	4767354	0.0202785	0.978264	0.00145733
Muller_E	4769627	0.0202425	0.97831	0.00144803
Muller_E	4769950	0.0202373	0.978316	0.0014467
Muller_E	4772288	0.0202002	0.978363	0.00143709
Muller_E	4773763	0.0201768	0.978392	0.00143101
Muller_E	4773963	0.0201736	0.978396	0.00143018
Muller_E	4774375	0.0201671	0.978404	0.00142848
Muller_E	4774957	0.0201578	0.978416	0.00142607
Muller_E	4775479	0.0201495	0.978427	0.0014239
Muller_E	4776619	0.0201314	0.978449	0.00141917
Muller_E	4779373	0.0200875	0.978505	0.0014077
Muller_E	4781913	0.020047	0.978556	0.00139707
Muller_E	4782620	0.0200357	0.97857	0.0013941
Muller_E	4783326	0.0200244	0.978584	0.00139113
Muller_E	4786044	0.019981	0.978639	0.00137966
Muller_E	4786690	0.0199707	0.978652	0.00137693
Muller_E	4789453	0.0199264	0.978708	0.0013652
Muller_E	4790377	0.0199116	0.978727	0.00136127
Muller_E	4792360	0.0198798	0.978767	0.0013528
Muller_E	4792549	0.0198768	0.978771	0.00135199
Muller_E	4792702	0.0198744	0.978774	0.00135133
Muller_E	4822723	0.0193893	0.979391	0.00121926
Muller_E	4832155	0.0192355	0.979588	0.0011763
Muller_E	4834924	0.0191902	0.979646	0.00116355
Muller_E	4838041	0.0191391	0.979712	0.00114913
Muller_E	4839031	0.0191229	0.979733	0.00114453
Muller_E	4840034	0.0191064	0.979754	0.00113987
Muller_E	4843722	0.00511453	0.992912	0.0019738
Muller_E	4844215	0.0190502	0.979832	0.00111818
Muller_E	4846930	0.019074	0.979832	0.00109353
Muller_E	4847984	0.0190832	0.979833	0.00108395
Muller_E	4849699	0.0190982	0.979833	0.00106833
Muller_E	4849916	0.0191001	0.979834	0.00106635
Muller_E	4850646	0.0191065	0.979834	0.0010597
Muller_E	4851102	0.0191105	0.979834	0.00105554
