chrom	position	2,0	1,1	0,2
Muller_E	62882	0.244574	0.634237	0.12119
Muller_E	267432	0.235112	0.654316	0.110572
Muller_E	441230	0.227008	0.67154	0.101452
Muller_E	511157	0.223729	0.678516	0.097755
Muller_E	557879	0.0604328	0.754983	0.184584
Muller_E	581000	0.222197	0.684806	0.092997
Muller_E	709108	0.225913	0.693701	0.0803865
Muller_E	768129	0.227639	0.697776	0.0745847
Muller_E	785241	0.228141	0.698956	0.0729035
Muller_E	787322	0.228202	0.699099	0.0726991
Muller_E	787424	0.228205	0.699106	0.0726891
Muller_E	788173	0.228227	0.699157	0.0726155
Muller_E	788750	0.228244	0.699197	0.0725588
Muller_E	788860	0.228247	0.699205	0.072548
Muller_E	791823	0.228334	0.699409	0.0722569
Muller_E	802257	0.228641	0.700127	0.0712321
Muller_E	893794	0.231344	0.70641	0.0622467
Muller_E	894300	0.231359	0.706444	0.0621971
Muller_E	896281	0.231417	0.70658	0.0620027
Muller_E	897287	0.231447	0.706649	0.0619041
Muller_E	897987	0.231468	0.706697	0.0618354
Muller_E	901015	0.231558	0.706904	0.0615383
Muller_E	901718	0.231579	0.706952	0.0614694
Muller_E	923408	0.232222	0.708436	0.0593419
Muller_E	923675	0.23223	0.708454	0.0593157
Muller_E	924320	0.23225	0.708498	0.0592524
Muller_E	927795	0.232353	0.708736	0.0589116
Muller_E	948021	0.232955	0.710117	0.0569283
Muller_E	948230	0.232961	0.710131	0.0569078
Muller_E	958531	0.233268	0.710835	0.0558978
Muller_E	967701	0.233541	0.71146	0.0549988
Muller_E	969142	0.233584	0.711558	0.0548576
Muller_E	1033237	0.235501	0.715923	0.0485764
Muller_E	1120573	0.238128	0.721848	0.0400235
Muller_E	1123171	0.238206	0.722024	0.0397692
Muller_E	1146845	0.238922	0.723626	0.0374518
Muller_E	1148492	0.238972	0.723738	0.0372906
Muller_E	1168315	0.239572	0.725078	0.0353506
Muller_E	1213395	0.24094	0.72812	0.0309396
Muller_E	1262309	0.24243	0.731415	0.0261548
Muller_E	1275111	0.242821	0.732276	0.0249027
Muller_E	1275707	0.242839	0.732317	0.0248444
Muller_E	1314313	0.24402	0.734911	0.0210691
Muller_E	1318297	0.244142	0.735178	0.0206795
Muller_E	1358440	0.245374	0.737871	0.0167547
Muller_E	1358616	0.245379	0.737883	0.0167375
Muller_E	1378824	0.246001	0.739237	0.0147619
Muller_E	1480336	0.249136	0.746024	0.00483978
Muller_E	1489232	0.386632	0.613003	0.000364907
Muller_E	1645912	0.24853	0.749113	0.00235687
Muller_E	1673398	0.248366	0.749575	0.00205955
Muller_E	1718642	0.24809	0.750349	0.00156084
Muller_E	1746815	0.247914	0.750841	0.00124444
Muller_E	1763447	0.247809	0.751135	0.00105553
Muller_E	1765039	0.247799	0.751164	0.00103737
Muller_E	1765159	0.247798	0.751166	0.001036
Muller_E	1765369	0.247797	0.75117	0.0010336
Muller_E	1771226	0.24776	0.751274	0.000966637
Muller_E	1799036	0.247581	0.751773	0.000646029
Muller_E	1802542	0.247558	0.751837	0.000605297
Muller_E	1802678	0.247557	0.751839	0.000603716
Muller_E	1803039	0.247555	0.751846	0.000599518
Muller_E	1803347	0.247553	0.751851	0.000595935
Muller_E	1805518	0.247539	0.751891	0.000570668
Muller_E	1812938	0.24749	0.752025	0.000484109
Muller_E	1813040	0.24749	0.752027	0.000482916
Muller_E	1815234	0.247475	0.752067	0.000457261
Muller_E	1815907	0.247471	0.75208	0.000449385
Muller_E	1816383	0.247468	0.752088	0.000443814
Muller_E	1831501	0.247369	0.752365	0.000266183
Muller_E	1850978	0.247239	0.752725	3.54147e-05
Muller_E	1851905	0.247233	0.752742	2.43774e-05
Muller_E	1852166	0.381498	0.618499	2.13178e-06
Muller_E	1857635	0.246984	0.753003	1.34725e-05
Muller_E	1861157	0.246824	0.753167	8.35548e-06
Muller_E	1861336	0.354324	0.645674	2.25774e-06
Muller_E	1861880	0.246767	0.753225	7.85814e-06
Muller_E	1866595	0.381846	0.618153	5.19054e-07
Muller_E	1870209	0.245693	0.754301	6.6602e-06
Muller_E	1871973	0.0627521	0.937232	1.57738e-05
Muller_E	1880064	0.245228	0.754765	7.2127e-06
Muller_E	1889333	0.245059	0.754935	6.87495e-06
Muller_E	1891195	0.37091	0.629089	1.03023e-06
Muller_E	1894320	0.244843	0.755149	8.49085e-06
Muller_E	1900363	0.244491	0.755497	1.17012e-05
Muller_E	1904375	0.244258	0.755728	1.37103e-05
Muller_E	1915469	0.243612	0.756369	1.87571e-05
Muller_E	1927060	0.242936	0.75704	2.32313e-05
Muller_E	1932459	0.242622	0.757353	2.50364e-05
Muller_E	1944351	0.241928	0.758044	2.83863e-05
Muller_E	1946702	0.24179	0.758181	2.89465e-05
Muller_E	1961660	0.240917	0.759052	3.17213e-05
Muller_E	1975567	0.240104	0.759863	3.30751e-05
Muller_E	2011856	0.495835	0.504163	2.67483e-06
Muller_E	2013122	0.237706	0.762261	3.32604e-05
Muller_E	2044597	0.230946	0.768968	8.57627e-05
Muller_E	2048236	0.230164	0.769745	9.14679e-05
Muller_E	2048434	0.230121	0.769787	9.17761e-05
Muller_E	2086567	0.221925	0.777928	0.000146918
Muller_E	2103366	0.218313	0.781519	0.000168523
Muller_E	2117584	0.215254	0.78456	0.000185511
Muller_E	2126123	0.213417	0.786388	0.000195138
Muller_E	2135792	0.211337	0.788458	0.000205516
Muller_E	2140907	0.210236	0.789554	0.000210781
Muller_E	2141169	0.210179	0.78961	0.000211046
Muller_E	2142715	0.209847	0.789941	0.000212604
Muller_E	2145389	0.209271	0.790514	0.000215265
Muller_E	2146953	0.208934	0.790849	0.000216801
Muller_E	2147057	0.208912	0.790871	0.000216903
Muller_E	2201852	0.19711	0.802629	0.000261363
Muller_E	2204792	0.196476	0.80326	0.000263231
Muller_E	2219543	0.193297	0.806431	0.0002718
Muller_E	2220290	0.193136	0.806592	0.000272198
Muller_E	2241628	0.188534	0.811183	0.000282109
Muller_E	2243471	0.188137	0.81158	0.000282832
Muller_E	2531559	0.205094	0.794883	2.33998e-05
Muller_E	2693610	0.0621768	0.937653	0.000170099
Muller_E	2696554	0.0610198	0.938811	0.000169217
Muller_E	2706179	0.0572364	0.942598	0.000165889
Muller_E	2713009	0.0545513	0.945286	0.000163114
Muller_E	2716202	0.0532959	0.946542	0.000161698
Muller_E	2721440	0.0512363	0.948605	0.000159212
Muller_E	2735475	0.0457168	0.954132	0.000151541
Muller_E	2763120	0.0348408	0.965027	0.000132093
Muller_E	2777976	0.0289938	0.970887	0.000119235
Muller_E	2779619	0.0283471	0.971535	0.000117709
Muller_E	2787347	0.0253048	0.974585	0.00011025
Muller_E	2788916	0.0246871	0.975204	0.000108679
Muller_E	2795398	0.0221349	0.977763	0.000101987
Muller_E	2798296	0.0209938	0.978907	9.88889e-05
Muller_E	2799305	0.0205964	0.979306	9.77948e-05
Muller_E	2800245	0.00287435	0.996942	0.000183196
Muller_E	2800507	0.0202122	0.979692	9.61374e-05
Muller_E	2800780	0.0201976	0.979707	9.54793e-05
Muller_E	2800932	0.0201895	0.979715	9.51126e-05
Muller_E	2801158	0.0201774	0.979728	9.45671e-05
Muller_E	2805736	0.019932	0.979985	8.34293e-05
Muller_E	2807233	0.0198518	0.980068	7.97513e-05
Muller_E	2807795	0.0198216	0.9801	7.83659e-05
Muller_E	2808363	0.0197912	0.980132	7.69632e-05
Muller_E	2809031	0.0197553	0.980169	7.53102e-05
Muller_E	2809272	0.0197424	0.980183	7.4713e-05
Muller_E	2809909	0.0197083	0.980219	7.31322e-05
Muller_E	2811470	0.0196245	0.980306	6.92449e-05
Muller_E	2811776	0.0196081	0.980323	6.84806e-05
Muller_E	2812117	0.0195898	0.980343	6.7628e-05
Muller_E	2815676	0.0193988	0.980543	5.86746e-05
Muller_E	2816259	0.0193675	0.980575	5.71983e-05
Muller_E	2817070	0.019324	0.980621	5.51403e-05
Muller_E	2817616	0.0192946	0.980652	5.37518e-05
Muller_E	2819402	0.0191987	0.980752	4.91933e-05
Muller_E	2820166	0.0354111	0.964583	5.59926e-06
Muller_E	2820386	0.0191351	0.980818	4.72954e-05
Muller_E	2820775	0.0190951	0.980858	4.74002e-05
Muller_E	2821135	0.019058	0.980894	4.7496e-05
Muller_E	2821440	0.0190267	0.980926	4.75765e-05
Muller_E	2826939	0.0184611	0.98149	4.89007e-05
Muller_E	2831172	0.0180256	0.981925	4.97576e-05
Muller_E	2831515	0.0179903	0.98196	4.98209e-05
Muller_E	2832336	0.0179058	0.982044	4.99685e-05
Muller_E	2833070	0.0178302	0.98212	5.00959e-05
Muller_E	2850717	0.00254358	0.997359	9.69316e-05
Muller_E	2853215	0.0159819	0.983968	5.04683e-05
Muller_E	2856496	0.0159414	0.98401	4.85408e-05
Muller_E	2856945	0.0159359	0.984016	4.82704e-05
Muller_E	2857481	0.0159292	0.984023	4.79455e-05
Muller_E	2858163	0.0159208	0.984032	4.75287e-05
Muller_E	2859754	0.0159011	0.984052	4.65421e-05
Muller_E	2859987	0.0158982	0.984055	4.63959e-05
Muller_E	2862604	0.0158657	0.98409	4.47243e-05
Muller_E	2866488	0.0158175	0.98414	4.21429e-05
Muller_E	2867267	0.0158078	0.984151	4.16107e-05
Muller_E	2868557	0.0157917	0.984168	4.07187e-05
Muller_E	2870085	0.0157727	0.984188	3.96451e-05
Muller_E	2870623	0.015766	0.984195	3.92626e-05
Muller_E	2876155	0.0156968	0.984268	3.51963e-05
Muller_E	2877151	0.0156843	0.984281	3.44383e-05
Muller_E	2886067	0.0155723	0.9844	2.73009e-05
Muller_E	2886534	0.0155665	0.984407	2.69096e-05
Muller_E	2887599	0.015553	0.984421	2.60107e-05
Muller_E	2887882	0.0155495	0.984425	2.57703e-05
Muller_E	2888492	0.0155418	0.984433	2.525e-05
Muller_E	2888607	0.0155403	0.984435	2.51516e-05
Muller_E	2890000	0.0155227	0.984453	2.39511e-05
Muller_E	2890387	0.0155179	0.984459	2.36148e-05
Muller_E	2890907	0.0155113	0.984466	2.31611e-05
Muller_E	2894764	0.0154625	0.984518	1.97285e-05
Muller_E	2899098	0.0154075	0.984577	1.573e-05
Muller_E	2901481	0.0153772	0.984609	1.34677e-05
Muller_E	2901643	0.0153752	0.984612	1.33122e-05
Muller_E	2902627	0.0153627	0.984625	1.23636e-05
Muller_E	2903432	0.0153524	0.984636	1.15818e-05
Muller_E	2904998	0.0153325	0.984657	1.00461e-05
Muller_E	2905994	0.0153198	0.984671	9.0592e-06
Muller_E	2907134	0.0153052	0.984687	7.91993e-06
Muller_E	2908511	0.0152876	0.984706	6.52999e-06
Muller_E	2909452	0.0152756	0.984719	5.57145e-06
Muller_E	2910160	0.0284568	0.971543	5.29263e-07
Muller_E	2911022	0.0152414	0.984754	4.88654e-06
Muller_E	2911252	0.0152347	0.98476	4.89646e-06
Muller_E	2911992	0.0152131	0.984782	4.92552e-06
Muller_E	2914672	0.0151348	0.98486	4.99425e-06
Muller_E	2915489	0.015111	0.984884	5.00381e-06
Muller_E	2918585	0.0150205	0.984975	4.99176e-06
Muller_E	2919015	0.0150079	0.984987	4.98405e-06
Muller_E	2919728	0.014987	0.985008	4.968e-06
Muller_E	2919971	0.0149799	0.985015	4.96161e-06
Muller_E	2921506	0.014935	0.98506	4.91033e-06
Muller_E	2922564	0.014904	0.985091	4.86406e-06
Muller_E	2922707	0.0148998	0.985095	4.85712e-06
Muller_E	2924226	0.0148554	0.98514	4.77334e-06
Muller_E	2925108	0.0148295	0.985166	4.71625e-06
Muller_E	2925552	0.0148165	0.985179	4.68516e-06
Muller_E	2928855	0.0147197	0.985276	4.40455e-06
Muller_E	2930674	0.0146663	0.985329	4.21286e-06
Muller_E	2931258	0.0454923	0.954507	4.68572e-07
Muller_E	2931592	0.014616	0.98538	4.37424e-06
Muller_E	2931798	0.0145955	0.9854	4.51474e-06
Muller_E	2932326	0.0145429	0.985452	4.87333e-06
Muller_E	2945623	0.0132192	0.986768	1.31766e-05
Muller_E	2945753	0.0132062	0.986781	1.32509e-05
Muller_E	2945878	0.0131938	0.986793	1.33222e-05
Muller_E	2946001	0.0131815	0.986805	1.33922e-05
Muller_E	2955783	0.0122068	0.987775	1.85767e-05
Muller_E	2957997	0.011986	0.987994	1.96448e-05
Muller_E	2959282	0.0118579	0.988122	2.02469e-05
Muller_E	2959697	0.0118165	0.988163	2.04385e-05
Muller_E	2959819	0.0118044	0.988175	2.04946e-05
Muller_E	2960759	0.0117106	0.988268	2.09227e-05
Muller_E	2961667	0.0116201	0.988359	2.13296e-05
Muller_E	2961801	0.0116067	0.988372	2.13891e-05
Muller_E	2963254	0.0114618	0.988516	2.2025e-05
Muller_E	2963568	0.0114305	0.988547	2.21602e-05
Muller_E	2975263	0.0102634	0.98971	2.6638e-05
Muller_E	2976725	0.0101174	0.989855	2.71212e-05
Muller_E	2977784	0.0100117	0.989961	2.74606e-05
Muller_E	2982473	0.00954335	0.990428	2.88561e-05
Muller_E	2984283	0.00936252	0.990608	2.93479e-05
Muller_E	2985483	0.00924263	0.990728	2.96596e-05
Muller_E	2985658	0.00922514	0.990745	2.97041e-05
Muller_E	2985908	0.00920016	0.99077	2.97672e-05
Muller_E	2987685	0.00902259	0.990947	3.02016e-05
Muller_E	2992894	0.00850191	0.991467	3.13299e-05
Muller_E	2993313	0.00846002	0.991509	3.14112e-05
Muller_E	2993798	0.00841153	0.991557	3.15036e-05
Muller_E	2994137	0.00837763	0.991591	3.15671e-05
Muller_E	2994487	0.00834263	0.991626	3.16317e-05
Muller_E	2994615	0.00832984	0.991639	3.16551e-05
Muller_E	2995123	0.00827904	0.991689	3.17465e-05
Muller_E	2995701	0.00822124	0.991747	3.18481e-05
Muller_E	2996048	0.00818654	0.991782	3.19078e-05
Muller_E	2996738	0.0152311	0.984765	3.50321e-06
Muller_E	2996880	0.00809064	0.991877	3.25998e-05
Muller_E	2997113	0.0080465	0.99192	3.35448e-05
Muller_E	2999116	0.00766703	0.992291	4.16529e-05
Muller_E	2999459	0.00760204	0.992355	4.30384e-05
Muller_E	3001420	0.0072305	0.992719	5.09434e-05
Muller_E	3001578	0.00720056	0.992748	5.15791e-05
Muller_E	3001696	0.00717821	0.99277	5.20537e-05
Muller_E	3002579	0.0070109	0.992934	5.56023e-05
Muller_E	3003095	0.00691312	0.993029	5.76733e-05
Muller_E	3003540	0.0068288	0.993112	5.94579e-05
Muller_E	3004120	0.0067189	0.993219	6.17816e-05
Muller_E	3005221	0.00651026	0.993424	6.6186e-05
Muller_E	3007967	0.00598987	0.993933	7.71326e-05
Muller_E	3012773	0.00507895	0.994825	9.6159e-05
Muller_E	3013331	0.00497317	0.994928	9.83571e-05
Muller_E	3013618	0.00491877	0.994982	9.94869e-05
Muller_E	3014080	0.00483119	0.995068	0.000101304
Muller_E	3014783	0.00469793	0.995198	0.000104066
Muller_E	3016296	0.0044111	0.995479	0.000109999
Muller_E	3017214	0.00423706	0.995649	0.000113591
Muller_E	3018320	0.00402737	0.995855	0.00011791
Muller_E	3018982	0.00390186	0.995978	0.000120491
Muller_E	3019303	0.003841	0.996037	0.000121741
Muller_E	3019831	0.00374089	0.996135	0.000123796
Muller_E	3021834	0.00336109	0.996507	0.000131573
Muller_E	3021944	0.00334023	0.996528	0.000131999
Muller_E	3023127	0.0031159	0.996748	0.000136577
Muller_E	3024474	0.00286046	0.996998	0.000141778
Muller_E	3024813	0.00279618	0.997061	0.000143085
Muller_E	3029421	0.00192222	0.997917	0.000160764
Muller_E	3029834	0.000290915	0.99941	0.000299529
Muller_E	3030101	0.00183597	0.998001	0.000162836
Muller_E	3033200	0.00174407	0.998087	0.000168547
Muller_E	3033901	0.00172327	0.998107	0.000169828
Muller_E	3034073	0.00171817	0.998112	0.000170142
Muller_E	3036032	0.00166002	0.998166	0.000173699
Muller_E	3038305	0.00159251	0.99823	0.000177787
Muller_E	3041816	0.00148816	0.998328	0.000184021
Muller_E	3044683	0.00140287	0.998408	0.000189037
Muller_E	3046757	0.00134113	0.998466	0.000192625
Muller_E	3046887	0.00133726	0.99847	0.000192849
Muller_E	3047900	0.00130709	0.998498	0.000194588
Muller_E	3048135	0.00130009	0.998505	0.00019499
Muller_E	3050664	0.00122473	0.998576	0.000199291
Muller_E	3051698	0.00119391	0.998605	0.000201034
Muller_E	3051968	0.00118586	0.998613	0.000201488
Muller_E	3052635	0.00116597	0.998631	0.000202607
Muller_E	3053197	0.00114921	0.998647	0.000203547
Muller_E	3056428	0.00105279	0.998738	0.000208901
Muller_E	3056712	0.00104431	0.998746	0.000209367
Muller_E	3058398	0.000993963	0.998794	0.000212124
Muller_E	3059687	0.000955454	0.99883	0.000214216
Muller_E	3061511	0.00090094	0.998882	0.000217154
Muller_E	3062406	0.000123798	0.99947	0.000406462
Muller_E	3062537	0.000873734	0.998908	0.000218623
Muller_E	3100018	0.000739961	0.999036	0.000223555
Muller_E	3100718	0.000737355	0.999039	0.000223539
Muller_E	3112367	0.0006934	0.999084	0.000222693
Muller_E	3112987	0.00069103	0.999086	0.000222617
Muller_E	3113420	0.000689373	0.999088	0.000222562
Muller_E	3116107	0.000679056	0.999099	0.000222188
Muller_E	3119432	0.000666208	0.999112	0.000221645
Muller_E	3119714	0.00124957	0.998724	2.66986e-05
Muller_E	3120862	0.000655809	0.999115	0.000229651
Muller_E	3122265	0.000644423	0.999116	0.000239482
Muller_E	3123364	0.000635493	0.999117	0.000247172
Muller_E	3124138	0.000629197	0.999118	0.000252582
Muller_E	3127464	0.000602091	0.999122	0.000275775
Muller_E	3128767	0.000591448	0.999124	0.000284837
Muller_E	3128895	0.000590401	0.999124	0.000285727
Muller_E	3129611	0.000584546	0.999125	0.0002907
Muller_E	3129743	0.000583466	0.999125	0.000291616
Muller_E	3130171	0.000579964	0.999125	0.000294586
Muller_E	3131529	0.000568842	0.999127	0.000304001
Muller_E	3137674	0.000518327	0.999135	0.000346417
Muller_E	3139976	0.000499325	0.999138	0.000362229
Muller_E	3143168	0.000472907	0.999143	0.000384084
Muller_E	3169152	0.000254809	0.999186	0.000558944
Muller_E	3170575	0.000242709	0.999189	0.000568363
Muller_E	3173857	0.000214738	0.999195	0.000590026
Muller_E	3192801	7.2278e-06	0.998667	0.00132602
Muller_E	3194086	5.02421e-05	0.999233	0.000717103
Muller_E	3194230	5.00893e-05	0.999232	0.00071752
Muller_E	3207603	3.51694e-05	0.999209	0.000755472
Muller_E	3207708	3.50465e-05	0.999209	0.000755764
Muller_E	3208070	3.46222e-05	0.999209	0.000756771
Muller_E	3208369	3.4271e-05	0.999208	0.000757602
Muller_E	3208507	4.33445e-06	0.998577	0.00141869
Muller_E	3208706	3.42441e-05	0.999208	0.000758055
Muller_E	3210124	3.52002e-05	0.999206	0.000758539
Muller_E	3211254	3.59505e-05	0.999205	0.000758914
Muller_E	3212088	3.64976e-05	0.999204	0.000759184
Muller_E	3216063	3.9028e-05	0.999201	0.000760393
Muller_E	3216461	7.38616e-05	0.999834	9.1723e-05
Muller_E	3217109	3.93147e-05	0.99919	0.000770607
Muller_E	3217441	3.93341e-05	0.999185	0.00077578
Muller_E	3217706	3.93489e-05	0.999181	0.000779908
Muller_E	3217825	3.93554e-05	0.999179	0.000781762
Muller_E	3218354	3.93828e-05	0.999171	0.000790002
Muller_E	3219292	3.94259e-05	0.999156	0.000804606
Muller_E	3219763	3.94448e-05	0.999149	0.000811936
Muller_E	3221459	3.94981e-05	0.999122	0.000838317
Muller_E	3222112	3.95124e-05	0.999112	0.000848469
Muller_E	3223012	3.95265e-05	0.999098	0.000862454
Muller_E	3223549	3.95318e-05	0.99909	0.000870795
Muller_E	3224815	3.9535e-05	0.99907	0.000890451
Muller_E	3226800	3.9514e-05	0.999039	0.000921245
Muller_E	3229718	3.94253e-05	0.998994	0.000966454
Muller_E	3240322	3.85235e-05	0.998831	0.00113016
Muller_E	3240918	3.84458e-05	0.998822	0.00113934
Muller_E	3241273	3.83982e-05	0.998817	0.0011448
Muller_E	3247835	3.73345e-05	0.998717	0.00124561
Muller_E	3251442	3.66016e-05	0.998663	0.00130087
Muller_E	3252203	3.64336e-05	0.998651	0.00131251
Muller_E	3254014	3.60148e-05	0.998624	0.00134021
Muller_E	3254518	5.02513e-06	0.997491	0.00250407
Muller_E	3255141	3.70845e-05	0.99861	0.00135274
Muller_E	3255365	3.7512e-05	0.998608	0.00135448
Muller_E	3259142	4.46581e-05	0.998572	0.00138368
Muller_E	3259935	4.61439e-05	0.998564	0.0013898
Muller_E	3262497	5.09092e-05	0.99854	0.00140953
Muller_E	3263708	5.31432e-05	0.998528	0.00141884
Muller_E	3264644	5.48617e-05	0.998519	0.00142603
Muller_E	3266132	5.75792e-05	0.998505	0.00143744
Muller_E	3266579	5.8392e-05	0.998501	0.00144086
Muller_E	3266806	5.88042e-05	0.998499	0.0014426
Muller_E	3269029	6.28185e-05	0.998478	0.0014596
Muller_E	3271700	6.7589e-05	0.998452	0.00147997
Muller_E	3271881	6.79102e-05	0.998451	0.00148135
Muller_E	3273894	7.14645e-05	0.998432	0.00149666
Muller_E	3275081	7.35449e-05	0.998421	0.00150568
Muller_E	3275989	7.51287e-05	0.998412	0.00151256
Muller_E	3278049	7.86971e-05	0.998393	0.00152817
Muller_E	3280894	8.3569e-05	0.998367	0.00154966
Muller_E	3282107	8.56263e-05	0.998356	0.0015588
Muller_E	3282973	8.70878e-05	0.998348	0.00156532
Muller_E	3284532	8.97035e-05	0.998333	0.00157704
Muller_E	3291321	0.000100865	0.998271	0.00162786
Muller_E	3291878	0.000101765	0.998266	0.00163202
Muller_E	3293351	0.00010413	0.998253	0.00164299
Muller_E	3293759	0.000104783	0.998249	0.00164602
Muller_E	3304917	0.000122099	0.998149	0.00172852
Muller_E	3306663	0.000124717	0.998134	0.00174134
Muller_E	3306880	0.000125041	0.998132	0.00174293
Muller_E	3310127	0.00012984	0.998103	0.0017667
Muller_E	3312301	0.000133005	0.998084	0.00178256
Muller_E	3312718	0.000133608	0.998081	0.0017856
Muller_E	3318766	0.000142192	0.998028	0.00182952
Muller_E	3323588	0.000148824	0.997987	0.00186432
Muller_E	3324201	0.000149654	0.997982	0.00186873
Muller_E	3324656	0.000150268	0.997978	0.001872
Muller_E	3325091	0.000150853	0.997974	0.00187513
Muller_E	3326084	0.000152184	0.997966	0.00188226
Muller_E	3326190	0.000152325	0.997965	0.00188302
Muller_E	3330218	0.000157637	0.99793	0.00191186
Muller_E	3334866	0.000163604	0.997891	0.00194499
Muller_E	3337545	0.000166963	0.997869	0.001964
Muller_E	3340268	0.000170319	0.997846	0.00198326
Muller_E	3340480	0.000170578	0.997845	0.00198476
Muller_E	3410593	0.000236244	0.997304	0.00246008
Muller_E	3431230	0.000248016	0.99716	0.00259245
Muller_E	3437416	0.000250876	0.997118	0.00263146
Muller_E	3456916	0.00025787	0.99699	0.00275241
Muller_E	3457694	0.000258085	0.996985	0.00275717
Muller_E	3459001	0.000258436	0.996976	0.00276516
Muller_E	3462300	0.00025926	0.996955	0.00278527
Muller_E	3464519	0.000259766	0.996941	0.00279874
Muller_E	3464673	0.000259799	0.996941	0.00279968
Muller_E	3477602	0.000261937	0.996861	0.00287738
Muller_E	3525631	0.000258079	0.996588	0.00315426
Muller_E	3546828	0.000250463	0.996479	0.00327057
Muller_E	3557059	0.000245492	0.996429	0.00332541
Muller_E	3566467	0.000240176	0.996385	0.0033751
Muller_E	3572057	0.00023668	0.996359	0.00340429
Muller_E	3572168	0.000236608	0.996359	0.00340486
Muller_E	3579272	0.000231795	0.996327	0.00344159
Muller_E	3579502	0.000231632	0.996326	0.00344277
Muller_E	3582419	0.000414313	0.998894	0.000692079
Muller_E	3590131	0.000212767	0.996059	0.00372815
Muller_E	3605233	0.000178563	0.995565	0.00425632
Muller_E	3610748	0.000165619	0.995386	0.00444875
Muller_E	3611776	0.00016318	0.995352	0.00448459
Muller_E	3615071	0.000155304	0.995245	0.00459942
Muller_E	3617701	0.000148955	0.99516	0.00469101
Muller_E	3617818	0.000148671	0.995156	0.00469509
Muller_E	3617948	0.000148356	0.995152	0.00469961
Muller_E	3623404	0.000134999	0.994976	0.00488944
Muller_E	3630035	2.82565e-05	0.986062	0.0139101
Muller_E	3631532	0.000118565	0.994745	0.00513669
Muller_E	3634067	0.000118723	0.994716	0.00516523
Muller_E	3642157	0.000118884	0.994625	0.00525595
Muller_E	3643438	0.000118861	0.994611	0.00527027
Muller_E	3645674	0.000118789	0.994586	0.00529522
Muller_E	3652519	0.00011832	0.99451	0.00537138
Muller_E	3655257	0.000118027	0.99448	0.00540174
Muller_E	3657953	0.000117679	0.994451	0.00543157
Muller_E	3660200	0.000117345	0.994426	0.00545639
Muller_E	3665461	0.000116404	0.994369	0.00551435
Muller_E	3670065	0.000115397	0.99432	0.00556488
Muller_E	3757777	6.36803e-05	0.993441	0.0064953
Muller_E	3766114	5.55483e-05	0.993364	0.00658054
Muller_E	3770199	5.13601e-05	0.993327	0.00662211
Muller_E	3771242	5.02692e-05	0.993317	0.0066327
Muller_E	3775369	4.58673e-05	0.99328	0.00667452
Muller_E	3781958	3.85559e-05	0.99322	0.00674101
Muller_E	3788305	3.11835e-05	0.993164	0.00680473
Muller_E	3788531	3.0915e-05	0.993162	0.00680699
Muller_E	3788717	5.44773e-06	0.987661	0.0123338
Muller_E	3791492	3.15179e-05	0.993152	0.00681618
Muller_E	3791929	3.1642e-05	0.993151	0.00681733
Muller_E	3794089	3.2233e-05	0.993145	0.00682298
Muller_E	3798034	3.32156e-05	0.993134	0.0068332
Muller_E	3805877	3.47976e-05	0.993112	0.00685316
Muller_E	3808116	3.51584e-05	0.993106	0.00685877
Muller_E	3837593	3.61519e-05	0.993035	0.00692886
Muller_E	3889492	2.09281e-05	0.992944	0.00703542
Muller_E	3892070	1.96075e-05	0.99294	0.00704015
Muller_E	3892768	1.92408e-05	0.992939	0.00704143
Muller_E	3893846	1.86667e-05	0.992938	0.00704338
Muller_E	3895236	3.13699e-06	0.98722	0.0127767
Muller_E	3896701	1.86453e-05	0.992942	0.00703893
Muller_E	3964144	3.36978e-05	0.993267	0.0066996
Muller_E	3964249	3.36927e-05	0.993267	0.00669904
Muller_E	3964701	3.36699e-05	0.99327	0.00669664
Muller_E	3965335	3.36351e-05	0.993273	0.00669328
Muller_E	3965537	3.36233e-05	0.993274	0.00669221
Muller_E	3971184	3.31615e-05	0.993305	0.00666208
Muller_E	4005791	2.47306e-05	0.993503	0.00647192
Muller_E	4007537	2.405e-05	0.993514	0.00646207
Muller_E	4008073	2.38362e-05	0.993517	0.00645904
Muller_E	4008732	2.35701e-05	0.993521	0.00645532
Muller_E	4009275	2.33482e-05	0.993524	0.00645224
Muller_E	4009794	2.31339e-05	0.993528	0.00644931
Muller_E	4010462	2.28549e-05	0.993532	0.00644552
Muller_E	4011246	2.25229e-05	0.993536	0.00644107
Muller_E	4011350	2.24785e-05	0.993537	0.00644048
Muller_E	4011743	2.23099e-05	0.993539	0.00643825
Muller_E	4012926	2.17948e-05	0.993547	0.00643152
Muller_E	4015010	2.086e-05	0.993559	0.00641965
Muller_E	4015956	2.04242e-05	0.993565	0.00641424
Muller_E	4016731	2.00618e-05	0.99357	0.00640981
Muller_E	4017133	1.98719e-05	0.993573	0.00640751
Muller_E	4017640	1.96305e-05	0.993576	0.00640461
Muller_E	4021078	1.79394e-05	0.993597	0.00638487
Muller_E	4021876	1.75332e-05	0.993602	0.00638027
Muller_E	4022513	1.72054e-05	0.993606	0.0063766
Muller_E	4022928	1.699e-05	0.993609	0.00637421
Muller_E	4024532	1.61446e-05	0.993619	0.00636494
Muller_E	4024639	1.60875e-05	0.99362	0.00636432
Muller_E	4025270	1.57487e-05	0.993624	0.00636067
Muller_E	4027169	1.47098e-05	0.993636	0.00634967
Muller_E	4027437	1.45608e-05	0.993637	0.00634811
Muller_E	4027764	1.43783e-05	0.993639	0.00634621
Muller_E	4029270	1.35265e-05	0.993649	0.00633745
Muller_E	4032202	1.18159e-05	0.993668	0.00632035
Muller_E	4032327	1.17415e-05	0.993669	0.00631962
Muller_E	4033521	1.10238e-05	0.993676	0.00631264
Muller_E	4033797	1.08563e-05	0.993678	0.00631102
Muller_E	4036360	9.27148e-06	0.993695	0.00629598
Muller_E	4037138	8.77994e-06	0.9937	0.00629141
Muller_E	4037610	8.47936e-06	0.993703	0.00628863
Muller_E	4040496	6.6025e-06	0.993722	0.00627161
Muller_E	4040949	6.30182e-06	0.993725	0.00626893
Muller_E	4045900	2.90789e-06	0.993758	0.00623955
Muller_E	4046078	2.7822e-06	0.993759	0.00623849
Muller_E	4046843	2.2391e-06	0.993764	0.00623393
Muller_E	4047581	2.66683e-07	0.988577	0.0114228
Muller_E	4048275	1.67141e-06	0.993779	0.00621932
Muller_E	4048700	1.64543e-06	0.993785	0.00621307
Muller_E	4053592	1.24171e-06	0.993858	0.00614102
Muller_E	4056223	9.44939e-07	0.993897	0.00610219
Muller_E	4056545	9.04791e-07	0.993902	0.00609744
Muller_E	4056951	8.52981e-07	0.993908	0.00609144
Muller_E	4057601	7.6727e-07	0.993917	0.00608183
Muller_E	4057720	7.5121e-07	0.993919	0.00608007
Muller_E	4058043	7.07045e-07	0.993924	0.0060753
Muller_E	4058149	1.22308e-07	0.988986	0.0110142
Muller_E	4058704	7.31293e-07	0.993942	0.00605772
Muller_E	4059417	7.77663e-07	0.993962	0.00603714
Muller_E	4059965	8.10522e-07	0.993978	0.00602132
Muller_E	4061381	8.84237e-07	0.994019	0.00598043
Muller_E	4061745	9.00579e-07	0.994029	0.00596991
Muller_E	4062020	9.12218e-07	0.994037	0.00596197
Muller_E	4062507	1.73601e-06	0.999129	0.000869661
Muller_E	4062941	9.13416e-07	0.994051	0.00594843
Muller_E	4064035	8.61515e-07	0.994049	0.00594976
Muller_E	4064680	8.264e-07	0.994049	0.00595054
Muller_E	4064829	8.17812e-07	0.994048	0.00595072
Muller_E	4065474	7.78575e-07	0.994048	0.00595149
Muller_E	4065574	7.72192e-07	0.994048	0.00595161
Muller_E	4066028	7.422e-07	0.994047	0.00595216
Muller_E	4067541	6.3027e-07	0.994045	0.00595395
Muller_E	4067967	5.95431e-07	0.994045	0.00595446
Muller_E	4068535	5.46706e-07	0.994044	0.00595512
Muller_E	4069245	4.82147e-07	0.994044	0.00595595
Muller_E	4070105	3.98515e-07	0.994043	0.00595696
Muller_E	4071088	2.9563e-07	0.994042	0.00595809
Muller_E	4071641	2.34332e-07	0.994041	0.00595873
Muller_E	4072126	1.78545e-07	0.994041	0.00595929
Muller_E	4072768	1.58021e-08	0.989065	0.0109351
Muller_E	4072973	1.01899e-07	0.994041	0.00595898
Muller_E	4073359	1.01191e-07	0.994043	0.00595703
Muller_E	4075135	8.94466e-09	0.980636	0.0193643
Muller_E	4075254	9.43938e-08	0.994055	0.00594497
Muller_E	4076053	1.7144e-07	0.994075	0.00592446
Muller_E	4077160	2.69696e-07	0.994104	0.00589603
Muller_E	4078165	3.50357e-07	0.994129	0.00587021
Muller_E	4078690	5.36557e-08	0.981691	0.0183085
Muller_E	4078900	5.23216e-07	0.99416	0.00583911
Muller_E	4079010	5.93242e-07	0.99417	0.00582988
Muller_E	4079297	7.7549e-07	0.994193	0.00580581
Muller_E	4081728	2.29278e-06	0.994396	0.00560186
Muller_E	4082079	2.50795e-06	0.994425	0.00557241
Muller_E	4083988	3.66093e-06	0.994584	0.00541222
Muller_E	4085715	4.67887e-06	0.994728	0.00526728
Muller_E	4089306	6.71906e-06	0.995027	0.00496582
Muller_E	4089803	6.99329e-06	0.995069	0.00492409
Muller_E	4092778	8.59346e-06	0.995317	0.00467426
Muller_E	4092894	8.65442e-06	0.995327	0.00466452
Muller_E	4098915	1.16703e-05	0.99583	0.00415866
Muller_E	4109650	1.63263e-05	0.996728	0.00325604
Muller_E	4113217	3.1885e-05	0.999377	0.000591501
Muller_E	4113538	4.64619e-05	0.999178	0.000775131
Muller_E	4114422	1.71726e-05	0.997034	0.00294922
Muller_E	4114803	1.69537e-05	0.997034	0.00294857
Muller_E	4115118	1.67717e-05	0.997035	0.00294803
Muller_E	4116856	1.57536e-05	0.997039	0.00294502
Muller_E	4117074	1.56241e-05	0.99704	0.00294464
Muller_E	4117473	1.53862e-05	0.997041	0.00294394
Muller_E	4118970	1.44822e-05	0.997044	0.00294133
Muller_E	4121851	2.41172e-05	0.999668	0.000308293
Muller_E	4122071	1.24055e-05	0.997046	0.00294174
Muller_E	4122393	1.19862e-05	0.997038	0.00294979
Muller_E	4122818	1.59815e-06	0.994506	0.00549197
Muller_E	4124318	1.15084e-05	0.997009	0.00297963
Muller_E	4124418	1.15129e-05	0.997008	0.00298091
Muller_E	4126492	1.15879e-05	0.996981	0.00300745
Muller_E	4127527	1.16123e-05	0.996968	0.00302069
Muller_E	4127720	1.16159e-05	0.996965	0.00302315
Muller_E	4128101	1.16222e-05	0.99696	0.00302802
Muller_E	4128234	1.16241e-05	0.996959	0.00302972
Muller_E	4130334	1.16351e-05	0.996932	0.00305653
Muller_E	4132221	1.16146e-05	0.996908	0.00308059
Muller_E	4134741	1.15425e-05	0.996876	0.00311268
Muller_E	4134982	1.15329e-05	0.996873	0.00311574
Muller_E	4136547	1.14593e-05	0.996853	0.00313564
Muller_E	4140224	1.12085e-05	0.996806	0.00318231
Muller_E	4140902	1.11503e-05	0.996798	0.00319091
Muller_E	4141485	1.10974e-05	0.996791	0.0031983
Muller_E	4143836	1.08559e-05	0.996761	0.00322806
Muller_E	4144350	1.07972e-05	0.996755	0.00323456
Muller_E	4144848	1.07383e-05	0.996748	0.00324085
Muller_E	4150850	9.87061e-06	0.996674	0.00331658
Muller_E	4151927	9.68417e-06	0.99666	0.00333014
Muller_E	4154621	9.17681e-06	0.996627	0.00336401
Muller_E	4159745	8.05025e-06	0.996564	0.00342828
Muller_E	4159958	7.99883e-06	0.996561	0.00343095
Muller_E	4160923	7.76131e-06	0.996549	0.00344303
Muller_E	4161787	7.54227e-06	0.996539	0.00345383
Muller_E	4162162	7.44533e-06	0.996534	0.00345852
Muller_E	4163984	6.95818e-06	0.996512	0.00348129
Muller_E	4164218	6.89368e-06	0.996509	0.00348421
Muller_E	4164859	6.71472e-06	0.996501	0.00349221
Muller_E	4165033	6.66557e-06	0.996499	0.00349438
Muller_E	4165157	6.63039e-06	0.996497	0.00349593
Muller_E	4165383	6.56596e-06	0.996495	0.00349875
Muller_E	4165808	6.44368e-06	0.99649	0.00350405
Muller_E	4165958	6.40018e-06	0.996488	0.00350592
Muller_E	4166062	6.36991e-06	0.996486	0.00350722
Muller_E	4166243	6.31702e-06	0.996484	0.00350948
Muller_E	4166628	6.20364e-06	0.99648	0.00351428
Muller_E	4168755	5.55571e-06	0.996454	0.00354078
Muller_E	4172546	4.31043e-06	0.996408	0.00358791
Muller_E	4172827	4.21351e-06	0.996404	0.0035914
Muller_E	4173860	3.85175e-06	0.996392	0.00360422
Muller_E	4176100	3.03774e-06	0.996365	0.003632
Muller_E	4176326	5.2276e-07	0.993395	0.00660457
Muller_E	4176826	2.99963e-06	0.996359	0.0036375
Muller_E	4177022	3.01721e-06	0.996358	0.00363856
Muller_E	4178339	3.12734e-06	0.996351	0.00364567
Muller_E	4178608	3.14812e-06	0.99635	0.00364713
Muller_E	4179326	3.2007e-06	0.996346	0.003651
Muller_E	4180712	3.29045e-06	0.996338	0.00365846
Muller_E	4180966	3.30522e-06	0.996337	0.00365982
Muller_E	4184926	3.46813e-06	0.996315	0.00368104
Muller_E	4185178	3.47421e-06	0.996314	0.00368239
Muller_E	4185319	3.47739e-06	0.996313	0.00368314
Muller_E	4185532	3.48189e-06	0.996312	0.00368428
Muller_E	4187632	3.50668e-06	0.996301	0.00369547
Muller_E	4188227	3.50724e-06	0.996298	0.00369863
Muller_E	4188670	3.5058e-06	0.996296	0.00370098
Muller_E	4192621	3.42291e-06	0.996275	0.00372191
Muller_E	4193546	3.38531e-06	0.99627	0.00372679
Muller_E	4194407	3.34411e-06	0.996265	0.00373133
Muller_E	4195783	3.26585e-06	0.996258	0.00373857
Muller_E	4196010	3.25147e-06	0.996257	0.00373976
Muller_E	4197440	3.15133e-06	0.99625	0.00374726
Muller_E	4198223	3.08952e-06	0.996246	0.00375137
Muller_E	4199021	3.02142e-06	0.996241	0.00375554
Muller_E	4199203	3.00518e-06	0.996241	0.00375649
Muller_E	4199424	2.98509e-06	0.996239	0.00375765
Muller_E	4199639	2.96516e-06	0.996238	0.00375877
Muller_E	4199983	2.93251e-06	0.996236	0.00376057
Muller_E	4203293	2.56954e-06	0.99622	0.00377781
Muller_E	4205814	2.23381e-06	0.996207	0.00379088
Muller_E	4206134	2.18753e-06	0.996205	0.00379253
Muller_E	4207588	1.96682e-06	0.996198	0.00380004
Muller_E	4210680	1.4408e-06	0.996183	0.00381596
Muller_E	4210928	2.1795e-07	0.992986	0.0070137
Muller_E	4211312	1.44725e-06	0.996181	0.00381724
Muller_E	4211755	1.50574e-06	0.996181	0.00381725
Muller_E	4213444	1.71423e-06	0.996181	0.00381727
Muller_E	4216650	2.04668e-06	0.996181	0.00381724
Muller_E	4217058	2.08304e-06	0.996181	0.00381723
Muller_E	4217453	2.11696e-06	0.996181	0.00381722
Muller_E	4217565	2.12635e-06	0.996181	0.00381722
Muller_E	4217669	2.13498e-06	0.996181	0.00381722
Muller_E	4217825	2.14775e-06	0.996181	0.00381721
Muller_E	4218923	2.23214e-06	0.996181	0.00381717
Muller_E	4225215	2.52817e-06	0.996181	0.00381676
Muller_E	4232774	2.46149e-06	0.996182	0.00381585
Muller_E	4235298	3.26295e-07	0.981248	0.018752
Muller_E	4245993	7.08771e-06	0.996384	0.00360923
Muller_E	4252835	9.64366e-06	0.996514	0.00347682
Muller_E	4253725	9.94839e-06	0.99653	0.00345957
Muller_E	4256197	1.07613e-05	0.996578	0.00341163
Muller_E	4261234	1.22653e-05	0.996674	0.00331378
Muller_E	4262892	1.96539e-06	0.99396	0.00603776
Muller_E	4263238	1.35896e-05	0.996718	0.0032688
Muller_E	4263588	1.44728e-05	0.99673	0.00325593
Muller_E	4264621	1.70737e-05	0.996765	0.00321795
Muller_E	4266950	2.29066e-05	0.996845	0.00313228
Muller_E	4267529	2.43499e-05	0.996865	0.00311097
Muller_E	4276223	4.5701e-05	0.997164	0.00279075
Muller_E	4311688	0.000126544	0.998395	0.00147823
Muller_E	4311965	0.000127136	0.998405	0.00146794
Muller_E	4312254	0.000127753	0.998415	0.0014572
Muller_E	4312510	0.000242345	0.999593	0.00016421
Muller_E	4334492	0.0001446	0.998472	0.00138325
Muller_E	4352032	0.000154807	0.998516	0.00132903
Muller_E	4353438	0.000155517	0.99852	0.00132457
Muller_E	4356857	0.000157179	0.998529	0.00131368
Muller_E	4360054	0.000158646	0.998538	0.0013034
Muller_E	4374783	0.000164343	0.998581	0.001255
Muller_E	4374946	0.000164396	0.998581	0.00125445
Muller_E	4381350	0.000166317	0.998601	0.00123286
Muller_E	4558836	8.76505e-05	0.99941	0.000502441
Muller_E	4562012	8.39226e-05	0.999429	0.000487052
Muller_E	4564083	8.14477e-05	0.999442	0.000476974
Muller_E	4564194	8.13141e-05	0.999442	0.000476432
Muller_E	4568491	7.60647e-05	0.999469	0.000455406
Muller_E	4569115	7.52899e-05	0.999472	0.00045234
Muller_E	4569749	7.44995e-05	0.999476	0.000449222
Muller_E	4570340	7.37598e-05	0.99948	0.000446312
Muller_E	4571890	7.18064e-05	0.99949	0.000438668
Muller_E	4572624	7.08746e-05	0.999494	0.000435041
Muller_E	4573491	6.97683e-05	0.999499	0.000430751
Muller_E	4573809	6.9361e-05	0.999501	0.000429177
Muller_E	4577361	6.4756e-05	0.999524	0.00041153
Muller_E	4577462	6.46236e-05	0.999524	0.000411027
Muller_E	4578308	6.3511e-05	0.99953	0.000406808
Muller_E	4580664	6.03822e-05	0.999545	0.000395029
Muller_E	4580954	5.9994e-05	0.999546	0.000393576
Muller_E	4581769	5.88993e-05	0.999552	0.000389489
Muller_E	4581909	5.87107e-05	0.999553	0.000388786
Muller_E	4583019	5.72098e-05	0.99956	0.00038321
Muller_E	4583393	5.67019e-05	0.999562	0.000381329
Muller_E	4583516	5.65346e-05	0.999563	0.00038071
Muller_E	4584473	5.52288e-05	0.999569	0.00037589
Muller_E	4589180	4.86981e-05	0.999599	0.000352078
Muller_E	4590247	4.71928e-05	0.999606	0.000346655
Muller_E	4591539	4.53577e-05	0.999615	0.000340076
Muller_E	4593253	4.29024e-05	0.999626	0.000331328
Muller_E	4593508	4.25351e-05	0.999627	0.000330024
Muller_E	4593974	4.18624e-05	0.99963	0.000327641
Muller_E	4595111	4.02139e-05	0.999638	0.000321817
Muller_E	4595303	3.99345e-05	0.999639	0.000320833
Muller_E	4597548	3.66453e-05	0.999654	0.000309301
Muller_E	4597833	3.62248e-05	0.999656	0.000307834
Muller_E	4600306	3.25486e-05	0.999672	0.000295079
Muller_E	4607273	3.40802e-06	0.999519	0.00047741
Muller_E	4607398	2.19388e-05	0.99972	0.00025764
Muller_E	4610441	2.22178e-05	0.99975	0.000227508
Muller_E	4611041	2.2264e-05	0.999756	0.000221558
Muller_E	4611562	2.23017e-05	0.999761	0.000216389
Muller_E	4611697	2.23112e-05	0.999763	0.00021505
Muller_E	4612447	2.23608e-05	0.99977	0.000207604
Muller_E	4612733	2.23785e-05	0.999773	0.000204764
Muller_E	4612927	2.23902e-05	0.999775	0.000202836
Muller_E	4613148	2.24031e-05	0.999777	0.000200641
Muller_E	4614502	2.24735e-05	0.99979	0.00018718
Muller_E	4615888	2.25302e-05	0.999804	0.000173385
Muller_E	4616173	2.25399e-05	0.999807	0.000170547
Muller_E	4616508	2.25505e-05	0.99981	0.000167209
Muller_E	4616663	2.25551e-05	0.999812	0.000165665
Muller_E	4618190	4.26786e-05	0.999941	1.66923e-05
Muller_E	4619781	2.19573e-05	0.999829	0.000149528
Muller_E	4622166	2.09705e-05	0.999831	0.000148123
Muller_E	4626314	1.91446e-05	0.999835	0.000145569
Muller_E	4626864	1.88921e-05	0.999836	0.00014522
Muller_E	4627368	1.86585e-05	0.999836	0.000144898
Muller_E	4627488	1.86025e-05	0.999837	0.000144821
Muller_E	4633961	1.54133e-05	0.999844	0.000140496
Muller_E	4635834	4.80482e-06	0.999763	0.000231986
Muller_E	4636452	1.44694e-05	0.999847	0.000138135
Muller_E	4637295	1.45219e-05	0.999849	0.000136703
Muller_E	4640891	1.46813e-05	0.999855	0.000130531
Muller_E	4645727	1.47306e-05	0.999863	0.000122064
Muller_E	4646376	1.47228e-05	0.999864	0.000120914
Muller_E	4646798	1.47159e-05	0.999865	0.000120164
Muller_E	4653320	1.4426e-05	0.999877	0.00010839
Muller_E	4656520	1.41578e-05	0.999883	0.000102487
Muller_E	4672665	1.154e-05	0.999917	7.14408e-05
Muller_E	4674140	1.11956e-05	0.99992	6.84992e-05
Muller_E	4675745	1.08009e-05	0.999924	6.52784e-05
Muller_E	4676485	1.92467e-05	0.999969	1.18889e-05
Muller_E	4677110	1.02265e-05	0.999926	6.39402e-05
Muller_E	4677655	9.88799e-06	0.999926	6.40718e-05
Muller_E	4678986	9.05106e-06	0.999927	6.43831e-05
Muller_E	4680223	8.26038e-06	0.999927	6.46596e-05
Muller_E	4682403	6.83678e-06	0.999928	6.51166e-05
Muller_E	4682621	6.69231e-06	0.999928	6.51602e-05
Muller_E	4684270	5.58699e-06	0.999929	6.54774e-05
Muller_E	4685491	4.75437e-06	0.99993	6.56981e-05
Muller_E	4686019	4.39058e-06	0.99993	6.57898e-05
Muller_E	4687101	3.63803e-06	0.99993	6.59707e-05
Muller_E	4689628	3.59284e-07	0.999806	0.000193586
Muller_E	4690052	1.80466e-06	0.999932	6.58825e-05
Muller_E	4690344	1.77704e-06	0.999933	6.55555e-05
Muller_E	4690905	1.72204e-06	0.999933	6.49253e-05
Muller_E	4691125	1.69977e-06	0.999934	6.46775e-05
Muller_E	4691712	1.63844e-06	0.999934	6.40143e-05
Muller_E	4691999	2.97724e-06	0.999988	9.42245e-06
Muller_E	4692111	2.48671e-07	0.999882	0.000117568
Muller_E	4693234	1.68503e-06	0.999934	6.42007e-05
Muller_E	4693620	1.7193e-06	0.999934	6.43313e-05
Muller_E	4693753	1.73083e-06	0.999934	6.4376e-05
Muller_E	4694021	3.65339e-07	0.999884	0.000115495
Muller_E	4694592	2.11922e-06	0.999934	6.43095e-05
Muller_E	4696429	3.27747e-06	0.999933	6.37893e-05
Muller_E	4696792	3.50311e-06	0.999933	6.36833e-05
Muller_E	4699402	5.09408e-06	0.999932	6.28895e-05
Muller_E	4700957	6.01574e-06	0.999932	6.23903e-05
Muller_E	4702606	6.97171e-06	0.999931	6.18396e-05
Muller_E	4708142	1.00201e-05	0.99993	5.98297e-05
Muller_E	4712097	1.20459e-05	0.99993	5.82419e-05
Muller_E	4713898	1.29264e-05	0.99993	5.74768e-05
Muller_E	4714194	1.30686e-05	0.99993	5.73486e-05
Muller_E	4717094	1.44243e-05	0.99993	5.60546e-05
Muller_E	4717794	1.47413e-05	0.99993	5.5732e-05
Muller_E	4720564	1.59569e-05	0.99993	5.44167e-05
Muller_E	4722390	1.67243e-05	0.99993	5.35157e-05
Muller_E	4727534	1.87409e-05	0.99993	5.08322e-05
Muller_E	4730688	1.98713e-05	0.999931	4.90809e-05
Muller_E	4731377	2.01076e-05	0.999931	4.86876e-05
Muller_E	4732944	2.06305e-05	0.999932	4.77788e-05
Muller_E	4738342	2.22798e-05	0.999933	4.4496e-05
Muller_E	4739398	2.25748e-05	0.999934	4.38262e-05
Muller_E	4742492	2.33873e-05	0.999935	4.18117e-05
Muller_E	4745718	2.41519e-05	0.999936	3.96288e-05
Muller_E	4746457	2.43152e-05	0.999937	3.91168e-05
Muller_E	4748015	2.4645e-05	0.999937	3.80231e-05
Muller_E	4748352	2.47137e-05	0.999938	3.77839e-05
Muller_E	4748630	2.47697e-05	0.999938	3.75859e-05
Muller_E	4751071	2.52347e-05	0.999939	3.58206e-05
Muller_E	4751685	2.53441e-05	0.999939	3.53689e-05
Muller_E	4751817	2.53672e-05	0.999939	3.52714e-05
Muller_E	4752607	2.55025e-05	0.99994	3.4685e-05
Muller_E	4752773	2.55303e-05	0.99994	3.45611e-05
Muller_E	4753826	2.57015e-05	0.999941	3.37702e-05
Muller_E	4754671	2.58324e-05	0.999941	3.3129e-05
Muller_E	4756619	2.6112e-05	0.999942	3.16288e-05
Muller_E	4759191	2.64342e-05	0.999944	2.9601e-05
Muller_E	4761262	2.66547e-05	0.999945	2.79292e-05
Muller_E	4761866	2.67125e-05	0.999946	2.74351e-05
