chrom	position	2,0	1,1	0,2
Muller_E	62882	0.168362	0.468324	0.363314
Muller_E	267432	0.161283	0.480654	0.358063
Muller_E	441230	0.155253	0.491109	0.353638
Muller_E	511157	0.152822	0.495312	0.351866
Muller_E	557879	0.151195	0.49812	0.350685
Muller_E	581000	0.150389	0.49951	0.350101
Muller_E	709108	0.145918	0.50721	0.346872
Muller_E	768129	0.143853	0.510758	0.345389
Muller_E	785241	0.143254	0.511787	0.344959
Muller_E	787322	0.143181	0.511912	0.344907
Muller_E	787424	0.143177	0.511918	0.344905
Muller_E	788173	0.143151	0.511963	0.344886
Muller_E	788750	0.143131	0.511998	0.344871
Muller_E	788860	0.143127	0.512005	0.344868
Muller_E	791823	0.143023	0.512183	0.344794
Muller_E	802257	0.142657	0.51281	0.344532
Muller_E	893794	0.139444	0.518318	0.342238
Muller_E	894300	0.139427	0.518348	0.342225
Muller_E	896281	0.139357	0.518467	0.342176
Muller_E	897287	0.139322	0.518528	0.34215
Muller_E	897987	0.139297	0.51857	0.342133
Muller_E	901015	0.139191	0.518752	0.342057
Muller_E	901718	0.139166	0.518795	0.34204
Muller_E	923408	0.138403	0.5201	0.341497
Muller_E	923675	0.138394	0.520116	0.34149
Muller_E	924320	0.138371	0.520155	0.341474
Muller_E	927795	0.138249	0.520364	0.341387
Muller_E	948021	0.137537	0.521582	0.340881
Muller_E	948230	0.137529	0.521595	0.340876
Muller_E	958531	0.137167	0.522215	0.340618
Muller_E	967701	0.136844	0.522768	0.340389
Muller_E	969142	0.136793	0.522855	0.340353
Muller_E	1033237	0.134532	0.526717	0.338751
Muller_E	1120573	0.131443	0.531986	0.336571
Muller_E	1123171	0.131351	0.532143	0.336506
Muller_E	1146845	0.130511	0.533573	0.335916
Muller_E	1148492	0.130453	0.533672	0.335875
Muller_E	1168315	0.12975	0.53487	0.335381
Muller_E	1213395	0.128148	0.537595	0.334257
Muller_E	1262309	0.126407	0.540555	0.333038
Muller_E	1275111	0.125951	0.54133	0.332719
Muller_E	1275707	0.125929	0.541366	0.332705
Muller_E	1314313	0.124552	0.543705	0.331743
Muller_E	1318297	0.12441	0.543946	0.331644
Muller_E	1358440	0.122975	0.546381	0.330644
Muller_E	1358616	0.122968	0.546392	0.33064
Muller_E	1378824	0.122245	0.547618	0.330137
Muller_E	1480336	0.118601	0.553789	0.32761
Muller_E	1489232	0.118281	0.55433	0.327388
Muller_E	1645912	0.112619	0.563893	0.323487
Muller_E	1673398	0.111622	0.565576	0.322802
Muller_E	1718642	0.109976	0.568349	0.321675
Muller_E	1746815	0.108949	0.570078	0.320973
Muller_E	1763447	0.108342	0.5711	0.320558
Muller_E	1765039	0.108284	0.571198	0.320518
Muller_E	1765159	0.10828	0.571205	0.320515
Muller_E	1765369	0.108272	0.571218	0.32051
Muller_E	1771226	0.108058	0.571578	0.320364
Muller_E	1799036	0.107041	0.573288	0.31967
Muller_E	1802542	0.106913	0.573504	0.319583
Muller_E	1802678	0.106908	0.573512	0.319579
Muller_E	1803039	0.106895	0.573535	0.31957
Muller_E	1803347	0.106884	0.573554	0.319563
Muller_E	1805518	0.106804	0.573687	0.319509
Muller_E	1812938	0.106533	0.574144	0.319323
Muller_E	1813040	0.106529	0.57415	0.319321
Muller_E	1815234	0.106449	0.574285	0.319266
Muller_E	1815907	0.106424	0.574327	0.319249
Muller_E	1816383	0.106407	0.574356	0.319237
Muller_E	1831501	0.105853	0.575287	0.31886
Muller_E	1850978	0.105139	0.576487	0.318374
Muller_E	1851905	0.105105	0.576545	0.318351
Muller_E	1852166	0.105095	0.576561	0.318344
Muller_E	1857635	0.104894	0.576898	0.318208
Muller_E	1861157	0.104765	0.577115	0.31812
Muller_E	1861336	0.104758	0.577126	0.318115
Muller_E	1861880	0.104739	0.57716	0.318102
Muller_E	1866595	0.104565	0.577451	0.317984
Muller_E	1870209	0.104433	0.577674	0.317894
Muller_E	1871973	0.104368	0.577782	0.31785
Muller_E	1880064	0.104071	0.578282	0.317648
Muller_E	1889333	0.10373	0.578854	0.317416
Muller_E	1891195	0.103661	0.578969	0.317369
Muller_E	1894320	0.103546	0.579162	0.317291
Muller_E	1900363	0.103324	0.579535	0.31714
Muller_E	1904375	0.103177	0.579783	0.31704
Muller_E	1915469	0.102768	0.580469	0.316763
Muller_E	1927060	0.102341	0.581186	0.316473
Muller_E	1932459	0.102142	0.58152	0.316338
Muller_E	1944351	0.101704	0.582256	0.316041
Muller_E	1946702	0.101617	0.582401	0.315982
Muller_E	1961660	0.101065	0.583327	0.315608
Muller_E	1975567	0.100551	0.584189	0.31526
Muller_E	2011856	0.0992083	0.58644	0.314352
Muller_E	2013122	0.0991614	0.586519	0.31432
Muller_E	2044597	0.0979944	0.588474	0.313532
Muller_E	2048236	0.0978593	0.5887	0.31344
Muller_E	2048434	0.097852	0.588713	0.313435
Muller_E	2086567	0.0964346	0.591086	0.312479
Muller_E	2103366	0.0958092	0.592133	0.312058
Muller_E	2117584	0.0952793	0.59302	0.311701
Muller_E	2126123	0.0949608	0.593552	0.311487
Muller_E	2135792	0.0946	0.594156	0.311244
Muller_E	2140907	0.094409	0.594475	0.311116
Muller_E	2141169	0.0943992	0.594492	0.311109
Muller_E	2142715	0.0943415	0.594588	0.31107
Muller_E	2145389	0.0942416	0.594755	0.311003
Muller_E	2146953	0.0941832	0.594853	0.310964
Muller_E	2147057	0.0941793	0.59486	0.310961
Muller_E	2201852	0.0921287	0.598288	0.309584
Muller_E	2204792	0.0920184	0.598472	0.30951
Muller_E	2219543	0.091465	0.599396	0.309138
Muller_E	2220290	0.091437	0.599443	0.30912
Muller_E	2241628	0.0906355	0.600782	0.308582
Muller_E	2243471	0.0905662	0.600898	0.308536
Muller_E	2531559	0.0796269	0.619128	0.301245
Muller_E	2693610	0.0733721	0.629521	0.297107
Muller_E	2696554	0.0732577	0.629711	0.297032
Muller_E	2706179	0.0728837	0.630331	0.296785
Muller_E	2713009	0.0726181	0.630772	0.29661
Muller_E	2716202	0.0724939	0.630978	0.296528
Muller_E	2721440	0.0722901	0.631317	0.296393
Muller_E	2735475	0.0717435	0.632223	0.296033
Muller_E	2763120	0.0706652	0.634012	0.295323
Muller_E	2777976	0.0700848	0.634974	0.294941
Muller_E	2779619	0.0700205	0.635081	0.294899
Muller_E	2787347	0.0697183	0.635582	0.2947
Muller_E	2788916	0.0696569	0.635684	0.294659
Muller_E	2795398	0.0694032	0.636104	0.294492
Muller_E	2798296	0.0692897	0.636293	0.294418
Muller_E	2799305	0.0692502	0.636358	0.294392
Muller_E	2800245	0.0692134	0.636419	0.294368
Muller_E	2800507	0.0692031	0.636436	0.294361
Muller_E	2800780	0.0691925	0.636454	0.294354
Muller_E	2800932	0.0691865	0.636464	0.29435
Muller_E	2801158	0.0691777	0.636478	0.294344
Muller_E	2805736	0.0689983	0.636776	0.294226
Muller_E	2807233	0.0689397	0.636873	0.294187
Muller_E	2807795	0.0689176	0.636909	0.294173
Muller_E	2808363	0.0688954	0.636946	0.294158
Muller_E	2809031	0.0688692	0.63699	0.294141
Muller_E	2809272	0.0688598	0.637005	0.294135
Muller_E	2809909	0.0688348	0.637047	0.294119
Muller_E	2811470	0.0687736	0.637148	0.294078
Muller_E	2811776	0.0687616	0.637168	0.29407
Muller_E	2812117	0.0687482	0.63719	0.294062
Muller_E	2815676	0.0686087	0.637421	0.29397
Muller_E	2816259	0.0685858	0.637459	0.293955
Muller_E	2817070	0.068554	0.637512	0.293934
Muller_E	2817616	0.0685326	0.637547	0.29392
Muller_E	2819402	0.0684626	0.637664	0.293874
Muller_E	2820166	0.0684326	0.637713	0.293854
Muller_E	2820386	0.068424	0.637728	0.293848
Muller_E	2820775	0.0684087	0.637753	0.293838
Muller_E	2821135	0.0683946	0.637776	0.293829
Muller_E	2821440	0.0683826	0.637796	0.293821
Muller_E	2826939	0.0681669	0.638154	0.293679
Muller_E	2831172	0.0680007	0.638429	0.29357
Muller_E	2831515	0.0679872	0.638451	0.293561
Muller_E	2832336	0.067955	0.638505	0.29354
Muller_E	2833070	0.0679262	0.638553	0.293521
Muller_E	2850717	0.0672328	0.639701	0.293066
Muller_E	2853215	0.0671345	0.639864	0.293001
Muller_E	2856496	0.0670055	0.640078	0.292917
Muller_E	2856945	0.0669878	0.640107	0.292905
Muller_E	2857481	0.0669667	0.640142	0.292891
Muller_E	2858163	0.0669399	0.640187	0.292873
Muller_E	2859754	0.0668773	0.64029	0.292832
Muller_E	2859987	0.0668681	0.640306	0.292826
Muller_E	2862604	0.0667651	0.640476	0.292759
Muller_E	2866488	0.0666122	0.640729	0.292658
Muller_E	2867267	0.0665815	0.64078	0.292638
Muller_E	2868557	0.0665307	0.640864	0.292605
Muller_E	2870085	0.0664706	0.640964	0.292565
Muller_E	2870623	0.0664494	0.640999	0.292551
Muller_E	2876155	0.0662315	0.64136	0.292408
Muller_E	2877151	0.0661922	0.641425	0.292383
Muller_E	2886067	0.0658407	0.642007	0.292152
Muller_E	2886534	0.0658223	0.642038	0.29214
Muller_E	2887599	0.0657803	0.642107	0.292112
Muller_E	2887882	0.0657691	0.642126	0.292105
Muller_E	2888492	0.0657451	0.642166	0.292089
Muller_E	2888607	0.0657406	0.642173	0.292086
Muller_E	2890000	0.0656856	0.642264	0.29205
Muller_E	2890387	0.0656703	0.642289	0.29204
Muller_E	2890907	0.0656498	0.642323	0.292027
Muller_E	2894764	0.0654976	0.642575	0.291927
Muller_E	2899098	0.0653266	0.642859	0.291815
Muller_E	2901481	0.0652325	0.643014	0.291753
Muller_E	2901643	0.0652261	0.643025	0.291749
Muller_E	2902627	0.0651872	0.643089	0.291723
Muller_E	2903432	0.0651555	0.643142	0.291703
Muller_E	2904998	0.0650936	0.643244	0.291662
Muller_E	2905994	0.0650543	0.64331	0.291636
Muller_E	2907134	0.0650092	0.643384	0.291607
Muller_E	2908511	0.0649548	0.643474	0.291571
Muller_E	2909452	0.0649177	0.643536	0.291547
Muller_E	2910160	0.0648897	0.643582	0.291528
Muller_E	2911022	0.0648556	0.643638	0.291506
Muller_E	2911252	0.0648465	0.643653	0.2915
Muller_E	2911992	0.0648173	0.643702	0.291481
Muller_E	2914672	0.0647114	0.643877	0.291411
Muller_E	2915489	0.0646791	0.643931	0.29139
Muller_E	2918585	0.0645567	0.644133	0.29131
Muller_E	2919015	0.0645397	0.644161	0.291299
Muller_E	2919728	0.0645115	0.644208	0.29128
Muller_E	2919971	0.0645019	0.644224	0.291274
Muller_E	2921506	0.0644412	0.644325	0.291234
Muller_E	2922564	0.0643993	0.644394	0.291207
Muller_E	2922707	0.0643937	0.644403	0.291203
Muller_E	2924226	0.0643336	0.644503	0.291164
Muller_E	2925108	0.0642987	0.64456	0.291141
Muller_E	2925552	0.0642811	0.64459	0.291129
Muller_E	2928855	0.0641504	0.644806	0.291044
Muller_E	2930674	0.0640784	0.644925	0.290997
Muller_E	2931258	0.0640553	0.644963	0.290981
Muller_E	2931592	0.0640421	0.644985	0.290973
Muller_E	2931798	0.0640339	0.644999	0.290967
Muller_E	2932326	0.064013	0.645033	0.290954
Muller_E	2945623	0.0634864	0.645905	0.290609
Muller_E	2945753	0.0634812	0.645913	0.290605
Muller_E	2945878	0.0634763	0.645922	0.290602
Muller_E	2946001	0.0634714	0.64593	0.290599
Muller_E	2955783	0.0630836	0.646572	0.290345
Muller_E	2957997	0.0629958	0.646717	0.290287
Muller_E	2959282	0.0629448	0.646801	0.290254
Muller_E	2959697	0.0629283	0.646828	0.290243
Muller_E	2959819	0.0629235	0.646836	0.29024
Muller_E	2960759	0.0628862	0.646898	0.290216
Muller_E	2961667	0.0628502	0.646958	0.290192
Muller_E	2961801	0.0628448	0.646967	0.290189
Muller_E	2963254	0.0627872	0.647062	0.290151
Muller_E	2963568	0.0627747	0.647083	0.290143
Muller_E	2975263	0.0623103	0.647851	0.289839
Muller_E	2976725	0.0622523	0.647947	0.289801
Muller_E	2977784	0.0622102	0.648017	0.289773
Muller_E	2982473	0.0620238	0.648325	0.289651
Muller_E	2984283	0.0619519	0.648444	0.289604
Muller_E	2985483	0.0619042	0.648523	0.289573
Muller_E	2985658	0.0618972	0.648534	0.289568
Muller_E	2985908	0.0618873	0.648551	0.289562
Muller_E	2987685	0.0618166	0.648668	0.289516
Muller_E	2992894	0.0616094	0.649011	0.28938
Muller_E	2993313	0.0615927	0.649038	0.289369
Muller_E	2993798	0.0615734	0.64907	0.289357
Muller_E	2994137	0.06156	0.649092	0.289348
Muller_E	2994487	0.061546	0.649115	0.289339
Muller_E	2994615	0.0615409	0.649124	0.289335
Muller_E	2995123	0.0615207	0.649157	0.289322
Muller_E	2995701	0.0614977	0.649195	0.289307
Muller_E	2996048	0.0614839	0.649218	0.289298
Muller_E	2996738	0.0614564	0.649264	0.28928
Muller_E	2996880	0.0614508	0.649273	0.289276
Muller_E	2997113	0.0614415	0.649288	0.28927
Muller_E	2999116	0.0613618	0.64942	0.289218
Muller_E	2999459	0.0613481	0.649443	0.289209
Muller_E	3001420	0.0612701	0.649572	0.289158
Muller_E	3001578	0.0612638	0.649582	0.289154
Muller_E	3001696	0.0612591	0.64959	0.289151
Muller_E	3002579	0.0612239	0.649648	0.289128
Muller_E	3003095	0.0612034	0.649682	0.289114
Muller_E	3003540	0.0611857	0.649711	0.289103
Muller_E	3004120	0.0611626	0.64975	0.289088
Muller_E	3005221	0.0611187	0.649822	0.289059
Muller_E	3007967	0.0610093	0.650003	0.288988
Muller_E	3012773	0.0608179	0.65032	0.288862
Muller_E	3013331	0.0607956	0.650357	0.288848
Muller_E	3013618	0.0607842	0.650375	0.28884
Muller_E	3014080	0.0607658	0.650406	0.288828
Muller_E	3014783	0.0607377	0.650452	0.28881
Muller_E	3016296	0.0606774	0.650552	0.288771
Muller_E	3017214	0.0606408	0.650613	0.288747
Muller_E	3018320	0.0605967	0.650685	0.288718
Muller_E	3018982	0.0605704	0.650729	0.288701
Muller_E	3019303	0.00712783	0.544097	0.448775
Muller_E	3019831	0.0605681	0.650778	0.288654
Muller_E	3021834	0.0606079	0.650881	0.288511
Muller_E	3021944	0.0606101	0.650887	0.288503
Muller_E	3023127	0.0606337	0.650948	0.288419
Muller_E	3024474	0.0606605	0.651017	0.288322
Muller_E	3024813	0.0606672	0.651035	0.288298
Muller_E	3029421	0.0607589	0.651273	0.287968
Muller_E	3029834	0.0607671	0.651294	0.287939
Muller_E	3030101	0.0607724	0.651308	0.28792
Muller_E	3033200	0.0608341	0.651468	0.287698
Muller_E	3033901	0.060848	0.651504	0.287648
Muller_E	3034073	0.0608514	0.651513	0.287635
Muller_E	3036032	0.0608904	0.651614	0.287495
Muller_E	3038305	0.0609356	0.651732	0.287333
Muller_E	3041816	0.0610053	0.651913	0.287081
Muller_E	3044683	0.0610623	0.652061	0.286876
Muller_E	3046757	0.0611035	0.652169	0.286728
Muller_E	3046887	0.0611061	0.652175	0.286719
Muller_E	3047900	0.0611262	0.652228	0.286646
Muller_E	3048135	0.0611309	0.65224	0.286629
Muller_E	3050664	0.0611811	0.65237	0.286448
Muller_E	3051698	0.0612017	0.652424	0.286375
Muller_E	3051968	0.061207	0.652438	0.286355
Muller_E	3052635	0.0612203	0.652472	0.286307
Muller_E	3053197	0.0612314	0.652501	0.286267
Muller_E	3056428	0.0612956	0.652668	0.286036
Muller_E	3056712	0.0613012	0.652683	0.286016
Muller_E	3058398	0.0613347	0.65277	0.285895
Muller_E	3059687	0.0613603	0.652837	0.285803
Muller_E	3061511	0.0613965	0.652931	0.285673
Muller_E	3062406	0.0614142	0.652977	0.285608
Muller_E	3062537	0.0614168	0.652984	0.285599
Muller_E	3100018	0.0621595	0.654922	0.282918
Muller_E	3100718	0.0621734	0.654959	0.282868
Muller_E	3112367	0.0624038	0.655561	0.282035
Muller_E	3112987	0.062416	0.655593	0.281991
Muller_E	3113420	0.0624246	0.655616	0.28196
Muller_E	3116107	0.0624777	0.655755	0.281767
Muller_E	3119432	0.0625434	0.655927	0.28153
Muller_E	3119714	0.062549	0.655942	0.28151
Muller_E	3120862	0.0625717	0.656001	0.281427
Muller_E	3122265	0.0625994	0.656074	0.281327
Muller_E	3123364	0.0626211	0.65613	0.281248
Muller_E	3124138	0.0626364	0.656171	0.281193
Muller_E	3127464	0.0627021	0.656343	0.280955
Muller_E	3128767	0.0627278	0.65641	0.280862
Muller_E	3128895	0.0627303	0.656417	0.280853
Muller_E	3129611	0.0627445	0.656454	0.280802
Muller_E	3129743	0.0627471	0.656461	0.280792
Muller_E	3130171	0.0627555	0.656483	0.280762
Muller_E	3131529	0.0627823	0.656553	0.280665
Muller_E	3137674	0.0629036	0.656871	0.280225
Muller_E	3139976	0.062949	0.656991	0.28006
Muller_E	3143168	0.063012	0.657156	0.279832
Muller_E	3169152	0.0635239	0.658502	0.277974
Muller_E	3170575	0.063552	0.658576	0.277872
Muller_E	3173857	0.0636165	0.658746	0.277638
Muller_E	3192801	0.063989	0.659728	0.276283
Muller_E	3194086	0.0640143	0.659794	0.276191
Muller_E	3194230	0.0640171	0.659802	0.276181
Muller_E	3207603	0.0642797	0.660495	0.275225
Muller_E	3207708	0.0642817	0.660501	0.275217
Muller_E	3208070	0.0642888	0.66052	0.275191
Muller_E	3208369	0.0642947	0.660535	0.27517
Muller_E	3208507	0.0642974	0.660542	0.27516
Muller_E	3208706	0.0643013	0.660553	0.275146
Muller_E	3210124	0.0643291	0.660626	0.275045
Muller_E	3211254	0.0643513	0.660685	0.274964
Muller_E	3212088	0.0643677	0.660728	0.274904
Muller_E	3216063	0.0644456	0.660934	0.27462
Muller_E	3216461	0.0644534	0.660955	0.274592
Muller_E	3217109	0.0644661	0.660989	0.274545
Muller_E	3217441	0.0644727	0.661006	0.274521
Muller_E	3217706	0.0644779	0.66102	0.274503
Muller_E	3217825	0.0644802	0.661026	0.274494
Muller_E	3218354	0.0644906	0.661053	0.274456
Muller_E	3219292	0.0645089	0.661102	0.274389
Muller_E	3219763	0.0645182	0.661126	0.274355
Muller_E	3221459	0.0645514	0.661214	0.274234
Muller_E	3222112	0.0645642	0.661248	0.274188
Muller_E	3223012	0.0645819	0.661295	0.274123
Muller_E	3223549	0.0645924	0.661323	0.274085
Muller_E	3224815	0.0646172	0.661389	0.273994
Muller_E	3226800	0.0646561	0.661492	0.273852
Muller_E	3229718	0.0647133	0.661643	0.273644
Muller_E	3240322	0.0649209	0.662193	0.272886
Muller_E	3240918	0.0649326	0.662224	0.272843
Muller_E	3241273	0.0649395	0.662243	0.272818
Muller_E	3247835	0.0650679	0.662584	0.272348
Muller_E	3251442	0.0651385	0.662771	0.272091
Muller_E	3252203	0.0651534	0.66281	0.272036
Muller_E	3254014	0.0651888	0.662904	0.271907
Muller_E	3254518	0.0651986	0.662931	0.271871
Muller_E	3255141	0.0652108	0.662963	0.271826
Muller_E	3255365	0.0652152	0.662975	0.27181
Muller_E	3259142	0.065289	0.663171	0.27154
Muller_E	3259935	0.0653045	0.663212	0.271483
Muller_E	3262497	0.0653546	0.663345	0.2713
Muller_E	3263708	0.0653783	0.663408	0.271214
Muller_E	3264644	0.0653965	0.663457	0.271147
Muller_E	3266132	0.0654256	0.663534	0.27104
Muller_E	3266579	0.0654343	0.663557	0.271008
Muller_E	3266806	0.0654388	0.663569	0.270992
Muller_E	3269029	0.0654822	0.663684	0.270833
Muller_E	3271700	0.0655344	0.663823	0.270642
Muller_E	3271881	0.0655379	0.663833	0.270629
Muller_E	3273894	0.0655772	0.663937	0.270486
Muller_E	3275081	0.0656004	0.663999	0.270401
Muller_E	3275989	0.0656181	0.664046	0.270336
Muller_E	3278049	0.0656583	0.664153	0.270188
Muller_E	3280894	0.0657138	0.664301	0.269985
Muller_E	3282107	0.0657375	0.664364	0.269898
Muller_E	3282973	0.0657544	0.664409	0.269836
Muller_E	3284532	0.0657848	0.66449	0.269725
Muller_E	3291321	0.0659172	0.664843	0.26924
Muller_E	3291878	0.065928	0.664872	0.2692
Muller_E	3293351	0.0659567	0.664949	0.269095
Muller_E	3293759	0.0659647	0.66497	0.269065
Muller_E	3304917	0.066182	0.66555	0.268268
Muller_E	3306663	0.066216	0.665641	0.268143
Muller_E	3306880	0.0662203	0.665652	0.268127
Muller_E	3310127	0.0662835	0.665821	0.267895
Muller_E	3312301	0.0663258	0.665934	0.26774
Muller_E	3312718	0.0663339	0.665956	0.26771
Muller_E	3318766	0.0664516	0.666271	0.267278
Muller_E	3323588	0.0665453	0.666522	0.266933
Muller_E	3324201	0.0665573	0.666554	0.266889
Muller_E	3324656	0.0665661	0.666577	0.266857
Muller_E	3325091	0.0665746	0.6666	0.266826
Muller_E	3326084	0.0665939	0.666652	0.266755
Muller_E	3326190	0.0665959	0.666657	0.266747
Muller_E	3330218	0.0666742	0.666867	0.266459
Muller_E	3334866	0.0667645	0.667109	0.266127
Muller_E	3337545	0.0668165	0.667248	0.265935
Muller_E	3340268	0.0668694	0.66739	0.265741
Muller_E	3340480	0.0668735	0.667401	0.265725
Muller_E	3410593	0.0682309	0.671056	0.260713
Muller_E	3431230	0.0686288	0.672133	0.259238
Muller_E	3437416	0.068748	0.672456	0.258796
Muller_E	3456916	0.0691232	0.673475	0.257402
Muller_E	3457694	0.0691382	0.673516	0.257346
Muller_E	3459001	0.0691633	0.673584	0.257253
Muller_E	3462300	0.0692267	0.673757	0.257017
Muller_E	3464519	0.0692693	0.673873	0.256858
Muller_E	3464673	0.0692723	0.673881	0.256847
Muller_E	3477602	0.0695206	0.674557	0.255923
Muller_E	3525631	0.0704404	0.677071	0.252489
Muller_E	3546828	0.0708451	0.678182	0.250973
Muller_E	3557059	0.0710401	0.678719	0.250241
Muller_E	3566467	0.0712194	0.679212	0.249568
Muller_E	3572057	0.0713258	0.679506	0.249169
Muller_E	3572168	0.0713279	0.679511	0.249161
Muller_E	3579272	0.071463	0.679884	0.248653
Muller_E	3579502	0.0714674	0.679896	0.248636
Muller_E	3582419	0.0715229	0.68005	0.248428
Muller_E	3590131	0.0716695	0.680455	0.247876
Muller_E	3605233	0.0719562	0.681248	0.246796
Muller_E	3610748	0.0720608	0.681538	0.246401
Muller_E	3611776	0.0720803	0.681592	0.246328
Muller_E	3615071	0.0721428	0.681765	0.246092
Muller_E	3617701	0.0721926	0.681903	0.245904
Muller_E	3617818	0.0721949	0.68191	0.245896
Muller_E	3617948	0.0721973	0.681916	0.245886
Muller_E	3623404	0.0723007	0.682203	0.245496
Muller_E	3630035	0.0724263	0.682552	0.245022
Muller_E	3631532	0.0724546	0.682631	0.244915
Muller_E	3634067	0.0725026	0.682764	0.244733
Muller_E	3642157	0.0726556	0.68319	0.244155
Muller_E	3643438	0.0726799	0.683257	0.244063
Muller_E	3645674	0.0727221	0.683375	0.243903
Muller_E	3652519	0.0728515	0.683735	0.243413
Muller_E	3655257	0.0729032	0.683879	0.243217
Muller_E	3657953	0.0729541	0.684021	0.243024
Muller_E	3660200	0.0729965	0.68414	0.242864
Muller_E	3665461	0.0730958	0.684417	0.242487
Muller_E	3670065	0.0731827	0.684659	0.242158
Muller_E	3757777	0.0748302	0.689289	0.23588
Muller_E	3766114	0.0749861	0.68973	0.235284
Muller_E	3770199	0.0750624	0.689946	0.234991
Muller_E	3771242	0.0750819	0.690002	0.234916
Muller_E	3775369	0.075159	0.69022	0.234621
Muller_E	3781958	0.075282	0.690569	0.234149
Muller_E	3788305	0.0754004	0.690905	0.233695
Muller_E	3788531	0.0754046	0.690917	0.233679
Muller_E	3788717	0.0754081	0.690927	0.233665
Muller_E	3791492	0.0754598	0.691074	0.233467
Muller_E	3791929	0.0754679	0.691097	0.233435
Muller_E	3794089	0.0755082	0.691211	0.233281
Muller_E	3798034	0.0755817	0.69142	0.232998
Muller_E	3805877	0.0757278	0.691836	0.232436
Muller_E	3808116	0.0757695	0.691954	0.232276
Muller_E	3837593	0.0763173	0.693518	0.230165
Muller_E	3889492	0.077278	0.696276	0.226446
Muller_E	3892070	0.0773256	0.696413	0.226262
Muller_E	3892768	0.0773385	0.69645	0.226211
Muller_E	3893846	0.0773584	0.696507	0.226134
Muller_E	3895236	0.0773841	0.696581	0.226035
Muller_E	3896701	0.0774111	0.696659	0.22593
Muller_E	3964144	0.0786511	0.700255	0.221094
Muller_E	3964249	0.078653	0.70026	0.221087
Muller_E	3964701	0.0786613	0.700284	0.221054
Muller_E	3965335	0.0786729	0.700318	0.221009
Muller_E	3965537	0.0786766	0.700329	0.220994
Muller_E	3971184	0.07878	0.700631	0.220589
Muller_E	4005791	0.0794124	0.702481	0.218107
Muller_E	4007537	0.0794443	0.702574	0.217982
Muller_E	4008073	0.0794541	0.702603	0.217943
Muller_E	4008732	0.0794661	0.702638	0.217896
Muller_E	4009275	0.079476	0.702667	0.217857
Muller_E	4009794	0.0794854	0.702695	0.21782
Muller_E	4010462	0.0794976	0.702731	0.217772
Muller_E	4011246	0.0795119	0.702773	0.217715
Muller_E	4011350	0.0795138	0.702778	0.217708
Muller_E	4011743	0.079521	0.702799	0.21768
Muller_E	4012926	0.0795425	0.702863	0.217595
Muller_E	4015010	0.0795805	0.702974	0.217445
Muller_E	4015956	0.0795978	0.703025	0.217377
Muller_E	4016731	0.0796119	0.703066	0.217322
Muller_E	4017133	0.0796192	0.703088	0.217293
Muller_E	4017640	0.0796284	0.703115	0.217257
Muller_E	4021078	0.0796911	0.703299	0.21701
Muller_E	4021876	0.0797056	0.703342	0.216953
Muller_E	4022513	0.0797172	0.703376	0.216907
Muller_E	4022928	0.0797248	0.703398	0.216877
Muller_E	4024532	0.079754	0.703484	0.216762
Muller_E	4024639	0.0797559	0.70349	0.216754
Muller_E	4025270	0.0797674	0.703524	0.216709
Muller_E	4027169	0.079802	0.703625	0.216573
Muller_E	4027437	0.0798068	0.70364	0.216554
Muller_E	4027764	0.0798128	0.703657	0.21653
Muller_E	4029270	0.0798402	0.703738	0.216422
Muller_E	4032202	0.0798935	0.703895	0.216212
Muller_E	4032327	0.0798958	0.703902	0.216203
Muller_E	4033521	0.0799175	0.703966	0.216117
Muller_E	4033797	0.0799226	0.70398	0.216097
Muller_E	4036360	0.0799692	0.704118	0.215913
Muller_E	4037138	0.0799833	0.704159	0.215857
Muller_E	4037610	0.0799919	0.704185	0.215823
Muller_E	4040496	0.0800443	0.704339	0.215616
Muller_E	4040949	0.0800526	0.704364	0.215584
Muller_E	4045900	0.0801425	0.704629	0.215228
Muller_E	4046078	0.0801458	0.704639	0.215216
Muller_E	4046843	0.0801597	0.70468	0.215161
Muller_E	4047581	0.0801731	0.704719	0.215108
Muller_E	4048275	0.0801857	0.704757	0.215058
Muller_E	4048700	0.0801934	0.704779	0.215027
Muller_E	4053592	0.0802822	0.705042	0.214676
Muller_E	4056223	0.0803299	0.705183	0.214487
Muller_E	4056545	0.0803358	0.7052	0.214464
Muller_E	4056951	0.0803431	0.705222	0.214435
Muller_E	4057601	0.0803549	0.705257	0.214388
Muller_E	4057720	0.0803571	0.705263	0.21438
Muller_E	4058043	0.080363	0.70528	0.214357
Muller_E	4058149	0.0803649	0.705286	0.214349
Muller_E	4058704	0.0803749	0.705316	0.214309
Muller_E	4059417	0.0803879	0.705354	0.214258
Muller_E	4059965	0.0803978	0.705384	0.214219
Muller_E	4061381	0.0804235	0.70546	0.214117
Muller_E	4061745	0.0804301	0.705479	0.214091
Muller_E	4062020	0.0804351	0.705494	0.214071
Muller_E	4062507	0.0804439	0.70552	0.214036
Muller_E	4062941	0.0804518	0.705543	0.214005
Muller_E	4064035	0.0804716	0.705602	0.213926
Muller_E	4064680	0.0804833	0.705637	0.21388
Muller_E	4064829	0.080486	0.705645	0.213869
Muller_E	4065474	0.0804977	0.705679	0.213823
Muller_E	4065574	0.0804995	0.705685	0.213816
Muller_E	4066028	0.0805077	0.705709	0.213783
Muller_E	4067541	0.0805352	0.70579	0.213675
Muller_E	4067967	0.0805429	0.705813	0.213644
Muller_E	4068535	0.0805532	0.705844	0.213603
Muller_E	4069245	0.080566	0.705882	0.213552
Muller_E	4070105	0.0805816	0.705928	0.213491
Muller_E	4071088	0.0805994	0.705981	0.21342
Muller_E	4071641	0.0806094	0.70601	0.21338
Muller_E	4072126	0.0806182	0.706036	0.213345
Muller_E	4072768	0.0806299	0.706071	0.213299
Muller_E	4072973	0.0806336	0.706082	0.213285
Muller_E	4073359	0.0806406	0.706103	0.213257
Muller_E	4075135	0.0806727	0.706198	0.213129
Muller_E	4075254	0.0806749	0.706204	0.213121
Muller_E	4076053	0.0806893	0.706247	0.213063
Muller_E	4077160	0.0807094	0.706307	0.212984
Muller_E	4078165	0.0807276	0.706361	0.212912
Muller_E	4078690	0.0807371	0.706389	0.212874
Muller_E	4078900	0.0807409	0.7064	0.212859
Muller_E	4079010	0.0807429	0.706406	0.212851
Muller_E	4079297	0.0807481	0.706422	0.21283
Muller_E	4081728	0.0807921	0.706552	0.212656
Muller_E	4082079	0.0807984	0.706571	0.212631
Muller_E	4083988	0.0808329	0.706674	0.212494
Muller_E	4085715	0.0808642	0.706766	0.21237
Muller_E	4089306	0.0809291	0.706959	0.212112
Muller_E	4089803	0.0809381	0.706986	0.212076
Muller_E	4092778	0.0809919	0.707146	0.211862
Muller_E	4092894	0.080994	0.707152	0.211854
Muller_E	4098915	0.0811027	0.707476	0.211421
Muller_E	4109650	0.0812965	0.708053	0.21065
Muller_E	4113217	0.0813608	0.708245	0.210394
Muller_E	4113538	0.0813666	0.708262	0.210371
Muller_E	4114422	0.0813826	0.70831	0.210307
Muller_E	4114803	0.0813894	0.708331	0.21028
Muller_E	4115118	0.0813951	0.708347	0.210257
Muller_E	4116856	0.0814264	0.708441	0.210133
Muller_E	4117074	0.0814304	0.708453	0.210117
Muller_E	4117473	0.0814376	0.708474	0.210088
Muller_E	4118970	0.0814645	0.708555	0.209981
Muller_E	4121851	0.0815164	0.70871	0.209774
Muller_E	4122071	0.0815204	0.708722	0.209758
Muller_E	4122393	0.0815262	0.708739	0.209735
Muller_E	4122818	0.0815339	0.708762	0.209704
Muller_E	4124318	0.0815609	0.708843	0.209596
Muller_E	4124418	0.0815627	0.708848	0.209589
Muller_E	4126492	0.0816	0.70896	0.20944
Muller_E	4127527	0.0816187	0.709016	0.209366
Muller_E	4127720	0.0816221	0.709026	0.209352
Muller_E	4128101	0.081629	0.709046	0.209325
Muller_E	4128234	0.0816314	0.709054	0.209315
Muller_E	4130334	0.0816692	0.709167	0.209164
Muller_E	4132221	0.0817031	0.709268	0.209028
Muller_E	4134741	0.0817485	0.709404	0.208847
Muller_E	4134982	0.0817528	0.709417	0.20883
Muller_E	4136547	0.081781	0.709501	0.208718
Muller_E	4140224	0.0818471	0.7097	0.208453
Muller_E	4140902	0.0818593	0.709736	0.208405
Muller_E	4141485	0.0818698	0.709768	0.208363
Muller_E	4143836	0.081912	0.709894	0.208194
Muller_E	4144350	0.0819212	0.709922	0.208157
Muller_E	4144848	0.0819302	0.709949	0.208121
Muller_E	4150850	0.082038	0.710272	0.20769
Muller_E	4151927	0.0820573	0.71033	0.207612
Muller_E	4154621	0.0821057	0.710476	0.207419
Muller_E	4159745	0.0821977	0.710752	0.20705
Muller_E	4159958	0.0822015	0.710764	0.207035
Muller_E	4160923	0.0822188	0.710816	0.206965
Muller_E	4161787	0.0822343	0.710862	0.206903
Muller_E	4162162	0.082241	0.710883	0.206876
Muller_E	4163984	0.0822737	0.710981	0.206745
Muller_E	4164218	0.0822779	0.710994	0.206729
Muller_E	4164859	0.0822894	0.711028	0.206683
Muller_E	4165033	0.0822925	0.711038	0.20667
Muller_E	4165157	0.0822947	0.711044	0.206661
Muller_E	4165383	0.0822988	0.711056	0.206645
Muller_E	4165808	0.0823064	0.711079	0.206614
Muller_E	4165958	0.0823091	0.711087	0.206604
Muller_E	4166062	0.0823109	0.711093	0.206596
Muller_E	4166243	0.0823142	0.711103	0.206583
Muller_E	4166628	0.0823211	0.711124	0.206555
Muller_E	4168755	0.0823592	0.711238	0.206402
Muller_E	4172546	0.0824271	0.711443	0.20613
Muller_E	4172827	0.0824322	0.711458	0.20611
Muller_E	4173860	0.0824507	0.711514	0.206035
Muller_E	4176100	0.0824908	0.711635	0.205874
Muller_E	4176326	0.0824948	0.711647	0.205858
Muller_E	4176826	0.0825038	0.711674	0.205822
Muller_E	4177022	0.0825073	0.711685	0.205808
Muller_E	4178339	0.0825309	0.711756	0.205713
Muller_E	4178608	0.0825357	0.71177	0.205694
Muller_E	4179326	0.0825485	0.711809	0.205642
Muller_E	4180712	0.0825733	0.711884	0.205543
Muller_E	4180966	0.0825779	0.711898	0.205524
Muller_E	4184926	0.0826487	0.712112	0.20524
Muller_E	4185178	0.0826532	0.712125	0.205221
Muller_E	4185319	0.0826558	0.712133	0.205211
Muller_E	4185532	0.0826596	0.712144	0.205196
Muller_E	4187632	0.0826971	0.712258	0.205045
Muller_E	4188227	0.0827078	0.71229	0.205002
Muller_E	4188670	0.0827157	0.712314	0.20497
Muller_E	4192621	0.0827863	0.712527	0.204686
Muller_E	4193546	0.0828029	0.712577	0.20462
Muller_E	4194407	0.0828182	0.712624	0.204558
Muller_E	4195783	0.0828428	0.712698	0.204459
Muller_E	4196010	0.0828469	0.712711	0.204442
Muller_E	4197440	0.0828724	0.712788	0.20434
Muller_E	4198223	0.0828864	0.71283	0.204283
Muller_E	4199021	0.0829007	0.712873	0.204226
Muller_E	4199203	0.0829039	0.712883	0.204213
Muller_E	4199424	0.0829079	0.712895	0.204197
Muller_E	4199639	0.0829117	0.712907	0.204181
Muller_E	4199983	0.0829178	0.712925	0.204157
Muller_E	4203293	0.0829769	0.713104	0.203919
Muller_E	4205814	0.0830219	0.713241	0.203737
Muller_E	4206134	0.0830276	0.713258	0.203714
Muller_E	4207588	0.0830536	0.713337	0.20361
Muller_E	4210680	0.0831087	0.713504	0.203387
Muller_E	4210928	0.0831132	0.713518	0.203369
Muller_E	4211312	0.08312	0.713538	0.203342
Muller_E	4211755	0.0831279	0.713562	0.20331
Muller_E	4213444	0.083158	0.713654	0.203188
Muller_E	4216650	0.0832152	0.713827	0.202958
Muller_E	4217058	0.0832225	0.713849	0.202928
Muller_E	4217453	0.0832295	0.713871	0.2029
Muller_E	4217565	0.0832315	0.713877	0.202892
Muller_E	4217669	0.0832334	0.713882	0.202884
Muller_E	4217825	0.0832361	0.713891	0.202873
Muller_E	4218923	0.0832557	0.71395	0.202794
Muller_E	4225215	0.0833678	0.714291	0.202341
Muller_E	4232774	0.0835023	0.7147	0.201797
Muller_E	4235298	0.0835472	0.714837	0.201616
Muller_E	4245993	0.0837373	0.715417	0.200846
Muller_E	4252835	0.0838588	0.715788	0.200353
Muller_E	4253725	0.0838746	0.715836	0.200289
Muller_E	4256197	0.0839185	0.71597	0.200111
Muller_E	4261234	0.0840078	0.716243	0.199749
Muller_E	4262892	0.0840372	0.716333	0.199629
Muller_E	4263238	0.0840434	0.716352	0.199605
Muller_E	4263588	0.0840496	0.716371	0.199579
Muller_E	4264621	0.0840679	0.716427	0.199505
Muller_E	4266950	0.0841091	0.716554	0.199337
Muller_E	4267529	0.0841194	0.716585	0.199296
Muller_E	4276223	0.0842734	0.717057	0.19867
Muller_E	4311688	0.0848999	0.718985	0.196115
Muller_E	4311965	0.0849047	0.719	0.196095
Muller_E	4312254	0.0849098	0.719016	0.196074
Muller_E	4312510	0.0849144	0.71903	0.196056
Muller_E	4334492	0.0853013	0.720227	0.194471
Muller_E	4352032	0.0856093	0.721184	0.193207
Muller_E	4353438	0.085634	0.72126	0.193105
Muller_E	4356857	0.085694	0.721447	0.192859
Muller_E	4360054	0.08575	0.721622	0.192628
Muller_E	4374783	0.0860079	0.722426	0.191566
Muller_E	4374946	0.0860108	0.722435	0.191554
Muller_E	4381350	0.0861228	0.722785	0.191092
Muller_E	4558836	0.0891916	0.732541	0.178267
Muller_E	4562012	0.0892459	0.732717	0.178037
Muller_E	4564083	0.0892813	0.732831	0.177887
Muller_E	4564194	0.0892832	0.732837	0.177879
Muller_E	4568491	0.0893566	0.733075	0.177568
Muller_E	4569115	0.0893672	0.73311	0.177523
Muller_E	4569749	0.0893781	0.733145	0.177477
Muller_E	4570340	0.0893882	0.733177	0.177434
Muller_E	4571890	0.0894146	0.733263	0.177322
Muller_E	4572624	0.0894271	0.733304	0.177269
Muller_E	4573491	0.0894419	0.733352	0.177206
Muller_E	4573809	0.0894474	0.733369	0.177183
Muller_E	4577361	0.089508	0.733566	0.176926
Muller_E	4577462	0.0895097	0.733572	0.176919
Muller_E	4578308	0.0895241	0.733618	0.176857
Muller_E	4580664	0.0895643	0.733749	0.176687
Muller_E	4580954	0.0895692	0.733765	0.176666
Muller_E	4581769	0.0895831	0.73381	0.176607
Muller_E	4581909	0.0895855	0.733818	0.176597
Muller_E	4583019	0.0896044	0.733879	0.176516
Muller_E	4583393	0.0896108	0.7339	0.176489
Muller_E	4583516	0.0896129	0.733907	0.17648
Muller_E	4584473	0.0896292	0.73396	0.176411
Muller_E	4589180	0.0897094	0.734221	0.17607
Muller_E	4590247	0.0897276	0.73428	0.175993
Muller_E	4591539	0.0897496	0.734351	0.175899
Muller_E	4593253	0.0897787	0.734446	0.175775
Muller_E	4593508	0.0897831	0.73446	0.175757
Muller_E	4593974	0.089791	0.734486	0.175723
Muller_E	4595111	0.0898104	0.734549	0.17564
Muller_E	4595303	0.0898136	0.73456	0.175627
Muller_E	4597548	0.0898518	0.734684	0.175464
Muller_E	4597833	0.0898567	0.7347	0.175443
Muller_E	4600306	0.0898987	0.734837	0.175264
Muller_E	4607273	0.0900171	0.735224	0.174759
Muller_E	4607398	0.0900193	0.73523	0.17475
Muller_E	4610441	0.0900709	0.735399	0.17453
Muller_E	4611041	0.0900811	0.735433	0.174486
Muller_E	4611562	0.09009	0.735461	0.174449
Muller_E	4611697	0.0900923	0.735469	0.174439
Muller_E	4612447	0.090105	0.735511	0.174384
Muller_E	4612733	0.0901099	0.735526	0.174364
Muller_E	4612927	0.0901132	0.735537	0.17435
Muller_E	4613148	0.0901169	0.735549	0.174334
Muller_E	4614502	0.0901399	0.735625	0.174235
Muller_E	4615888	0.0901634	0.735702	0.174135
Muller_E	4616173	0.0901683	0.735717	0.174114
Muller_E	4616508	0.0901739	0.735736	0.17409
Muller_E	4616663	0.0901766	0.735745	0.174079
Muller_E	4618190	0.0902025	0.735829	0.173968
Muller_E	4619781	0.0902295	0.735918	0.173853
Muller_E	4622166	0.0902699	0.73605	0.17368
Muller_E	4626314	0.0903402	0.73628	0.173379
Muller_E	4626864	0.0903495	0.736311	0.173339
Muller_E	4627368	0.0903581	0.736339	0.173303
Muller_E	4627488	0.0903601	0.736346	0.173294
Muller_E	4633961	0.0904697	0.736705	0.172825
Muller_E	4635834	0.0905014	0.736809	0.172689
Muller_E	4636452	0.0905119	0.736844	0.172644
Muller_E	4637295	0.0905262	0.736891	0.172583
Muller_E	4640891	0.090587	0.73709	0.172323
Muller_E	4645727	0.0906688	0.737359	0.171972
Muller_E	4646376	0.0906797	0.737395	0.171925
Muller_E	4646798	0.0906869	0.737419	0.171894
Muller_E	4653320	0.090797	0.737782	0.171421
Muller_E	4656520	0.0908511	0.73796	0.171189
Muller_E	4672665	0.0911233	0.738859	0.170018
Muller_E	4674140	0.0911481	0.738941	0.169911
Muller_E	4675745	0.0911751	0.739031	0.169794
Muller_E	4676485	0.0911876	0.739072	0.16974
Muller_E	4677110	0.0911981	0.739107	0.169695
Muller_E	4677655	0.0912073	0.739137	0.169656
Muller_E	4678986	0.0912297	0.739211	0.169559
Muller_E	4680223	0.0912505	0.73928	0.169469
Muller_E	4682403	0.0912872	0.739402	0.169311
Muller_E	4682621	0.0912908	0.739414	0.169295
Muller_E	4684270	0.0913186	0.739506	0.169175
Muller_E	4685491	0.0913391	0.739574	0.169087
Muller_E	4686019	0.091348	0.739604	0.169049
Muller_E	4687101	0.0913662	0.739664	0.16897
Muller_E	4689628	0.0914086	0.739805	0.168787
Muller_E	4690052	0.0914157	0.739828	0.168756
Muller_E	4690344	0.0914206	0.739845	0.168735
Muller_E	4690905	0.0914301	0.739876	0.168694
Muller_E	4691125	0.0914338	0.739888	0.168678
Muller_E	4691712	0.0914436	0.739921	0.168635
Muller_E	4691999	0.0914485	0.739937	0.168614
Muller_E	4692111	0.0914503	0.739943	0.168606
Muller_E	4693234	0.0914692	0.740006	0.168525
Muller_E	4693620	0.0914757	0.740028	0.168497
Muller_E	4693753	0.0914779	0.740035	0.168487
Muller_E	4694021	0.0914824	0.74005	0.168468
Muller_E	4694592	0.091492	0.740082	0.168426
Muller_E	4696429	0.0915228	0.740184	0.168293
Muller_E	4696792	0.0915289	0.740205	0.168266
Muller_E	4699402	0.0915727	0.74035	0.168077
Muller_E	4700957	0.0915988	0.740437	0.167964
Muller_E	4702606	0.0916265	0.740529	0.167844
Muller_E	4708142	0.0917193	0.740838	0.167442
Muller_E	4712097	0.0917856	0.741059	0.167155
Muller_E	4713898	0.0918157	0.74116	0.167024
Muller_E	4714194	0.0918207	0.741177	0.167003
Muller_E	4717094	0.0918693	0.741339	0.166792
Muller_E	4717794	0.091881	0.741378	0.166741
Muller_E	4720564	0.0919273	0.741533	0.16654
Muller_E	4722390	0.0919579	0.741635	0.166407
Muller_E	4727534	0.0920439	0.741922	0.166034
Muller_E	4730688	0.0920966	0.742099	0.165805
Muller_E	4731377	0.0921081	0.742137	0.165754
Muller_E	4732944	0.0921343	0.742225	0.165641
Muller_E	4738342	0.0922244	0.742527	0.165248
Muller_E	4739398	0.092242	0.742586	0.165172
Muller_E	4742492	0.0922937	0.74276	0.164947
Muller_E	4745718	0.0923475	0.74294	0.164712
Muller_E	4746457	0.0923598	0.742982	0.164659
Muller_E	4748015	0.0923858	0.743069	0.164545
Muller_E	4748352	0.0923914	0.743088	0.164521
Muller_E	4748630	0.092396	0.743103	0.164501
Muller_E	4751071	0.0924367	0.74324	0.164323
Muller_E	4751685	0.0924469	0.743275	0.164278
Muller_E	4751817	0.0924491	0.743282	0.164269
Muller_E	4752607	0.0924623	0.743326	0.164211
Muller_E	4752773	0.092465	0.743336	0.164199
Muller_E	4753826	0.0924826	0.743395	0.164123
Muller_E	4754671	0.0924967	0.743442	0.164061
Muller_E	4756619	0.0925291	0.743551	0.16392
Muller_E	4759191	0.0925719	0.743695	0.163733
Muller_E	4761262	0.0926064	0.743811	0.163582
Muller_E	4761866	0.0926164	0.743845	0.163538
Muller_E	4761985	0.0926184	0.743852	0.16353
Muller_E	4763545	0.0926443	0.743939	0.163416
Muller_E	4764509	0.0926604	0.743994	0.163346
Muller_E	4765595	0.0926784	0.744054	0.163267
Muller_E	4766291	0.09269	0.744094	0.163216
Muller_E	4766501	0.0926935	0.744105	0.163201
Muller_E	4767354	0.0927077	0.744153	0.163139
Muller_E	4769627	0.0927455	0.744281	0.162974
Muller_E	4769950	0.0927508	0.744299	0.16295
Muller_E	4772288	0.0927897	0.74443	0.16278
Muller_E	4773763	0.0928142	0.744513	0.162673
Muller_E	4773963	0.0928175	0.744524	0.162658
Muller_E	4774375	0.0928243	0.744547	0.162629
Muller_E	4774957	0.092834	0.74458	0.162586
Muller_E	4775479	0.0928427	0.744609	0.162548
Muller_E	4776619	0.0928616	0.744673	0.162465
Muller_E	4779373	0.0929073	0.744828	0.162265
Muller_E	4781913	0.0929495	0.74497	0.16208
Muller_E	4782620	0.0929612	0.74501	0.162029
Muller_E	4783326	0.0929729	0.74505	0.161977
Muller_E	4786044	0.093018	0.745202	0.16178
Muller_E	4786690	0.0930287	0.745239	0.161733
Muller_E	4789453	0.0930745	0.745394	0.161532
Muller_E	4790377	0.0930898	0.745446	0.161464
Muller_E	4792360	0.0931226	0.745557	0.16132
Muller_E	4792549	0.0931258	0.745568	0.161306
Muller_E	4792702	0.0931283	0.745577	0.161295
Muller_E	4822723	0.0936245	0.747266	0.15911
Muller_E	4832155	0.09378	0.747797	0.158423
Muller_E	4834924	0.0938256	0.747953	0.158221
Muller_E	4838041	0.0938769	0.748129	0.157994
Muller_E	4839031	0.0938932	0.748185	0.157922
Muller_E	4840034	0.0939097	0.748241	0.157849
Muller_E	4843722	0.0939704	0.74845	0.15758
Muller_E	4844215	0.0939785	0.748477	0.157544
Muller_E	4846930	0.0940231	0.748631	0.157346
Muller_E	4847984	0.0940404	0.74869	0.15727
Muller_E	4849699	0.0940686	0.748787	0.157145
Muller_E	4849916	0.0940722	0.748799	0.157129
Muller_E	4850646	0.0940842	0.74884	0.157076
Muller_E	4851102	0.0940916	0.748866	0.157042
Muller_E	4851280	0.0940946	0.748876	0.157029
Muller_E	4852753	0.0941188	0.748959	0.156922
Muller_E	4853630	0.0941332	0.749009	0.156858
Muller_E	4855355	0.0941615	0.749106	0.156732
Muller_E	4859608	0.0942313	0.749346	0.156422
Muller_E	4860728	0.0942497	0.74941	0.156341
Muller_E	4862947	0.0942861	0.749535	0.156179
Muller_E	4865598	0.0943295	0.749685	0.155986
Muller_E	4865718	0.0943315	0.749692	0.155977
Muller_E	4866182	0.0943391	0.749718	0.155943
Muller_E	4867670	0.0943635	0.749802	0.155835
Muller_E	4869382	0.0943915	0.749899	0.15571
Muller_E	4875634	0.0944939	0.750252	0.155254
Muller_E	4875860	0.0944976	0.750265	0.155238
Muller_E	4876983	0.094516	0.750328	0.155156
Muller_E	4877350	0.094522	0.750349	0.155129
Muller_E	4878065	0.0945337	0.75039	0.155077
Muller_E	4879381	0.0945552	0.750464	0.154981
Muller_E	4880635	0.0945757	0.750535	0.154889
Muller_E	4881487	0.0945897	0.750583	0.154827
Muller_E	4881936	0.094597	0.750609	0.154794
Muller_E	4884468	0.0946384	0.750752	0.15461
Muller_E	4888342	0.0947017	0.750971	0.154327
Muller_E	4889910	0.0947273	0.75106	0.154213
Muller_E	4890915	0.0947438	0.751117	0.154139
Muller_E	4891113	0.094747	0.751128	0.154125
Muller_E	4891366	0.0947511	0.751142	0.154107
Muller_E	4891615	0.0947552	0.751156	0.154088
Muller_E	4892655	0.0947722	0.751215	0.154013
Muller_E	4894761	0.0948065	0.751335	0.153859
