chrom	position	2,0	1,1	0,2
Muller_E	62882	0.234984	0.576999	0.188018
Muller_E	267432	0.226501	0.594404	0.179095
Muller_E	441230	0.21925	0.609293	0.171457
Muller_E	511157	0.21632	0.615312	0.168368
Muller_E	557879	0.214357	0.619345	0.166298
Muller_E	581000	0.213385	0.621343	0.165272
Muller_E	709108	0.207978	0.632455	0.159566
Muller_E	768129	0.205477	0.637598	0.156925
Muller_E	785241	0.20475	0.639092	0.156157
Muller_E	787322	0.204662	0.639274	0.156064
Muller_E	787424	0.204658	0.639283	0.156059
Muller_E	788173	0.204626	0.639348	0.156026
Muller_E	788750	0.204601	0.639399	0.156
Muller_E	788860	0.204597	0.639408	0.155995
Muller_E	791823	0.204471	0.639667	0.155862
Muller_E	802257	0.204027	0.640579	0.155394
Muller_E	893794	0.200127	0.648601	0.151272
Muller_E	894300	0.200106	0.648645	0.151249
Muller_E	896281	0.200021	0.648819	0.15116
Muller_E	897287	0.199978	0.648908	0.151114
Muller_E	897987	0.199948	0.648969	0.151083
Muller_E	901015	0.199819	0.649235	0.150946
Muller_E	901718	0.199789	0.649297	0.150914
Muller_E	923408	0.198861	0.651204	0.149934
Muller_E	923675	0.19885	0.651228	0.149922
Muller_E	924320	0.198822	0.651285	0.149893
Muller_E	927795	0.198674	0.651591	0.149736
Muller_E	948021	0.197808	0.653372	0.14882
Muller_E	948230	0.197799	0.65339	0.148811
Muller_E	958531	0.197358	0.654298	0.148344
Muller_E	967701	0.196965	0.655107	0.147929
Muller_E	969142	0.196903	0.655234	0.147863
Muller_E	1033237	0.19415	0.660899	0.144951
Muller_E	1120573	0.190383	0.668652	0.140965
Muller_E	1123171	0.19027	0.668884	0.140846
Muller_E	1146845	0.189246	0.670993	0.139761
Muller_E	1148492	0.189174	0.67114	0.139686
Muller_E	1168315	0.188315	0.672908	0.138776
Muller_E	1213395	0.186358	0.676939	0.136704
Muller_E	1262309	0.184227	0.681325	0.134448
Muller_E	1275111	0.183669	0.682475	0.133856
Muller_E	1275707	0.183643	0.682529	0.133828
Muller_E	1314313	0.181955	0.686004	0.132041
Muller_E	1318297	0.181781	0.686363	0.131856
Muller_E	1358440	0.180021	0.689987	0.129992
Muller_E	1358616	0.180014	0.690003	0.129983
Muller_E	1378824	0.179126	0.691831	0.129043
Muller_E	1480336	0.17465	0.701052	0.124298
Muller_E	1489232	0.174256	0.701864	0.12388
Muller_E	1645912	0.167281	0.716239	0.11648
Muller_E	1673398	0.166049	0.718778	0.115173
Muller_E	1718642	0.164015	0.72297	0.113015
Muller_E	1746815	0.162746	0.725587	0.111667
Muller_E	1763447	0.161995	0.727135	0.11087
Muller_E	1765039	0.161923	0.727284	0.110793
Muller_E	1765159	0.161918	0.727295	0.110788
Muller_E	1765369	0.161908	0.727314	0.110778
Muller_E	1771226	0.161643	0.72786	0.110497
Muller_E	1799036	0.160385	0.730454	0.10916
Muller_E	1802542	0.160226	0.730782	0.108992
Muller_E	1802678	0.16022	0.730795	0.108985
Muller_E	1803039	0.160204	0.730828	0.108968
Muller_E	1803347	0.16019	0.730857	0.108953
Muller_E	1805518	0.160091	0.73106	0.108849
Muller_E	1812938	0.159755	0.731754	0.108491
Muller_E	1813040	0.15975	0.731763	0.108487
Muller_E	1815234	0.159651	0.731968	0.108381
Muller_E	1815907	0.15962	0.732031	0.108348
Muller_E	1816383	0.159599	0.732076	0.108326
Muller_E	1831501	0.158913	0.73349	0.107597
Muller_E	1850978	0.158027	0.735316	0.106657
Muller_E	1851905	0.157985	0.735403	0.106612
Muller_E	1852166	0.157973	0.735427	0.106599
Muller_E	1857635	0.157725	0.73594	0.106335
Muller_E	1861157	0.157564	0.736271	0.106165
Muller_E	1861336	0.157556	0.736288	0.106156
Muller_E	1861880	0.157531	0.736339	0.10613
Muller_E	1866595	0.157317	0.736781	0.105902
Muller_E	1870209	0.157152	0.737121	0.105727
Muller_E	1871973	0.0337198	0.768679	0.197601
Muller_E	1880064	0.157321	0.737797	0.104881
Muller_E	1889333	0.157608	0.738383	0.10401
Muller_E	1891195	0.157665	0.7385	0.103835
Muller_E	1894320	0.157761	0.738698	0.103541
Muller_E	1900363	0.157948	0.739079	0.102973
Muller_E	1904375	0.158072	0.739332	0.102596
Muller_E	1915469	0.158415	0.740032	0.101553
Muller_E	1927060	0.158773	0.740764	0.100464
Muller_E	1932459	0.158939	0.741104	0.0999562
Muller_E	1944351	0.159307	0.741854	0.0988386
Muller_E	1946702	0.15938	0.742003	0.0986176
Muller_E	1961660	0.159842	0.742946	0.0972119
Muller_E	1975567	0.160272	0.743823	0.095905
Muller_E	2011856	0.161396	0.746109	0.0924951
Muller_E	2013122	0.161435	0.746189	0.0923762
Muller_E	2044597	0.16241	0.748171	0.0894189
Muller_E	2048236	0.162523	0.7484	0.089077
Muller_E	2048434	0.162529	0.748412	0.0890584
Muller_E	2086567	0.163712	0.750812	0.0854759
Muller_E	2103366	0.164233	0.751869	0.0838978
Muller_E	2117584	0.164675	0.752763	0.0825621
Muller_E	2126123	0.16494	0.7533	0.08176
Muller_E	2135792	0.16524	0.753908	0.0808517
Muller_E	2140907	0.165399	0.75423	0.0803712
Muller_E	2141169	0.165407	0.754246	0.0803465
Muller_E	2142715	0.165455	0.754343	0.0802013
Muller_E	2145389	0.165538	0.754511	0.0799501
Muller_E	2146953	0.165587	0.75461	0.0798032
Muller_E	2147057	0.16559	0.754616	0.0797934
Muller_E	2201852	0.167294	0.75806	0.0746461
Muller_E	2204792	0.167386	0.758244	0.0743699
Muller_E	2219543	0.167845	0.759171	0.0729843
Muller_E	2220290	0.167868	0.759218	0.0729141
Muller_E	2241628	0.168533	0.760558	0.0709096
Muller_E	2243471	0.16859	0.760674	0.0707365
Muller_E	2531559	0.17759	0.778746	0.0436636
Muller_E	2693610	0.182673	0.788909	0.028418
Muller_E	2696554	0.182766	0.789093	0.0281408
Muller_E	2706179	0.183068	0.789697	0.0272347
Muller_E	2713009	0.183283	0.790125	0.0265917
Muller_E	2716202	0.183383	0.790326	0.0262911
Muller_E	2721440	0.183548	0.790654	0.0257979
Muller_E	2735475	0.183989	0.791535	0.0244763
Muller_E	2763120	0.184858	0.793269	0.0218727
Muller_E	2777976	0.185325	0.794202	0.0204732
Muller_E	2779619	0.185377	0.794305	0.0203184
Muller_E	2787347	0.18562	0.79479	0.0195904
Muller_E	2788916	0.305073	0.692974	0.00195349
Muller_E	2795398	0.18566	0.794931	0.0194086
Muller_E	2798296	0.185656	0.794951	0.0193934
Muller_E	2799305	0.185655	0.794957	0.0193881
Muller_E	2800245	0.185653	0.794964	0.0193831
Muller_E	2800507	0.185653	0.794965	0.0193818
Muller_E	2800780	0.185653	0.794967	0.0193803
Muller_E	2800932	0.185652	0.794968	0.0193795
Muller_E	2801158	0.185652	0.79497	0.0193783
Muller_E	2805736	0.185645	0.795001	0.0193541
Muller_E	2807233	0.185643	0.795011	0.0193461
Muller_E	2807795	0.185642	0.795015	0.0193431
Muller_E	2808363	0.185642	0.795018	0.0193401
Muller_E	2809031	0.185641	0.795023	0.0193366
Muller_E	2809272	0.18564	0.795025	0.0193353
Muller_E	2809909	0.185639	0.795029	0.0193319
Muller_E	2811470	0.185637	0.79504	0.0193235
Muller_E	2811776	0.185636	0.795042	0.0193219
Muller_E	2812117	0.185636	0.795044	0.0193201
Muller_E	2815676	0.185631	0.795068	0.019301
Muller_E	2816259	0.18563	0.795072	0.0192979
Muller_E	2817070	0.185629	0.795078	0.0192935
Muller_E	2817616	0.185628	0.795082	0.0192906
Muller_E	2819402	0.185625	0.795094	0.019281
Muller_E	2820166	0.185624	0.795099	0.0192769
Muller_E	2820386	0.185624	0.795101	0.0192757
Muller_E	2820775	0.185623	0.795103	0.0192736
Muller_E	2821135	0.185622	0.795106	0.0192716
Muller_E	2821440	0.185622	0.795108	0.01927
Muller_E	2826939	0.185614	0.795146	0.0192402
Muller_E	2831172	0.185607	0.795176	0.0192172
Muller_E	2831515	0.185606	0.795178	0.0192153
Muller_E	2832336	0.185605	0.795184	0.0192108
Muller_E	2833070	0.185604	0.795189	0.0192068
Muller_E	2850717	0.185576	0.795315	0.0191095
Muller_E	2853215	0.185571	0.795333	0.0190955
Muller_E	2856496	0.185566	0.795357	0.0190772
Muller_E	2856945	0.185565	0.79536	0.0190747
Muller_E	2857481	0.185564	0.795364	0.0190717
Muller_E	2858163	0.185563	0.795369	0.0190678
Muller_E	2859754	0.18556	0.795381	0.0190589
Muller_E	2859987	0.18556	0.795382	0.0190576
Muller_E	2862604	0.185556	0.795402	0.0190429
Muller_E	2866488	0.185549	0.79543	0.0190209
Muller_E	2867267	0.185548	0.795436	0.0190165
Muller_E	2868557	0.185545	0.795445	0.0190092
Muller_E	2870085	0.185543	0.795457	0.0190005
Muller_E	2870623	0.185542	0.795461	0.0189975
Muller_E	2876155	0.185532	0.795502	0.0189659
Muller_E	2877151	0.18553	0.795509	0.0189602
Muller_E	2886067	0.185514	0.795577	0.018909
Muller_E	2886534	0.185513	0.79558	0.0189063
Muller_E	2887599	0.185512	0.795588	0.0189001
Muller_E	2887882	0.185511	0.79559	0.0188985
Muller_E	2888492	0.18551	0.795595	0.018895
Muller_E	2888607	0.18551	0.795596	0.0188943
Muller_E	2890000	0.185507	0.795607	0.0188862
Muller_E	2890387	0.185506	0.79561	0.018884
Muller_E	2890907	0.185506	0.795613	0.018881
Muller_E	2894764	0.185498	0.795643	0.0188586
Muller_E	2899098	0.18549	0.795676	0.0188333
Muller_E	2901481	0.185486	0.795695	0.0188193
Muller_E	2901643	0.185486	0.795696	0.0188184
Muller_E	2902627	0.185484	0.795704	0.0188126
Muller_E	2903432	0.185482	0.79571	0.0188079
Muller_E	2904998	0.185479	0.795722	0.0187987
Muller_E	2905994	0.185477	0.79573	0.0187928
Muller_E	2907134	0.185475	0.795739	0.0187861
Muller_E	2908511	0.185473	0.795749	0.018778
Muller_E	2909452	0.185471	0.795757	0.0187724
Muller_E	2910160	0.185469	0.795762	0.0187682
Muller_E	2911022	0.185468	0.795769	0.0187631
Muller_E	2911252	0.185467	0.795771	0.0187618
Muller_E	2911992	0.185466	0.795777	0.0187574
Muller_E	2914672	0.185461	0.795798	0.0187415
Muller_E	2915489	0.185459	0.795804	0.0187366
Muller_E	2918585	0.185453	0.795829	0.0187182
Muller_E	2919015	0.185452	0.795832	0.0187157
Muller_E	2919728	0.185451	0.795838	0.0187114
Muller_E	2919971	0.18545	0.79584	0.01871
Muller_E	2921506	0.185447	0.795852	0.0187008
Muller_E	2922564	0.185445	0.79586	0.0186945
Muller_E	2922707	0.185445	0.795861	0.0186936
Muller_E	2924226	0.185442	0.795873	0.0186845
Muller_E	2925108	0.18544	0.79588	0.0186792
Muller_E	2925552	0.185439	0.795884	0.0186766
Muller_E	2928855	0.185433	0.79591	0.0186567
Muller_E	2930674	0.185429	0.795925	0.0186457
Muller_E	2931258	0.185428	0.79593	0.0186422
Muller_E	2931592	0.185427	0.795932	0.0186402
Muller_E	2931798	0.185427	0.795934	0.018639
Muller_E	2932326	0.185426	0.795938	0.0186358
Muller_E	2945623	0.185399	0.796046	0.0185549
Muller_E	2945753	0.185398	0.796047	0.0185541
Muller_E	2945878	0.185398	0.796048	0.0185534
Muller_E	2946001	0.185398	0.796049	0.0185526
Muller_E	2955783	0.185377	0.79613	0.0184925
Muller_E	2957997	0.185373	0.796148	0.0184788
Muller_E	2959282	0.18537	0.796159	0.0184708
Muller_E	2959697	0.185369	0.796163	0.0184683
Muller_E	2959819	0.185369	0.796164	0.0184675
Muller_E	2960759	0.185367	0.796171	0.0184617
Muller_E	2961667	0.185365	0.796179	0.018456
Muller_E	2961801	0.185365	0.79618	0.0184552
Muller_E	2963254	0.185361	0.796192	0.0184462
Muller_E	2963568	0.185361	0.796195	0.0184442
Muller_E	2975263	0.185335	0.796294	0.0183711
Muller_E	2976725	0.185332	0.796306	0.0183619
Muller_E	2977784	0.18533	0.796315	0.0183552
Muller_E	2982473	0.185319	0.796355	0.0183256
Muller_E	2984283	0.185315	0.796371	0.0183141
Muller_E	2985483	0.185313	0.796381	0.0183065
Muller_E	2985658	0.185312	0.796382	0.0183054
Muller_E	2985908	0.185312	0.796385	0.0183038
Muller_E	2987685	0.185308	0.7964	0.0182925
Muller_E	2992894	0.185296	0.796445	0.0182593
Muller_E	2993313	0.185295	0.796449	0.0182566
Muller_E	2993798	0.185294	0.796453	0.0182535
Muller_E	2994137	0.185293	0.796456	0.0182513
Muller_E	2994487	0.185292	0.796459	0.0182491
Muller_E	2994615	0.185292	0.79646	0.0182483
Muller_E	2995123	0.185291	0.796464	0.018245
Muller_E	2995701	0.185289	0.796469	0.0182413
Muller_E	2996048	0.185289	0.796472	0.0182391
Muller_E	2996738	0.185287	0.796478	0.0182347
Muller_E	2996880	0.185287	0.79648	0.0182338
Muller_E	2997113	0.185286	0.796482	0.0182323
Muller_E	2999116	0.185281	0.796499	0.0182194
Muller_E	2999459	0.185281	0.796502	0.0182172
Muller_E	3001420	0.185276	0.796519	0.0182046
Muller_E	3001578	0.185276	0.796521	0.0182036
Muller_E	3001696	0.185275	0.796522	0.0182028
Muller_E	3002579	0.185273	0.796529	0.0181971
Muller_E	3003095	0.185272	0.796534	0.0181938
Muller_E	3003540	0.185271	0.796538	0.0181909
Muller_E	3004120	0.18527	0.796543	0.0181872
Muller_E	3005221	0.185267	0.796553	0.01818
Muller_E	3007967	0.185261	0.796577	0.0181623
Muller_E	3012773	0.185249	0.796619	0.0181311
Muller_E	3013331	0.185248	0.796624	0.0181274
Muller_E	3013618	0.185247	0.796627	0.0181256
Muller_E	3014080	0.185246	0.796631	0.0181226
Muller_E	3014783	0.185245	0.796637	0.018118
Muller_E	3016296	0.185241	0.796651	0.0181081
Muller_E	3017214	0.185239	0.796659	0.0181021
Muller_E	3018320	0.185236	0.796669	0.0180949
Muller_E	3018982	0.185235	0.796675	0.0180906
Muller_E	3019303	0.185234	0.796678	0.0180885
Muller_E	3019831	0.185233	0.796682	0.018085
Muller_E	3021834	0.185228	0.7967	0.0180719
Muller_E	3021944	0.185228	0.796701	0.0180712
Muller_E	3023127	0.185225	0.796712	0.0180634
Muller_E	3024474	0.185221	0.796724	0.0180545
Muller_E	3024813	0.185221	0.796727	0.0180523
Muller_E	3029421	0.185209	0.796769	0.0180219
Muller_E	3029834	0.185208	0.796772	0.0180192
Muller_E	3030101	0.185208	0.796775	0.0180175
Muller_E	3033200	0.1852	0.796803	0.0179969
Muller_E	3033901	0.185198	0.796809	0.0179923
Muller_E	3034073	0.185198	0.796811	0.0179912
Muller_E	3036032	0.185193	0.796829	0.0179782
Muller_E	3038305	0.185187	0.796849	0.017963
Muller_E	3041816	0.185179	0.796882	0.0179396
Muller_E	3044683	0.185172	0.796908	0.0179205
Muller_E	3046757	0.185166	0.796927	0.0179066
Muller_E	3046887	0.185166	0.796928	0.0179057
Muller_E	3047900	0.185163	0.796938	0.0178989
Muller_E	3048135	0.185163	0.79694	0.0178973
Muller_E	3050664	0.185156	0.796963	0.0178804
Muller_E	3051698	0.185154	0.796973	0.0178734
Muller_E	3051968	0.185153	0.796975	0.0178716
Muller_E	3052635	0.185151	0.796982	0.0178671
Muller_E	3053197	0.18515	0.796987	0.0178633
Muller_E	3056428	0.185142	0.797017	0.0178415
Muller_E	3056712	0.185141	0.797019	0.0178396
Muller_E	3058398	0.185137	0.797035	0.0178282
Muller_E	3059687	0.185133	0.797047	0.0178194
Muller_E	3061511	0.185129	0.797064	0.017807
Muller_E	3062406	0.185126	0.797073	0.017801
Muller_E	3062537	0.185126	0.797074	0.0178001
Muller_E	3100018	0.185026	0.797433	0.0175413
Muller_E	3100718	0.185024	0.79744	0.0175364
Muller_E	3112367	0.184991	0.797555	0.0174542
Muller_E	3112987	0.184989	0.797561	0.0174498
Muller_E	3113420	0.184988	0.797565	0.0174468
Muller_E	3116107	0.184981	0.797592	0.0174277
Muller_E	3119432	0.184971	0.797625	0.017404
Muller_E	3119714	0.18497	0.797628	0.017402
Muller_E	3120862	0.184967	0.797639	0.0173938
Muller_E	3122265	0.184963	0.797653	0.0173838
Muller_E	3123364	0.18496	0.797664	0.0173759
Muller_E	3124138	0.184958	0.797672	0.0173704
Muller_E	3127464	0.184948	0.797705	0.0173466
Muller_E	3128767	0.184944	0.797718	0.0173372
Muller_E	3128895	0.184944	0.79772	0.0173363
Muller_E	3129611	0.184942	0.797727	0.0173312
Muller_E	3129743	0.184942	0.797728	0.0173302
Muller_E	3130171	0.18494	0.797733	0.0173271
Muller_E	3131529	0.184936	0.797746	0.0173174
Muller_E	3137674	0.184918	0.797808	0.017273
Muller_E	3139976	0.184912	0.797832	0.0172564
Muller_E	3143168	0.184902	0.797864	0.0172332
Muller_E	3169152	0.184824	0.798133	0.0170425
Muller_E	3170575	0.18482	0.798148	0.0170319
Muller_E	3173857	0.18481	0.798183	0.0170075
Muller_E	3192801	0.18475	0.798384	0.0168654
Muller_E	3194086	0.184746	0.798398	0.0168557
Muller_E	3194230	0.184746	0.7984	0.0168546
Muller_E	3207603	0.184703	0.798544	0.016753
Muller_E	3207708	0.184702	0.798545	0.0167522
Muller_E	3208070	0.184701	0.798549	0.0167494
Muller_E	3208369	0.1847	0.798553	0.0167471
Muller_E	3208507	0.1847	0.798554	0.0167461
Muller_E	3208706	0.184699	0.798556	0.0167445
Muller_E	3210124	0.184695	0.798572	0.0167337
Muller_E	3211254	0.184691	0.798584	0.016725
Muller_E	3212088	0.184688	0.798593	0.0167186
Muller_E	3216063	0.184675	0.798637	0.0166881
Muller_E	3216461	0.184674	0.798641	0.0166851
Muller_E	3217109	0.184672	0.798648	0.0166801
Muller_E	3217441	0.184671	0.798652	0.0166775
Muller_E	3217706	0.18467	0.798655	0.0166755
Muller_E	3217825	0.184669	0.798656	0.0166746
Muller_E	3218354	0.184668	0.798662	0.0166705
Muller_E	3219292	0.184665	0.798672	0.0166633
Muller_E	3219763	0.184663	0.798677	0.0166596
Muller_E	3221459	0.184657	0.798696	0.0166465
Muller_E	3222112	0.184655	0.798703	0.0166415
Muller_E	3223012	0.184652	0.798713	0.0166345
Muller_E	3223549	0.18465	0.798719	0.0166304
Muller_E	3224815	0.184646	0.798733	0.0166206
Muller_E	3226800	0.18464	0.798755	0.0166052
Muller_E	3229718	0.18463	0.798787	0.0165826
Muller_E	3240322	0.184594	0.798906	0.0164998
Muller_E	3240918	0.184592	0.798913	0.0164952
Muller_E	3241273	0.184591	0.798917	0.0164924
Muller_E	3247835	0.184569	0.79899	0.0164408
Muller_E	3251442	0.184556	0.799031	0.0164124
Muller_E	3252203	0.184554	0.79904	0.0164064
Muller_E	3254014	0.184547	0.79906	0.0163921
Muller_E	3254518	0.184546	0.799066	0.0163881
Muller_E	3255141	0.184544	0.799073	0.0163831
Muller_E	3255365	0.184543	0.799076	0.0163814
Muller_E	3259142	0.18453	0.799119	0.0163514
Muller_E	3259935	0.184527	0.799128	0.0163451
Muller_E	3262497	0.184518	0.799157	0.0163247
Muller_E	3263708	0.184514	0.799171	0.0163151
Muller_E	3264644	0.184511	0.799182	0.0163076
Muller_E	3266132	0.184505	0.799199	0.0162958
Muller_E	3266579	0.184504	0.799204	0.0162922
Muller_E	3266806	0.184503	0.799207	0.0162904
Muller_E	3269029	0.184495	0.799232	0.0162726
Muller_E	3271700	0.184486	0.799263	0.0162512
Muller_E	3271881	0.184485	0.799265	0.0162498
Muller_E	3273894	0.184478	0.799288	0.0162336
Muller_E	3275081	0.184474	0.799302	0.0162241
Muller_E	3275989	0.184471	0.799313	0.0162168
Muller_E	3278049	0.184463	0.799337	0.0162002
Muller_E	3280894	0.184453	0.79937	0.0161773
Muller_E	3282107	0.184449	0.799384	0.0161675
Muller_E	3282973	0.184446	0.799394	0.0161605
Muller_E	3284532	0.18444	0.799412	0.0161479
Muller_E	3291321	0.184416	0.799492	0.0160928
Muller_E	3291878	0.184414	0.799498	0.0160883
Muller_E	3293351	0.184408	0.799515	0.0160763
Muller_E	3293759	0.184407	0.79952	0.016073
Muller_E	3304917	0.184366	0.799652	0.0159817
Muller_E	3306663	0.18436	0.799673	0.0159674
Muller_E	3306880	0.184359	0.799676	0.0159656
Muller_E	3310127	0.184347	0.799714	0.0159389
Muller_E	3312301	0.184339	0.79974	0.015921
Muller_E	3312718	0.184337	0.799745	0.0159175
Muller_E	3318766	0.184315	0.799818	0.0158675
Muller_E	3323588	0.184297	0.799876	0.0158274
Muller_E	3324201	0.184294	0.799883	0.0158223
Muller_E	3324656	0.184293	0.799889	0.0158185
Muller_E	3325091	0.184291	0.799894	0.0158149
Muller_E	3326084	0.184287	0.799906	0.0158066
Muller_E	3326190	0.184287	0.799907	0.0158058
Muller_E	3330218	0.184272	0.799956	0.0157721
Muller_E	3334866	0.184254	0.800013	0.0157332
Muller_E	3337545	0.184244	0.800046	0.0157107
Muller_E	3340268	0.184233	0.800079	0.0156878
Muller_E	3340480	0.184232	0.800082	0.0156861
Muller_E	3410593	0.183952	0.800966	0.0150814
Muller_E	3431230	0.183866	0.801237	0.0148979
Muller_E	3437416	0.183839	0.801318	0.0148424
Muller_E	3456916	0.183755	0.801579	0.014666
Muller_E	3457694	0.183752	0.80159	0.0146589
Muller_E	3459001	0.183746	0.801607	0.014647
Muller_E	3462300	0.183731	0.801652	0.0146169
Muller_E	3464519	0.183722	0.801682	0.0145966
Muller_E	3464673	0.183721	0.801684	0.0145952
Muller_E	3477602	0.183664	0.80186	0.0144765
Muller_E	3525631	0.183444	0.802529	0.0140266
Muller_E	3546828	0.183344	0.802832	0.0138237
Muller_E	3557059	0.183295	0.80298	0.0137248
Muller_E	3566467	0.18325	0.803117	0.0136334
Muller_E	3572057	0.183223	0.803199	0.0135788
Muller_E	3572168	0.183222	0.8032	0.0135777
Muller_E	3579272	0.183187	0.803305	0.013508
Muller_E	3579502	0.183186	0.803308	0.0135058
Muller_E	3582419	0.183172	0.803351	0.0134771
Muller_E	3590131	0.183133	0.803466	0.013401
Muller_E	3605233	0.183058	0.803691	0.013251
Muller_E	3610748	0.18303	0.803774	0.0131958
Muller_E	3611776	0.183025	0.80379	0.0131855
Muller_E	3615071	0.183008	0.803839	0.0131525
Muller_E	3617701	0.182995	0.803879	0.0131261
Muller_E	3617818	0.182994	0.803881	0.0131249
Muller_E	3617948	0.182994	0.803883	0.0131236
Muller_E	3623404	0.182966	0.803966	0.0130686
Muller_E	3630035	0.182932	0.804067	0.0130016
Muller_E	3631532	0.182924	0.80409	0.0129865
Muller_E	3634067	0.182911	0.804128	0.0129607
Muller_E	3642157	0.182869	0.804253	0.0128784
Muller_E	3643438	0.182862	0.804272	0.0128654
Muller_E	3645674	0.182851	0.804307	0.0128425
Muller_E	3652519	0.182815	0.804413	0.0127724
Muller_E	3655257	0.1828	0.804455	0.0127443
Muller_E	3657953	0.182786	0.804497	0.0127166
Muller_E	3660200	0.182774	0.804532	0.0126934
Muller_E	3665461	0.182746	0.804615	0.0126391
Muller_E	3670065	0.182722	0.804687	0.0125915
Muller_E	3757777	0.182237	0.806104	0.0116595
Muller_E	3766114	0.182189	0.806243	0.0115685
Muller_E	3770199	0.182165	0.806311	0.0115238
Muller_E	3771242	0.182159	0.806329	0.0115124
Muller_E	3775369	0.182135	0.806398	0.011467
Muller_E	3781958	0.182097	0.806509	0.0113945
Muller_E	3788305	0.182059	0.806616	0.0113243
Muller_E	3788531	0.182058	0.80662	0.0113218
Muller_E	3788717	0.182057	0.806623	0.0113198
Muller_E	3791492	0.182041	0.80667	0.011289
Muller_E	3791929	0.182038	0.806678	0.0112842
Muller_E	3794089	0.182025	0.806714	0.0112602
Muller_E	3798034	0.182002	0.806782	0.0112164
Muller_E	3805877	0.181955	0.806916	0.0111289
Muller_E	3808116	0.181942	0.806954	0.0111039
Muller_E	3837593	0.181764	0.807464	0.0107715
Muller_E	3889492	0.181441	0.808385	0.0101736
Muller_E	3892070	0.181425	0.808432	0.0101435
Muller_E	3892768	0.181421	0.808444	0.0101353
Muller_E	3893846	0.181414	0.808464	0.0101227
Muller_E	3895236	0.181405	0.808489	0.0101064
Muller_E	3896701	0.181396	0.808515	0.0100892
Muller_E	3964144	0.180955	0.80976	0.00928514
Muller_E	3964249	0.180954	0.809762	0.00928387
Muller_E	3964701	0.180951	0.80977	0.00927838
Muller_E	3965335	0.180947	0.809782	0.00927069
Muller_E	3965537	0.180946	0.809786	0.00926824
Muller_E	3971184	0.180908	0.809892	0.00919962
Muller_E	4005791	0.180673	0.810552	0.00877489
Muller_E	4007537	0.180661	0.810586	0.00875327
Muller_E	4008073	0.180657	0.810596	0.00874663
Muller_E	4008732	0.180652	0.810609	0.00873846
Muller_E	4009275	0.180649	0.81062	0.00873173
Muller_E	4009794	0.180645	0.81063	0.0087253
Muller_E	4010462	0.18064	0.810643	0.00871701
Muller_E	4011246	0.180635	0.810658	0.00870728
Muller_E	4011350	0.180634	0.81066	0.00870599
Muller_E	4011743	0.180632	0.810667	0.00870111
Muller_E	4012926	0.180623	0.81069	0.00868642
Muller_E	4015010	0.180609	0.81073	0.00866053
Muller_E	4015956	0.180602	0.810749	0.00864876
Muller_E	4016731	0.180597	0.810764	0.00863912
Muller_E	4017133	0.180594	0.810772	0.00863412
Muller_E	4017640	0.180591	0.810781	0.00862781
Muller_E	4021078	0.180567	0.810848	0.00858497
Muller_E	4021876	0.180561	0.810864	0.00857502
Muller_E	4022513	0.180557	0.810876	0.00856707
Muller_E	4022928	0.180554	0.810884	0.00856189
Muller_E	4024532	0.180543	0.810915	0.00854186
Muller_E	4024639	0.180542	0.810917	0.00854052
Muller_E	4025270	0.180538	0.81093	0.00853264
Muller_E	4027169	0.180524	0.810967	0.0085089
Muller_E	4027437	0.180523	0.810972	0.00850555
Muller_E	4027764	0.18052	0.810978	0.00850146
Muller_E	4029270	0.18051	0.811008	0.00848261
Muller_E	4032202	0.180489	0.811065	0.00844588
Muller_E	4032327	0.180488	0.811067	0.00844431
Muller_E	4033521	0.18048	0.811091	0.00842934
Muller_E	4033797	0.180478	0.811096	0.00842587
Muller_E	4036360	0.18046	0.811146	0.00839369
Muller_E	4037138	0.180455	0.811161	0.00838392
Muller_E	4037610	0.180451	0.811171	0.00837799
Muller_E	4040496	0.180431	0.811227	0.00834168
Muller_E	4040949	0.180428	0.811236	0.00833598
Muller_E	4045900	0.180393	0.811334	0.00827357
Muller_E	4046078	0.180392	0.811337	0.00827132
Muller_E	4046843	0.180386	0.811352	0.00826167
Muller_E	4047581	0.180381	0.811367	0.00825235
Muller_E	4048275	0.180376	0.81138	0.00824358
Muller_E	4048700	0.180373	0.811389	0.00823821
Muller_E	4053592	0.180338	0.811485	0.00817631
Muller_E	4056223	0.18032	0.811537	0.00814297
Muller_E	4056545	0.180317	0.811544	0.00813888
Muller_E	4056951	0.180315	0.811552	0.00813373
Muller_E	4057601	0.18031	0.811565	0.00812548
Muller_E	4057720	0.180309	0.811567	0.00812397
Muller_E	4058043	0.180307	0.811573	0.00811987
Muller_E	4058149	0.180306	0.811575	0.00811853
Muller_E	4058704	0.180302	0.811586	0.00811148
Muller_E	4059417	0.180297	0.811601	0.00810243
Muller_E	4059965	0.180293	0.811611	0.00809546
Muller_E	4061381	0.180283	0.81164	0.00807747
Muller_E	4061745	0.18028	0.811647	0.00807284
Muller_E	4062020	0.180278	0.811652	0.00806934
Muller_E	4062507	0.180275	0.811662	0.00806315
Muller_E	4062941	0.180272	0.811671	0.00805762
Muller_E	4064035	0.180264	0.811692	0.0080437
Muller_E	4064680	0.180259	0.811705	0.00803549
Muller_E	4064829	0.180258	0.811708	0.00803359
Muller_E	4065474	0.180254	0.811721	0.00802538
Muller_E	4065574	0.180253	0.811723	0.0080241
Muller_E	4066028	0.18025	0.811732	0.00801832
Muller_E	4067541	0.180239	0.811762	0.00799903
Muller_E	4067967	0.180236	0.811771	0.0079936
Muller_E	4068535	0.180232	0.811782	0.00798635
Muller_E	4069245	0.180227	0.811796	0.00797729
Muller_E	4070105	0.18022	0.811813	0.00796632
Muller_E	4071088	0.180213	0.811833	0.00795376
Muller_E	4071641	0.180209	0.811844	0.0079467
Muller_E	4072126	0.180206	0.811854	0.0079405
Muller_E	4072768	0.180201	0.811866	0.00793229
Muller_E	4072973	0.1802	0.81187	0.00792967
Muller_E	4073359	0.180197	0.811878	0.00792474
Muller_E	4075135	0.180184	0.811914	0.00790202
Muller_E	4075254	0.180183	0.811916	0.0079005
Muller_E	4076053	0.180178	0.811932	0.00789027
Muller_E	4077160	0.18017	0.811954	0.00787609
Muller_E	4078165	0.180162	0.811974	0.00786321
Muller_E	4078690	0.180159	0.811985	0.00785648
Muller_E	4078900	0.180157	0.811989	0.00785379
Muller_E	4079010	0.180156	0.811991	0.00785238
Muller_E	4079297	0.180154	0.811997	0.0078487
Muller_E	4081728	0.180137	0.812046	0.00781751
Muller_E	4082079	0.180134	0.812053	0.007813
Muller_E	4083988	0.18012	0.812091	0.00778848
Muller_E	4085715	0.180108	0.812126	0.00776628
Muller_E	4089306	0.180082	0.812198	0.00772005
Muller_E	4089803	0.180078	0.812208	0.00771365
Muller_E	4092778	0.180056	0.812268	0.00767528
Muller_E	4092894	0.180056	0.812271	0.00767378
Muller_E	4098915	0.180012	0.812392	0.00759597
Muller_E	4109650	0.179933	0.81261	0.00745668
Muller_E	4113217	0.179907	0.812683	0.00741024
Muller_E	4113538	0.179904	0.81269	0.00740606
Muller_E	4114422	0.179898	0.812708	0.00739454
Muller_E	4114803	0.179895	0.812716	0.00738957
Muller_E	4115118	0.179893	0.812722	0.00738547
Muller_E	4116856	0.17988	0.812758	0.00736279
Muller_E	4117074	0.179878	0.812762	0.00735995
Muller_E	4117473	0.179875	0.81277	0.00735474
Muller_E	4118970	0.179864	0.812801	0.00733519
Muller_E	4121851	0.179843	0.81286	0.00729752
Muller_E	4122071	0.179841	0.812864	0.00729464
Muller_E	4122393	0.179839	0.812871	0.00729043
Muller_E	4122818	0.179835	0.81288	0.00728487
Muller_E	4124318	0.179824	0.81291	0.00726523
Muller_E	4124418	0.179824	0.812912	0.00726392
Muller_E	4126492	0.179808	0.812955	0.00723674
Muller_E	4127527	0.1798	0.812976	0.00722317
Muller_E	4127720	0.179799	0.81298	0.00722064
Muller_E	4128101	0.179796	0.812988	0.00721564
Muller_E	4128234	0.179795	0.812991	0.0072139
Muller_E	4130334	0.17978	0.813034	0.00718633
Muller_E	4132221	0.179765	0.813073	0.00716154
Muller_E	4134741	0.179747	0.813125	0.00712839
Muller_E	4134982	0.179745	0.81313	0.00712522
Muller_E	4136547	0.179733	0.813162	0.00710461
Muller_E	4140224	0.179705	0.813238	0.00705614
Muller_E	4140902	0.1797	0.813252	0.00704719
Muller_E	4141485	0.179696	0.813264	0.0070395
Muller_E	4143836	0.179678	0.813313	0.00700844
Muller_E	4144350	0.179674	0.813324	0.00700165
Muller_E	4144848	0.179671	0.813334	0.00699507
Muller_E	4150850	0.179625	0.813459	0.0069156
Muller_E	4151927	0.179617	0.813481	0.00690132
Muller_E	4154621	0.179597	0.813538	0.00686556
Muller_E	4159745	0.179558	0.813645	0.00679742
Muller_E	4159958	0.179556	0.813649	0.00679459
Muller_E	4160923	0.179549	0.813669	0.00678173
Muller_E	4161787	0.179542	0.813687	0.00677022
Muller_E	4162162	0.17954	0.813695	0.00676523
Muller_E	4163984	0.179526	0.813733	0.00674093
Muller_E	4164218	0.179524	0.813738	0.00673781
Muller_E	4164859	0.179519	0.813752	0.00672926
Muller_E	4165033	0.179518	0.813755	0.00672694
Muller_E	4165157	0.179517	0.813758	0.00672528
Muller_E	4165383	0.179515	0.813763	0.00672227
Muller_E	4165808	0.179512	0.813772	0.00671659
Muller_E	4165958	0.179511	0.813775	0.00671459
Muller_E	4166062	0.17951	0.813777	0.0067132
Muller_E	4166243	0.179509	0.813781	0.00671079
Muller_E	4166628	0.179506	0.813789	0.00670564
Muller_E	4168755	0.179489	0.813833	0.00667722
Muller_E	4172546	0.17946	0.813913	0.0066265
Muller_E	4172827	0.179458	0.813919	0.00662274
Muller_E	4173860	0.17945	0.813941	0.0066089
Muller_E	4176100	0.179433	0.813988	0.00657887
Muller_E	4176326	0.179431	0.813993	0.00657584
Muller_E	4176826	0.179427	0.814003	0.00656913
Muller_E	4177022	0.179426	0.814008	0.0065665
Muller_E	4178339	0.179416	0.814035	0.00654883
Muller_E	4178608	0.179414	0.814041	0.00654521
Muller_E	4179326	0.179408	0.814056	0.00653557
Muller_E	4180712	0.179398	0.814085	0.00651695
Muller_E	4180966	0.179396	0.814091	0.00651353
Muller_E	4184926	0.179365	0.814175	0.00646025
Muller_E	4185178	0.179363	0.81418	0.00645686
Muller_E	4185319	0.179362	0.814183	0.00645496
Muller_E	4185532	0.17936	0.814187	0.00645209
Muller_E	4187632	0.179344	0.814232	0.00642379
Muller_E	4188227	0.17934	0.814245	0.00641577
Muller_E	4188670	0.179336	0.814254	0.00640979
Muller_E	4192621	0.179306	0.814338	0.00635645
Muller_E	4193546	0.179298	0.814358	0.00634394
Muller_E	4194407	0.179292	0.814376	0.0063323
Muller_E	4195783	0.179281	0.814405	0.00631369
Muller_E	4196010	0.179279	0.81441	0.00631061
Muller_E	4197440	0.179268	0.814441	0.00629125
Muller_E	4198223	0.179262	0.814457	0.00628065
Muller_E	4199021	0.179256	0.814474	0.00626983
Muller_E	4199203	0.179254	0.814478	0.00626737
Muller_E	4199424	0.179253	0.814483	0.00626437
Muller_E	4199639	0.179251	0.814488	0.00626146
Muller_E	4199983	0.179248	0.814495	0.00625679
Muller_E	4203293	0.179223	0.814566	0.00621188
Muller_E	4205814	0.179203	0.81462	0.00617763
Muller_E	4206134	0.1792	0.814626	0.00617328
Muller_E	4207588	0.179189	0.814658	0.0061535
Muller_E	4210680	0.179165	0.814724	0.00611141
Muller_E	4210928	0.179163	0.814729	0.00610803
Muller_E	4211312	0.17916	0.814737	0.00610279
Muller_E	4211755	0.179156	0.814747	0.00609676
Muller_E	4213444	0.179143	0.814783	0.00607372
Muller_E	4216650	0.179118	0.814852	0.00602996
Muller_E	4217058	0.179115	0.814861	0.00602439
Muller_E	4217453	0.179112	0.814869	0.00601899
Muller_E	4217565	0.179111	0.814872	0.00601746
Muller_E	4217669	0.17911	0.814874	0.00601604
Muller_E	4217825	0.179109	0.814877	0.0060139
Muller_E	4218923	0.1791	0.814901	0.00599889
Muller_E	4225215	0.17905	0.815037	0.00591273
Muller_E	4232774	0.17899	0.815201	0.0058089
Muller_E	4235298	0.17897	0.815256	0.00577415
Muller_E	4245993	0.178885	0.815489	0.00562647
Muller_E	4252835	0.17883	0.815638	0.00553163
Muller_E	4253725	0.178823	0.815658	0.00551928
Muller_E	4256197	0.178803	0.815712	0.00548493
Muller_E	4261234	0.178762	0.815823	0.00541482
Muller_E	4262892	0.178749	0.815859	0.00539171
Muller_E	4263238	0.178746	0.815867	0.00538688
Muller_E	4263588	0.178743	0.815875	0.005382
Muller_E	4264621	0.178735	0.815897	0.00536759
Muller_E	4266950	0.178716	0.815949	0.00533507
Muller_E	4267529	0.178711	0.815962	0.00532698
Muller_E	4276223	0.178641	0.816154	0.00520527
Muller_E	4311688	0.178349	0.816947	0.00470396
Muller_E	4311965	0.178346	0.816954	0.00470002
Muller_E	4312254	0.178344	0.81696	0.0046959
Muller_E	4312510	0.178342	0.816966	0.00469225
Muller_E	4334492	0.178158	0.817465	0.00437753
Muller_E	4352032	0.285581	0.713836	0.000582746
Muller_E	4353438	0.17795	0.817921	0.00412847
Muller_E	4356857	0.177806	0.818055	0.00413865
Muller_E	4360054	0.177672	0.81818	0.0041481
Muller_E	4374783	0.177052	0.818758	0.00419081
Muller_E	4374946	0.177045	0.818764	0.00419128
Muller_E	4381350	0.176775	0.819016	0.00420942
Muller_E	4558836	0.169212	0.826178	0.00461046
Muller_E	4562012	0.169075	0.826309	0.00461584
Muller_E	4564083	0.168986	0.826395	0.00461931
Muller_E	4564194	0.168981	0.826399	0.0046195
Muller_E	4568491	0.168796	0.826577	0.00462661
Muller_E	4569115	0.168769	0.826603	0.00462764
Muller_E	4569749	0.168742	0.826629	0.00462868
Muller_E	4570340	0.168716	0.826654	0.00462964
Muller_E	4571890	0.16865	0.826718	0.00463216
Muller_E	4572624	0.168618	0.826749	0.00463335
Muller_E	4573491	0.168581	0.826785	0.00463475
Muller_E	4573809	0.168567	0.826798	0.00463526
Muller_E	4577361	0.168414	0.826945	0.00464094
Muller_E	4577462	0.168409	0.82695	0.0046411
Muller_E	4578308	0.168373	0.826985	0.00464243
Muller_E	4580664	0.168271	0.827083	0.00464614
Muller_E	4580954	0.168259	0.827095	0.00464659
Muller_E	4581769	0.168224	0.827129	0.00464787
Muller_E	4581909	0.168217	0.827134	0.00464809
Muller_E	4583019	0.16817	0.827181	0.00464981
Muller_E	4583393	0.168153	0.827196	0.00465039
Muller_E	4583516	0.168148	0.827201	0.00465058
Muller_E	4584473	0.168107	0.827241	0.00465206
Muller_E	4589180	0.167904	0.827437	0.00465925
Muller_E	4590247	0.167857	0.827482	0.00466086
Muller_E	4591539	0.167802	0.827536	0.00466279
Muller_E	4593253	0.167728	0.827607	0.00466535
Muller_E	4593508	0.167717	0.827618	0.00466573
Muller_E	4593974	0.167696	0.827637	0.00466642
Muller_E	4595111	0.167647	0.827685	0.0046681
Muller_E	4595303	0.167639	0.827693	0.00466839
Muller_E	4597548	0.167542	0.827786	0.00467168
Muller_E	4597833	0.16753	0.827798	0.00467209
Muller_E	4600306	0.167423	0.827902	0.00467568
Muller_E	4607273	0.167121	0.828193	0.00468557
Muller_E	4607398	0.167116	0.828199	0.00468574
Muller_E	4610441	0.166984	0.828326	0.00468996
Muller_E	4611041	0.166958	0.828351	0.00469079
Muller_E	4611562	0.166935	0.828373	0.0046915
Muller_E	4611697	0.16693	0.828379	0.00469169
Muller_E	4612447	0.166897	0.82841	0.00469271
Muller_E	4612733	0.166885	0.828422	0.00469311
Muller_E	4612927	0.166876	0.82843	0.00469337
Muller_E	4613148	0.166867	0.82844	0.00469367
Muller_E	4614502	0.166808	0.828496	0.00469551
Muller_E	4615888	0.166748	0.828555	0.00469737
Muller_E	4616173	0.166736	0.828567	0.00469776
Muller_E	4616508	0.166721	0.828581	0.00469821
Muller_E	4616663	0.166714	0.828587	0.00469841
Muller_E	4618190	0.166648	0.828651	0.00470045
Muller_E	4619781	0.166579	0.828718	0.00470256
Muller_E	4622166	0.166476	0.828818	0.00470568
Muller_E	4626314	0.166296	0.828993	0.00471103
Muller_E	4626864	0.166272	0.829016	0.00471174
Muller_E	4627368	0.16625	0.829037	0.00471238
Muller_E	4627488	0.166245	0.829042	0.00471253
Muller_E	4633961	0.165964	0.829315	0.00472062
Muller_E	4635834	0.165883	0.829394	0.00472291
Muller_E	4636452	0.165856	0.82942	0.00472366
Muller_E	4637295	0.165819	0.829456	0.00472468
Muller_E	4640891	0.165663	0.829608	0.00472898
Muller_E	4645727	0.165453	0.829812	0.00473464
Muller_E	4646376	0.165425	0.82984	0.00473538
Muller_E	4646798	0.165406	0.829858	0.00473587
Muller_E	4653320	0.165123	0.830134	0.00474322
Muller_E	4656520	0.164983	0.83027	0.00474672
Muller_E	4672665	0.16428	0.830957	0.00476343
Muller_E	4674140	0.164215	0.83102	0.00476487
Muller_E	4675745	0.164145	0.831088	0.00476642
Muller_E	4676485	0.164113	0.83112	0.00476714
Muller_E	4677110	0.164086	0.831146	0.00476773
Muller_E	4677655	0.164062	0.83117	0.00476825
Muller_E	4678986	0.164004	0.831227	0.00476951
Muller_E	4680223	0.16395	0.831279	0.00477068
Muller_E	4682403	0.163855	0.831373	0.0047727
Muller_E	4682621	0.163845	0.831382	0.0047729
Muller_E	4684270	0.163773	0.831452	0.00477441
Muller_E	4685491	0.16372	0.831505	0.00477551
Muller_E	4686019	0.163697	0.831527	0.00477599
Muller_E	4687101	0.16365	0.831573	0.00477696
Muller_E	4689628	0.163539	0.831682	0.00477919
Muller_E	4690052	0.163521	0.8317	0.00477956
Muller_E	4690344	0.163508	0.831712	0.00477982
Muller_E	4690905	0.163483	0.831736	0.0047803
Muller_E	4691125	0.163474	0.831746	0.00478049
Muller_E	4691712	0.163448	0.831771	0.004781
Muller_E	4691999	0.163436	0.831783	0.00478125
Muller_E	4692111	0.163431	0.831788	0.00478134
Muller_E	4693234	0.163382	0.831836	0.00478231
Muller_E	4693620	0.163365	0.831853	0.00478263
Muller_E	4693753	0.163359	0.831858	0.00478275
Muller_E	4694021	0.163347	0.83187	0.00478297
Muller_E	4694592	0.163322	0.831894	0.00478346
Muller_E	4696429	0.163242	0.831973	0.004785
Muller_E	4696792	0.163226	0.831989	0.0047853
Muller_E	4699402	0.163112	0.832101	0.00478744
Muller_E	4700957	0.163044	0.832168	0.0047887
Muller_E	4702606	0.162972	0.832238	0.00479002
Muller_E	4708142	0.162729	0.832476	0.00479431
Muller_E	4712097	0.162556	0.832647	0.00479725
Muller_E	4713898	0.162477	0.832724	0.00479856
Muller_E	4714194	0.162464	0.832737	0.00479877
Muller_E	4717094	0.162337	0.832862	0.00480083
Muller_E	4717794	0.162306	0.832892	0.00480132
Muller_E	4720564	0.162185	0.833012	0.00480322
Muller_E	4722390	0.162105	0.833091	0.00480445
Muller_E	4727534	0.161879	0.833313	0.0048078
Muller_E	4730688	0.16174	0.83345	0.00480976
Muller_E	4731377	0.16171	0.83348	0.00481019
Muller_E	4732944	0.161641	0.833547	0.00481113
Muller_E	4738342	0.161404	0.833782	0.00481427
Muller_E	4739398	0.161358	0.833827	0.00481487
Muller_E	4742492	0.161222	0.833962	0.00481656
Muller_E	4745718	0.16108	0.834102	0.00481827
Muller_E	4746457	0.161047	0.834134	0.00481865
Muller_E	4748015	0.160979	0.834202	0.00481944
Muller_E	4748352	0.160964	0.834216	0.00481961
Muller_E	4748630	0.0260569	0.963589	0.010354
Muller_E	4751071	0.161108	0.834083	0.00480814
Muller_E	4751685	0.161148	0.834047	0.00480522
Muller_E	4751817	0.161156	0.834039	0.00480459
Muller_E	4752607	0.161207	0.833992	0.00480082
Muller_E	4752773	0.161218	0.833982	0.00480003
Muller_E	4753826	0.161285	0.83392	0.004795
Muller_E	4754671	0.161339	0.83387	0.00479096
Muller_E	4756619	0.161464	0.833754	0.00478163
Muller_E	4759191	0.161629	0.833601	0.00476928
Muller_E	4761262	0.161762	0.833479	0.0047593
Muller_E	4761866	0.161801	0.833443	0.00475638
Muller_E	4761985	0.161808	0.833436	0.00475581
Muller_E	4763545	0.161908	0.833343	0.00474827
Muller_E	4764509	0.16197	0.833286	0.0047436
Muller_E	4765595	0.16204	0.833222	0.00473834
Muller_E	4766291	0.162085	0.833181	0.00473496
Muller_E	4766501	0.162098	0.833168	0.00473394
Muller_E	4767354	0.162153	0.833118	0.0047298
Muller_E	4769627	0.162298	0.832983	0.00471874
Muller_E	4769950	0.162319	0.832964	0.00471716
Muller_E	4772288	0.162469	0.832825	0.00470574
Muller_E	4773763	0.162563	0.832738	0.00469852
Muller_E	4773963	0.162576	0.832726	0.00469754
Muller_E	4774375	0.162603	0.832702	0.00469552
Muller_E	4774957	0.16264	0.832668	0.00469267
Muller_E	4775479	0.162673	0.832637	0.00469011
Muller_E	4776619	0.162746	0.832569	0.0046845
Muller_E	4779373	0.162923	0.832406	0.00467094
Muller_E	4781913	0.163085	0.832256	0.00465839
Muller_E	4782620	0.16313	0.832215	0.00465489
Muller_E	4783326	0.163176	0.832173	0.00465139
Muller_E	4786044	0.16335	0.832012	0.00463789
Muller_E	4786690	0.163391	0.831974	0.00463468
Muller_E	4789453	0.163568	0.831811	0.0046209
Muller_E	4790377	0.163627	0.831757	0.00461628
Muller_E	4792360	0.163754	0.83164	0.00460635
Muller_E	4792549	0.163766	0.831629	0.0046054
Muller_E	4792702	0.163776	0.83162	0.00460464
Muller_E	4822723	0.165694	0.829855	0.00445137
Muller_E	4832155	0.166296	0.829302	0.00440209
Muller_E	4834924	0.166472	0.82914	0.00438752
Muller_E	4838041	0.166671	0.828958	0.00437106
Muller_E	4839031	0.166734	0.8289	0.00436582
Muller_E	4840034	0.166798	0.828841	0.00436051
Muller_E	4843722	0.167033	0.828626	0.00434092
Muller_E	4844215	0.167065	0.828597	0.0043383
Muller_E	4846930	0.167238	0.828439	0.00432381
Muller_E	4847984	0.167305	0.828377	0.00431818
Muller_E	4849699	0.167414	0.828277	0.004309
Muller_E	4849916	0.167428	0.828264	0.00430783
Muller_E	4850646	0.167474	0.828222	0.00430392
Muller_E	4851102	0.167503	0.828195	0.00430147
Muller_E	4851280	0.167515	0.828185	0.00430052
Muller_E	4852753	0.167609	0.828099	0.0042926
Muller_E	4853630	0.167664	0.828048	0.00428789
Muller_E	4855355	0.167774	0.827947	0.00427859
Muller_E	4859608	0.168045	0.827699	0.0042556
Muller_E	4860728	0.168116	0.827634	0.00424953
Muller_E	4862947	0.168257	0.827505	0.00423747
Muller_E	4865598	0.168426	0.827351	0.00422304
Muller_E	4865718	0.168434	0.827344	0.00422238
Muller_E	4866182	0.168463	0.827317	0.00421985
Muller_E	4867670	0.168558	0.82723	0.00421172
Muller_E	4869382	0.168667	0.827131	0.00420235
Muller_E	4875634	0.169064	0.826768	0.00416799
Muller_E	4875860	0.169079	0.826754	0.00416675
Muller_E	4876983	0.16915	0.826689	0.00416055
Muller_E	4877350	0.169174	0.826668	0.00415852
Muller_E	4878065	0.169219	0.826626	0.00415457
Muller_E	4879381	0.169303	0.82655	0.00414729
Muller_E	4880635	0.169382	0.826477	0.00414034
Muller_E	4881487	0.169436	0.826428	0.00413561
