chrom	position	2,0	1,1	0,2
Muller_E	62882	0.144942	0.491624	0.363433
Muller_E	267432	0.137209	0.505042	0.357748
Muller_E	441230	0.130607	0.516448	0.352945
Muller_E	511157	0.127941	0.521041	0.351018
Muller_E	557879	0.126157	0.524111	0.349732
Muller_E	581000	0.125272	0.525631	0.349096
Muller_E	709108	0.12036	0.534063	0.345577
Muller_E	768129	0.118089	0.537953	0.343958
Muller_E	785241	0.11743	0.539082	0.343489
Muller_E	787322	0.117349	0.539219	0.343432
Muller_E	787424	0.117345	0.539226	0.343429
Muller_E	788173	0.117317	0.539275	0.343408
Muller_E	788750	0.117294	0.539313	0.343393
Muller_E	788860	0.11729	0.53932	0.34339
Muller_E	791823	0.117176	0.539516	0.343308
Muller_E	802257	0.116773	0.540204	0.343022
Muller_E	893794	0.113236	0.546251	0.340514
Muller_E	894300	0.113216	0.546284	0.3405
Muller_E	896281	0.113139	0.546415	0.340446
Muller_E	897287	0.1131	0.546482	0.340418
Muller_E	897987	0.113073	0.546528	0.340399
Muller_E	901015	0.112956	0.546728	0.340316
Muller_E	901718	0.112929	0.546775	0.340297
Muller_E	923408	0.112088	0.548209	0.339703
Muller_E	923675	0.112078	0.548227	0.339695
Muller_E	924320	0.112053	0.54827	0.339678
Muller_E	927795	0.111918	0.5485	0.339583
Muller_E	948021	0.111133	0.549838	0.339029
Muller_E	948230	0.111125	0.549852	0.339023
Muller_E	958531	0.110725	0.550534	0.338741
Muller_E	967701	0.110369	0.551142	0.33849
Muller_E	969142	0.110313	0.551237	0.33845
Muller_E	1033237	0.107819	0.555486	0.336695
Muller_E	1120573	0.104408	0.561288	0.334304
Muller_E	1123171	0.104307	0.561461	0.334233
Muller_E	1146845	0.10338	0.563036	0.333584
Muller_E	1148492	0.103315	0.563146	0.333539
Muller_E	1168315	0.102538	0.564466	0.332996
Muller_E	1213395	0.100768	0.567471	0.331762
Muller_E	1262309	0.0988421	0.570736	0.330422
Muller_E	1275111	0.0983373	0.571592	0.330071
Muller_E	1275707	0.0983138	0.571632	0.330055
Muller_E	1314313	0.0967894	0.574214	0.328996
Muller_E	1318297	0.0966319	0.574481	0.328887
Muller_E	1358440	0.0950432	0.57717	0.327786
Muller_E	1358616	0.0950362	0.577182	0.327782
Muller_E	1378824	0.094235	0.578538	0.327227
Muller_E	1480336	0.0901968	0.585362	0.324441
Muller_E	1489232	0.0898418	0.585962	0.324196
Muller_E	1645912	0.0835579	0.596557	0.319885
Muller_E	1673398	0.0824493	0.598423	0.319128
Muller_E	1718642	0.0806202	0.6015	0.31788
Muller_E	1746815	0.0794785	0.60342	0.317102
Muller_E	1763447	0.0788036	0.604554	0.316642
Muller_E	1765039	0.0787389	0.604663	0.316598
Muller_E	1765159	0.0787341	0.604671	0.316595
Muller_E	1765369	0.0787255	0.604686	0.316589
Muller_E	1771226	0.0784877	0.605085	0.316427
Muller_E	1799036	0.0773569	0.606985	0.315658
Muller_E	1802542	0.0772142	0.607225	0.315561
Muller_E	1802678	0.0772086	0.607234	0.315557
Muller_E	1803039	0.0771939	0.607259	0.315547
Muller_E	1803347	0.0771814	0.60728	0.315539
Muller_E	1805518	0.077093	0.607428	0.315479
Muller_E	1812938	0.0767908	0.607936	0.315273
Muller_E	1813040	0.0767867	0.607943	0.315271
Muller_E	1815234	0.0766973	0.608093	0.31521
Muller_E	1815907	0.0766698	0.608139	0.315191
Muller_E	1816383	0.0766505	0.608172	0.315178
Muller_E	1831501	0.0760341	0.609206	0.31476
Muller_E	1850978	0.0752392	0.610541	0.31422
Muller_E	1851905	0.0752014	0.610604	0.314194
Muller_E	1852166	0.0751907	0.610622	0.314187
Muller_E	1857635	0.0749673	0.610997	0.314036
Muller_E	1861157	0.0748234	0.611239	0.313938
Muller_E	1861336	0.074816	0.611251	0.313933
Muller_E	1861880	0.0747938	0.611288	0.313918
Muller_E	1866595	0.0746011	0.611612	0.313787
Muller_E	1870209	0.0744533	0.61186	0.313687
Muller_E	1871973	0.00914865	0.394353	0.596498
Muller_E	1880064	0.0744853	0.612903	0.312611
Muller_E	1889333	0.0746047	0.61396	0.311435
Muller_E	1891195	0.0746287	0.614173	0.311199
Muller_E	1894320	0.074669	0.614529	0.310802
Muller_E	1900363	0.0747468	0.615218	0.310035
Muller_E	1904375	0.0747985	0.615675	0.309526
Muller_E	1915469	0.0749415	0.61694	0.308119
Muller_E	1927060	0.0750909	0.618261	0.306649
Muller_E	1932459	0.0751605	0.618876	0.305964
Muller_E	1944351	0.0753139	0.62023	0.304456
Muller_E	1946702	0.0753442	0.620498	0.304158
Muller_E	1961660	0.0755372	0.622201	0.302262
Muller_E	1975567	0.0757167	0.623784	0.300499
Muller_E	2011856	0.0761852	0.627913	0.295902
Muller_E	2013122	0.0762016	0.628057	0.295742
Muller_E	2044597	0.0766082	0.631635	0.291757
Muller_E	2048236	0.0766552	0.632049	0.291296
Muller_E	2048434	0.0766577	0.632071	0.291271
Muller_E	2086567	0.0771506	0.636404	0.286446
Muller_E	2103366	0.0773678	0.638311	0.284321
Muller_E	2117584	0.0775516	0.639926	0.282523
Muller_E	2126123	0.077662	0.640895	0.281443
Muller_E	2135792	0.0777871	0.641992	0.280221
Muller_E	2140907	0.0778532	0.642573	0.279574
Muller_E	2141169	0.0778566	0.642603	0.279541
Muller_E	2142715	0.0778766	0.642778	0.279345
Muller_E	2145389	0.0779112	0.643081	0.279007
Muller_E	2146953	0.0779314	0.643259	0.27881
Muller_E	2147057	0.0779327	0.643271	0.278797
Muller_E	2201852	0.0786413	0.649486	0.271873
Muller_E	2204792	0.0786794	0.649819	0.271502
Muller_E	2219543	0.0788701	0.651491	0.269639
Muller_E	2220290	0.0788798	0.651576	0.269544
Muller_E	2241628	0.0791557	0.653994	0.26685
Muller_E	2243471	0.0791795	0.654203	0.266617
Muller_E	2531559	0.0828955	0.686809	0.230296
Muller_E	2693610	0.0849711	0.705134	0.209895
Muller_E	2696554	0.0850086	0.705467	0.209525
Muller_E	2706179	0.0851314	0.706555	0.208314
Muller_E	2713009	0.0852185	0.707327	0.207454
Muller_E	2716202	0.0852592	0.707689	0.207052
Muller_E	2721440	0.0853259	0.708281	0.206393
Muller_E	2735475	0.0855047	0.709868	0.204627
Muller_E	2763120	0.0858564	0.712995	0.201148
Muller_E	2777976	0.0860451	0.714676	0.199279
Muller_E	2779619	0.086066	0.714862	0.199072
Muller_E	2787347	0.0861641	0.715736	0.1981
Muller_E	2788916	0.086184	0.715914	0.197902
Muller_E	2795398	0.0862663	0.716647	0.197087
Muller_E	2798296	0.0863031	0.716975	0.196722
Muller_E	2799305	0.0863159	0.717089	0.196595
Muller_E	2800245	0.0863278	0.717195	0.196477
Muller_E	2800507	0.0863311	0.717225	0.196444
Muller_E	2800780	0.0863346	0.717256	0.19641
Muller_E	2800932	0.0863365	0.717273	0.19639
Muller_E	2801158	0.0863394	0.717299	0.196362
Muller_E	2805736	0.0863974	0.717817	0.195786
Muller_E	2807233	0.0864164	0.717986	0.195598
Muller_E	2807795	0.0864235	0.71805	0.195527
Muller_E	2808363	0.0864307	0.718114	0.195455
Muller_E	2809031	0.0864392	0.718189	0.195371
Muller_E	2809272	0.0864422	0.718217	0.195341
Muller_E	2809909	0.0864503	0.718289	0.195261
Muller_E	2811470	0.0864701	0.718465	0.195064
Muller_E	2811776	0.086474	0.7185	0.195026
Muller_E	2812117	0.0864783	0.718539	0.194983
Muller_E	2815676	0.0865234	0.718941	0.194535
Muller_E	2816259	0.0865308	0.719007	0.194462
Muller_E	2817070	0.086541	0.719099	0.19436
Muller_E	2817616	0.086548	0.719161	0.194291
Muller_E	2819402	0.0865706	0.719363	0.194066
Muller_E	2820166	0.0865803	0.719449	0.19397
Muller_E	2820386	0.0865831	0.719474	0.193943
Muller_E	2820775	0.086588	0.719518	0.193894
Muller_E	2821135	0.0865925	0.719559	0.193848
Muller_E	2821440	0.0865964	0.719594	0.19381
Muller_E	2826939	0.086666	0.720216	0.193118
Muller_E	2831172	0.0867196	0.720695	0.192585
Muller_E	2831515	0.086724	0.720734	0.192542
Muller_E	2832336	0.0867344	0.720827	0.192439
Muller_E	2833070	0.0867437	0.72091	0.192347
Muller_E	2850717	0.0869669	0.722907	0.190126
Muller_E	2853215	0.0869984	0.72319	0.189812
Muller_E	2856496	0.0870399	0.723561	0.189399
Muller_E	2856945	0.0870456	0.723612	0.189343
Muller_E	2857481	0.0870523	0.723672	0.189275
Muller_E	2858163	0.087061	0.72375	0.189189
Muller_E	2859754	0.0870811	0.72393	0.188989
Muller_E	2859987	0.087084	0.723956	0.18896
Muller_E	2862604	0.0871171	0.724252	0.188631
Muller_E	2866488	0.0871661	0.724692	0.188142
Muller_E	2867267	0.087176	0.72478	0.188044
Muller_E	2868557	0.0871922	0.724926	0.187882
Muller_E	2870085	0.0872115	0.725099	0.187689
Muller_E	2870623	0.0872183	0.72516	0.187622
Muller_E	2876155	0.0872881	0.725786	0.186926
Muller_E	2877151	0.0873007	0.725899	0.1868
Muller_E	2886067	0.0874132	0.726908	0.185678
Muller_E	2886534	0.0874191	0.726961	0.18562
Muller_E	2887599	0.0874325	0.727082	0.185486
Muller_E	2887882	0.0874361	0.727114	0.18545
Muller_E	2888492	0.0874438	0.727183	0.185373
Muller_E	2888607	0.0874452	0.727196	0.185359
Muller_E	2890000	0.0874628	0.727354	0.185183
Muller_E	2890387	0.0874676	0.727398	0.185135
Muller_E	2890907	0.0874742	0.727456	0.185069
Muller_E	2894764	0.0875228	0.727893	0.184584
Muller_E	2899098	0.0875774	0.728384	0.184039
Muller_E	2901481	0.0876074	0.728654	0.183739
Muller_E	2901643	0.0876095	0.728672	0.183718
Muller_E	2902627	0.0876219	0.728784	0.183595
Muller_E	2903432	0.087632	0.728875	0.183493
Muller_E	2904998	0.0876517	0.729052	0.183296
Muller_E	2905994	0.0876643	0.729165	0.183171
Muller_E	2907134	0.0876786	0.729294	0.183028
Muller_E	2908511	0.087696	0.72945	0.182854
Muller_E	2909452	0.0877078	0.729556	0.182736
Muller_E	2910160	0.0877167	0.729637	0.182647
Muller_E	2911022	0.0877276	0.729734	0.182538
Muller_E	2911252	0.0877305	0.72976	0.182509
Muller_E	2911992	0.0877398	0.729844	0.182416
Muller_E	2914672	0.0877735	0.730147	0.182079
Muller_E	2915489	0.0877838	0.73024	0.181976
Muller_E	2918585	0.0878227	0.730591	0.181587
Muller_E	2919015	0.0878281	0.730639	0.181533
Muller_E	2919728	0.0878371	0.73072	0.181443
Muller_E	2919971	0.0878402	0.730748	0.181412
Muller_E	2921506	0.0878595	0.730921	0.181219
Muller_E	2922564	0.0878728	0.731041	0.181086
Muller_E	2922707	0.0878746	0.731057	0.181068
Muller_E	2924226	0.0878937	0.73123	0.180877
Muller_E	2925108	0.0879048	0.731329	0.180766
Muller_E	2925552	0.0879104	0.73138	0.18071
Muller_E	2928855	0.0879519	0.731754	0.180294
Muller_E	2930674	0.0879747	0.73196	0.180065
Muller_E	2931258	0.0879821	0.732026	0.179992
Muller_E	2931592	0.0879863	0.732064	0.17995
Muller_E	2931798	0.0879889	0.732087	0.179924
Muller_E	2932326	0.0879955	0.732147	0.179858
Muller_E	2945623	0.0881625	0.733653	0.178184
Muller_E	2945753	0.0881642	0.733668	0.178168
Muller_E	2945878	0.0881657	0.733682	0.178152
Muller_E	2946001	0.0881673	0.733696	0.178137
Muller_E	2955783	0.08829	0.734804	0.176906
Muller_E	2957997	0.0883178	0.735055	0.176627
Muller_E	2959282	0.0883339	0.735201	0.176465
Muller_E	2959697	0.0883391	0.735248	0.176413
Muller_E	2959819	0.0883406	0.735261	0.176398
Muller_E	2960759	0.0883524	0.735368	0.17628
Muller_E	2961667	0.0883638	0.735471	0.176165
Muller_E	2961801	0.0883655	0.735486	0.176148
Muller_E	2963254	0.0883837	0.735651	0.175966
Muller_E	2963568	0.0883876	0.735686	0.175926
Muller_E	2975263	0.0885342	0.737011	0.174454
Muller_E	2976725	0.0885525	0.737177	0.17427
Muller_E	2977784	0.0885657	0.737297	0.174137
Muller_E	2982473	0.0886244	0.737829	0.173547
Muller_E	2984283	0.0886471	0.738034	0.173319
Muller_E	2985483	0.0886621	0.73817	0.173168
Muller_E	2985658	0.0886643	0.738189	0.173146
Muller_E	2985908	0.0886674	0.738218	0.173115
Muller_E	2987685	0.0886897	0.738419	0.172891
Muller_E	2992894	0.0887548	0.73901	0.172236
Muller_E	2993313	0.0887601	0.739057	0.172183
Muller_E	2993798	0.0887661	0.739112	0.172122
Muller_E	2994137	0.0887704	0.739151	0.172079
Muller_E	2994487	0.0887747	0.73919	0.172035
Muller_E	2994615	0.0887763	0.739205	0.172019
Muller_E	2995123	0.0887827	0.739262	0.171955
Muller_E	2995701	0.0887899	0.739328	0.171882
Muller_E	2996048	0.0887943	0.739367	0.171839
Muller_E	2996738	0.0888029	0.739445	0.171752
Muller_E	2996880	0.0888047	0.739461	0.171734
Muller_E	2997113	0.0888076	0.739488	0.171705
Muller_E	2999116	0.0888326	0.739715	0.171452
Muller_E	2999459	0.0888369	0.739754	0.171409
Muller_E	3001420	0.0888614	0.739976	0.171163
Muller_E	3001578	0.0888634	0.739994	0.171143
Muller_E	3001696	0.0888649	0.740007	0.171128
Muller_E	3002579	0.0888759	0.740107	0.171017
Muller_E	3003095	0.0888823	0.740166	0.170952
Muller_E	3003540	0.0888879	0.740216	0.170896
Muller_E	3004120	0.0888952	0.740282	0.170823
Muller_E	3005221	0.0889089	0.740407	0.170684
Muller_E	3007967	0.0889432	0.740718	0.170339
Muller_E	3012773	0.0890032	0.741263	0.169734
Muller_E	3013331	0.0890102	0.741326	0.169663
Muller_E	3013618	0.0890138	0.741359	0.169627
Muller_E	3014080	0.0890195	0.741411	0.169569
Muller_E	3014783	0.0890283	0.741491	0.169481
Muller_E	3016296	0.0890472	0.741663	0.16929
Muller_E	3017214	0.0890587	0.741767	0.169175
Muller_E	3018320	0.0890725	0.741892	0.169036
Muller_E	3018982	0.0890807	0.741967	0.168952
Muller_E	3019303	0.0890847	0.742003	0.168912
Muller_E	3019831	0.0890913	0.742063	0.168845
Muller_E	3021834	0.0891163	0.74229	0.168593
Muller_E	3021944	0.0891177	0.742303	0.168579
Muller_E	3023127	0.0891324	0.742437	0.16843
Muller_E	3024474	0.0891492	0.74259	0.168261
Muller_E	3024813	0.0891535	0.742628	0.168218
Muller_E	3029421	0.0892109	0.743151	0.167638
Muller_E	3029834	0.0892161	0.743198	0.167586
Muller_E	3030101	0.0892194	0.743228	0.167553
Muller_E	3033200	0.089258	0.743579	0.167163
Muller_E	3033901	0.0892668	0.743659	0.167074
Muller_E	3034073	0.0892689	0.743678	0.167053
Muller_E	3036032	0.0892933	0.743901	0.166806
Muller_E	3038305	0.0893216	0.744158	0.16652
Muller_E	3041816	0.0893654	0.744556	0.166078
Muller_E	3044683	0.0894011	0.744882	0.165717
Muller_E	3046757	0.0894269	0.745117	0.165456
Muller_E	3046887	0.0894285	0.745132	0.16544
Muller_E	3047900	0.0894411	0.745247	0.165312
Muller_E	3048135	0.089444	0.745273	0.165283
Muller_E	3050664	0.0894755	0.74556	0.164964
Muller_E	3051698	0.0894884	0.745677	0.164834
Muller_E	3051968	0.0894917	0.745708	0.1648
Muller_E	3052635	0.0895	0.745784	0.164716
Muller_E	3053197	0.089507	0.745847	0.164646
Muller_E	3056428	0.0895472	0.746214	0.164239
Muller_E	3056712	0.0895508	0.746246	0.164203
Muller_E	3058398	0.0895717	0.746437	0.163991
Muller_E	3059687	0.0895877	0.746584	0.163829
Muller_E	3061511	0.0896104	0.746791	0.163599
Muller_E	3062406	0.0896216	0.746892	0.163486
Muller_E	3062537	0.0896232	0.746907	0.16347
Muller_E	3100018	0.0900883	0.751161	0.158751
Muller_E	3100718	0.0900969	0.75124	0.158663
Muller_E	3112367	0.0902412	0.752562	0.157196
Muller_E	3112987	0.0902488	0.752633	0.157118
Muller_E	3113420	0.0902542	0.752682	0.157064
Muller_E	3116107	0.0902874	0.752987	0.156725
Muller_E	3119432	0.0903285	0.753365	0.156307
Muller_E	3119714	0.090332	0.753397	0.156271
Muller_E	3120862	0.0903462	0.753527	0.156127
Muller_E	3122265	0.0903636	0.753686	0.15595
Muller_E	3123364	0.0903771	0.753811	0.155812
Muller_E	3124138	0.0903867	0.753899	0.155714
Muller_E	3127464	0.0904278	0.754277	0.155295
Muller_E	3128767	0.0904439	0.754425	0.155131
Muller_E	3128895	0.0904455	0.754439	0.155115
Muller_E	3129611	0.0904543	0.754521	0.155025
Muller_E	3129743	0.090456	0.754536	0.155008
Muller_E	3130171	0.0904612	0.754584	0.154955
Muller_E	3131529	0.090478	0.754738	0.154783
Muller_E	3137674	0.0905539	0.755436	0.15401
Muller_E	3139976	0.0905823	0.755698	0.15372
Muller_E	3143168	0.0906217	0.756061	0.153318
Muller_E	3169152	0.0909418	0.759013	0.150045
Muller_E	3170575	0.0909593	0.759175	0.149866
Muller_E	3173857	0.0909996	0.759548	0.149453
Muller_E	3192801	0.0912323	0.761701	0.147066
Muller_E	3194086	0.0912481	0.761847	0.146905
Muller_E	3194230	0.0912499	0.761864	0.146886
Muller_E	3207603	0.0914139	0.763385	0.145202
Muller_E	3207708	0.0914151	0.763396	0.145188
Muller_E	3208070	0.0914196	0.763438	0.145143
Muller_E	3208369	0.0914232	0.763472	0.145105
Muller_E	3208507	0.0914249	0.763487	0.145088
Muller_E	3208706	0.0914274	0.76351	0.145063
Muller_E	3210124	0.0914447	0.763671	0.144884
Muller_E	3211254	0.0914586	0.7638	0.144742
Muller_E	3212088	0.0914688	0.763895	0.144637
Muller_E	3216063	0.0915175	0.764347	0.144136
Muller_E	3216461	0.0915223	0.764392	0.144086
Muller_E	3217109	0.0915303	0.764466	0.144004
Muller_E	3217441	0.0915343	0.764504	0.143962
Muller_E	3217706	0.0915376	0.764534	0.143929
Muller_E	3217825	0.091539	0.764547	0.143914
Muller_E	3218354	0.0915455	0.764607	0.143847
Muller_E	3219292	0.091557	0.764714	0.143729
Muller_E	3219763	0.0915627	0.764768	0.14367
Muller_E	3221459	0.0915835	0.764961	0.143456
Muller_E	3222112	0.0915915	0.765035	0.143374
Muller_E	3223012	0.0916025	0.765137	0.14326
Muller_E	3223549	0.0916091	0.765198	0.143193
Muller_E	3224815	0.0916246	0.765342	0.143033
Muller_E	3226800	0.0916488	0.765568	0.142783
Muller_E	3229718	0.0916845	0.7659	0.142415
Muller_E	3240322	0.091814	0.767107	0.141079
Muller_E	3240918	0.0918213	0.767175	0.141004
Muller_E	3241273	0.0918257	0.767215	0.140959
Muller_E	3247835	0.0919057	0.767962	0.140132
Muller_E	3251442	0.0919497	0.768373	0.139678
Muller_E	3252203	0.091959	0.768459	0.139582
Muller_E	3254014	0.0919811	0.768665	0.139354
Muller_E	3254518	0.0919872	0.768723	0.13929
Muller_E	3255141	0.0919948	0.768794	0.139212
Muller_E	3255365	0.0919975	0.768819	0.139183
Muller_E	3259142	0.0920436	0.769249	0.138707
Muller_E	3259935	0.0920532	0.769339	0.138607
Muller_E	3262497	0.0920844	0.769631	0.138284
Muller_E	3263708	0.0920992	0.769769	0.138132
Muller_E	3264644	0.0921106	0.769876	0.138014
Muller_E	3266132	0.0921287	0.770045	0.137826
Muller_E	3266579	0.0921341	0.770096	0.13777
Muller_E	3266806	0.0921369	0.770122	0.137741
Muller_E	3269029	0.092164	0.770375	0.137461
Muller_E	3271700	0.0921965	0.770679	0.137124
Muller_E	3271881	0.0921987	0.7707	0.137102
Muller_E	3273894	0.0922232	0.770929	0.136848
Muller_E	3275081	0.0922376	0.771064	0.136698
Muller_E	3275989	0.0922486	0.771168	0.136584
Muller_E	3278049	0.0922737	0.771402	0.136324
Muller_E	3280894	0.0923083	0.771726	0.135966
Muller_E	3282107	0.092323	0.771864	0.135813
Muller_E	3282973	0.0923335	0.771963	0.135703
Muller_E	3284532	0.0923525	0.772141	0.135507
Muller_E	3291321	0.0924349	0.772914	0.134651
Muller_E	3291878	0.0924417	0.772977	0.134581
Muller_E	3293351	0.0924595	0.773145	0.134395
Muller_E	3293759	0.0924645	0.773192	0.134344
Muller_E	3304917	0.0925998	0.774463	0.132937
Muller_E	3306663	0.092621	0.774662	0.132717
Muller_E	3306880	0.0926236	0.774687	0.132689
Muller_E	3310127	0.0926629	0.775057	0.13228
Muller_E	3312301	0.0926892	0.775305	0.132006
Muller_E	3312718	0.0926943	0.775352	0.131953
Muller_E	3318766	0.0927675	0.776042	0.131191
Muller_E	3323588	0.0928258	0.776592	0.130583
Muller_E	3324201	0.0928332	0.776661	0.130505
Muller_E	3324656	0.0928387	0.776713	0.130448
Muller_E	3325091	0.092844	0.776763	0.130393
Muller_E	3326084	0.092856	0.776876	0.130268
Muller_E	3326190	0.0928573	0.776888	0.130255
Muller_E	3330218	0.092906	0.777347	0.129747
Muller_E	3334866	0.0929621	0.777878	0.12916
Muller_E	3337545	0.0929944	0.778183	0.128823
Muller_E	3340268	0.0930273	0.778494	0.128479
Muller_E	3340480	0.0930299	0.778518	0.128452
Muller_E	3410593	0.0938722	0.786521	0.119606
Muller_E	3431230	0.0941186	0.78888	0.117001
Muller_E	3437416	0.0941924	0.789587	0.11622
Muller_E	3456916	0.0944244	0.791817	0.113758
Muller_E	3457694	0.0944337	0.791906	0.11366
Muller_E	3459001	0.0944492	0.792056	0.113495
Muller_E	3462300	0.0944884	0.792433	0.113078
Muller_E	3464519	0.0945148	0.792687	0.112798
Muller_E	3464673	0.0945166	0.792705	0.112779
Muller_E	3477602	0.0946699	0.794184	0.111146
Muller_E	3525631	0.0952372	0.799686	0.105077
Muller_E	3546828	0.0954863	0.802116	0.102398
Muller_E	3557059	0.0956062	0.803289	0.101104
Muller_E	3566467	0.0957163	0.804369	0.0999148
Muller_E	3572057	0.0957817	0.80501	0.0992079
Muller_E	3572168	0.095783	0.805023	0.0991938
Muller_E	3579272	0.095866	0.805839	0.0982954
Muller_E	3579502	0.0958687	0.805865	0.0982663
Muller_E	3582419	0.0959027	0.8062	0.0978973
Muller_E	3590131	0.0959927	0.807086	0.0969218
Muller_E	3605233	0.0961685	0.80882	0.0950112
Muller_E	3610748	0.0962326	0.809454	0.0943134
Muller_E	3611776	0.0962445	0.809572	0.0941833
Muller_E	3615071	0.0962828	0.809951	0.0937664
Muller_E	3617701	0.0963133	0.810253	0.0934336
Muller_E	3617818	0.0963147	0.810267	0.0934188
Muller_E	3617948	0.0963162	0.810282	0.0934023
Muller_E	3623404	0.0963795	0.810909	0.0927118
Muller_E	3630035	0.0964563	0.811671	0.0918726
Muller_E	3631532	0.0964736	0.811843	0.0916831
Muller_E	3634067	0.096503	0.812135	0.0913622
Muller_E	3642157	0.0965966	0.813065	0.0903381
Muller_E	3643438	0.0966114	0.813213	0.0901759
Muller_E	3645674	0.0966372	0.81347	0.0898929
Muller_E	3652519	0.0967162	0.814258	0.0890262
Muller_E	3655257	0.0967478	0.814573	0.0886795
Muller_E	3657953	0.0967789	0.814883	0.0883382
Muller_E	3660200	0.0968048	0.815142	0.0880536
Muller_E	3665461	0.0968654	0.815747	0.0873874
Muller_E	3670065	0.0969184	0.816277	0.0868043
Muller_E	3757777	0.0979202	0.826392	0.0756876
Muller_E	3766114	0.0980146	0.827355	0.0746302
Muller_E	3770199	0.0980608	0.827827	0.0741119
Muller_E	3771242	0.0980726	0.827948	0.0739796
Muller_E	3775369	0.0981193	0.828425	0.073456
Muller_E	3781958	0.0981936	0.829186	0.07262
Muller_E	3788305	0.0982652	0.82992	0.0718146
Muller_E	3788531	0.0982678	0.829946	0.0717859
Muller_E	3788717	0.0982699	0.829968	0.0717623
Muller_E	3791492	0.0983011	0.830289	0.0714102
Muller_E	3791929	0.0983061	0.830339	0.0713547
Muller_E	3794089	0.0983304	0.830589	0.0710806
Muller_E	3798034	0.0983748	0.831045	0.0705799
Muller_E	3805877	0.098463	0.831953	0.0695843
Muller_E	3808116	0.0984881	0.832212	0.0693001
Muller_E	3837593	0.0988182	0.835625	0.065557
Muller_E	3889492	0.0993949	0.841644	0.0589616
Muller_E	3892070	0.0994234	0.841943	0.0586338
Muller_E	3892768	0.0994311	0.842024	0.058545
Muller_E	3893846	0.099443	0.842149	0.0584079
Muller_E	3895236	0.0994584	0.84231	0.0582312
Muller_E	3896701	0.0994745	0.842481	0.0580449
Muller_E	3964144	0.100214	0.850323	0.0494626
Muller_E	3964249	0.100215	0.850336	0.0494492
Muller_E	3964701	0.10022	0.850388	0.0493917
Muller_E	3965335	0.100227	0.850462	0.0493109
Muller_E	3965537	0.100229	0.850486	0.0492852
Muller_E	3971184	0.100291	0.851143	0.048566
Muller_E	4005791	0.100665	0.855178	0.0441568
Muller_E	4007537	0.100684	0.855382	0.0439343
Muller_E	4008073	0.10069	0.855444	0.0438659
Muller_E	4008732	0.100697	0.855521	0.0437819
Muller_E	4009275	0.100703	0.855584	0.0437127
Muller_E	4009794	0.100709	0.855645	0.0436466
Muller_E	4010462	0.100716	0.855723	0.0435614
Muller_E	4011246	0.100724	0.855814	0.0434615
Muller_E	4011350	0.100725	0.855826	0.0434482
Muller_E	4011743	0.10073	0.855872	0.0433981
Muller_E	4012926	0.100742	0.85601	0.0432473
Muller_E	4015010	0.100765	0.856254	0.0429817
Muller_E	4015956	0.100775	0.856364	0.0428611
Muller_E	4016731	0.100783	0.856454	0.0427623
Muller_E	4017133	0.100788	0.856501	0.042711
Muller_E	4017640	0.100793	0.856561	0.0426464
Muller_E	4021078	0.10083	0.856962	0.042208
Muller_E	4021876	0.100839	0.857055	0.0421063
Muller_E	4022513	0.100845	0.857129	0.0420251
Muller_E	4022928	0.10085	0.857178	0.0419722
Muller_E	4024532	0.100867	0.857365	0.0417676
Muller_E	4024639	0.100868	0.857378	0.041754
Muller_E	4025270	0.100875	0.857451	0.0416735
Muller_E	4027169	0.100895	0.857673	0.0414314
Muller_E	4027437	0.100898	0.857704	0.0413972
Muller_E	4027764	0.100902	0.857743	0.0413555
Muller_E	4029270	0.100918	0.857918	0.0411635
Muller_E	4032202	0.10095	0.858261	0.0407895
Muller_E	4032327	0.100951	0.858276	0.0407736
Muller_E	4033521	0.100964	0.858415	0.0406213
Muller_E	4033797	0.100967	0.858447	0.0405861
Muller_E	4036360	0.100994	0.858747	0.0402592
Muller_E	4037138	0.101002	0.858838	0.04016
Muller_E	4037610	0.101007	0.858893	0.0400998
Muller_E	4040496	0.101038	0.85923	0.0397317
Muller_E	4040949	0.101043	0.859283	0.0396739
Muller_E	4045900	0.101096	0.859861	0.0390423
Muller_E	4046078	0.101098	0.859882	0.0390196
Muller_E	4046843	0.101106	0.859972	0.038922
Muller_E	4047581	0.101114	0.860058	0.0388279
Muller_E	4048275	0.101122	0.860139	0.0387393
Muller_E	4048700	0.101126	0.860189	0.0386851
Muller_E	4053592	0.101178	0.860761	0.038061
Muller_E	4056223	0.101207	0.861068	0.0377253
Muller_E	4056545	0.10121	0.861106	0.0376842
Muller_E	4056951	0.101214	0.861153	0.0376324
Muller_E	4057601	0.101221	0.861229	0.0375494
Muller_E	4057720	0.101222	0.861243	0.0375342
Muller_E	4058043	0.101226	0.861281	0.037493
Muller_E	4058149	0.101227	0.861293	0.0374795
Muller_E	4058704	0.101233	0.861358	0.0374087
Muller_E	4059417	0.101241	0.861442	0.0373177
Muller_E	4059965	0.101246	0.861506	0.0372477
Muller_E	4061381	0.101262	0.861671	0.037067
Muller_E	4061745	0.101265	0.861714	0.0370206
Muller_E	4062020	0.101268	0.861746	0.0369855
Muller_E	4062507	0.101274	0.861803	0.0369233
Muller_E	4062941	0.101278	0.861854	0.036868
Muller_E	4064035	0.10129	0.861982	0.0367283
Muller_E	4064680	0.101297	0.862057	0.036646
Muller_E	4064829	0.101298	0.862075	0.036627
Muller_E	4065474	0.37984	0.617114	0.00304591
Muller_E	4065574	0.101298	0.862158	0.036544
Muller_E	4066028	0.101266	0.862192	0.0365411
Muller_E	4067541	0.101161	0.862308	0.0365313
Muller_E	4067967	0.101131	0.86234	0.0365286
Muller_E	4068535	0.101092	0.862384	0.0365249
Muller_E	4069245	0.101042	0.862438	0.0365203
Muller_E	4070105	0.100982	0.862503	0.0365147
Muller_E	4071088	0.100913	0.862578	0.0365083
Muller_E	4071641	0.100875	0.86262	0.0365047
Muller_E	4072126	0.100841	0.862657	0.0365016
Muller_E	4072768	0.100796	0.862706	0.0364974
Muller_E	4072973	0.100782	0.862722	0.0364961
Muller_E	4073359	0.100755	0.862751	0.0364936
Muller_E	4075135	0.100631	0.862887	0.036482
Muller_E	4075254	0.100623	0.862896	0.0364812
Muller_E	4076053	0.100567	0.862957	0.036476
Muller_E	4077160	0.10049	0.863042	0.0364688
Muller_E	4078165	0.100419	0.863118	0.0364622
Muller_E	4078690	0.100383	0.863158	0.0364588
Muller_E	4078900	0.100368	0.863174	0.0364574
Muller_E	4079010	0.10036	0.863183	0.0364567
Muller_E	4079297	0.10034	0.863205	0.0364548
Muller_E	4081728	0.100171	0.86339	0.0364389
Muller_E	4082079	0.100146	0.863417	0.0364366
Muller_E	4083988	0.100013	0.863563	0.0364241
Muller_E	4085715	0.0998922	0.863695	0.0364128
Muller_E	4089306	0.0996413	0.86397	0.0363891
Muller_E	4089803	0.0996066	0.864008	0.0363858
Muller_E	4092778	0.0993987	0.864235	0.0363662
Muller_E	4092894	0.0993906	0.864244	0.0363654
Muller_E	4098915	0.0989696	0.864705	0.0363254
Muller_E	4109650	0.0982186	0.865528	0.0362536
Muller_E	4113217	0.097969	0.865801	0.0362296
Muller_E	4113538	0.0979465	0.865826	0.0362275
Muller_E	4114422	0.0978846	0.865894	0.0362215
Muller_E	4114803	0.0978579	0.865923	0.0362189
Muller_E	4115118	0.0978359	0.865947	0.0362168
Muller_E	4116856	0.0977142	0.866081	0.0362051
Muller_E	4117074	0.0976989	0.866097	0.0362036
Muller_E	4117473	0.097671	0.866128	0.0362009
Muller_E	4118970	0.0975661	0.866243	0.0361908
Muller_E	4121851	0.0973643	0.866464	0.0361712
Muller_E	4122071	0.0973489	0.866481	0.0361697
Muller_E	4122393	0.0973264	0.866506	0.0361675
Muller_E	4122818	0.0972966	0.866539	0.0361647
Muller_E	4124318	0.0971915	0.866654	0.0361545
Muller_E	4124418	0.0971845	0.866662	0.0361538
Muller_E	4126492	0.0970392	0.866821	0.0361397
Muller_E	4127527	0.0969666	0.866901	0.0361326
Muller_E	4127720	0.0969531	0.866916	0.0361313
Muller_E	4128101	0.0969264	0.866945	0.0361287
Muller_E	4128234	0.0969171	0.866955	0.0361278
Muller_E	4130334	0.0967699	0.867117	0.0361134
Muller_E	4132221	0.0966376	0.867262	0.0361005
Muller_E	4134741	0.0964609	0.867456	0.0360832
Muller_E	4134982	0.096444	0.867474	0.0360816
Muller_E	4136547	0.0963342	0.867595	0.0360708
Muller_E	4140224	0.0960763	0.867878	0.0360455
Muller_E	4140902	0.0960288	0.86793	0.0360408
Muller_E	4141485	0.0959879	0.867975	0.0360368
Muller_E	4143836	0.0958229	0.868157	0.0360205
Muller_E	4144350	0.0957868	0.868196	0.0360169
Muller_E	4144848	0.0957519	0.868235	0.0360135
Muller_E	4150850	0.0953306	0.868698	0.0359718
Muller_E	4151927	0.095255	0.868781	0.0359643
Muller_E	4154621	0.0950658	0.868989	0.0359455
Muller_E	4159745	0.0947058	0.869385	0.0359096
Muller_E	4159958	0.0946909	0.869401	0.0359081
Muller_E	4160923	0.0946231	0.869476	0.0359014
Muller_E	4161787	0.0945624	0.869542	0.0358953
Muller_E	4162162	0.094536	0.869571	0.0358927
Muller_E	4163984	0.094408	0.869712	0.0358799
Muller_E	4164218	0.0943915	0.86973	0.0358782
Muller_E	4164859	0.0943465	0.86978	0.0358737
Muller_E	4165033	0.0943342	0.869793	0.0358725
Muller_E	4165157	0.0943255	0.869803	0.0358716
Muller_E	4165383	0.0943096	0.86982	0.03587
Muller_E	4165808	0.0942798	0.869853	0.035867
Muller_E	4165958	0.0942692	0.869865	0.0358659
Muller_E	4166062	0.0942619	0.869873	0.0358652
Muller_E	4166243	0.0942492	0.869887	0.0358639
Muller_E	4166628	0.0942221	0.869917	0.0358612
Muller_E	4168755	0.0940726	0.870081	0.0358462
Muller_E	4172546	0.093806	0.870375	0.0358193
Muller_E	4172827	0.0937862	0.870396	0.0358174
Muller_E	4173860	0.0937136	0.870476	0.03581
Muller_E	4176100	0.093556	0.87065	0.0357941
Muller_E	4176326	0.0935401	0.870667	0.0357925
Muller_E	4176826	0.0935049	0.870706	0.0357889
Muller_E	4177022	0.0934911	0.870721	0.0357875
Muller_E	4178339	0.0933985	0.870823	0.0357782
Muller_E	4178608	0.0933796	0.870844	0.0357762
Muller_E	4179326	0.093329	0.8709	0.0357711
Muller_E	4180712	0.0932315	0.871007	0.0357612
Muller_E	4180966	0.0932136	0.871027	0.0357594
Muller_E	4184926	0.0929349	0.871334	0.0357311
Muller_E	4185178	0.0929171	0.871354	0.0357293
Muller_E	4185319	0.0929072	0.871365	0.0357283
Muller_E	4185532	0.0928922	0.871381	0.0357267
Muller_E	4187632	0.0927444	0.871544	0.0357117
Muller_E	4188227	0.0927025	0.87159	0.0357074
Muller_E	4188670	0.0926713	0.871625	0.0357042
Muller_E	4192621	0.092393	0.871931	0.0356758
Muller_E	4193546	0.0923279	0.872003	0.0356691
Muller_E	4194407	0.0922672	0.87207	0.0356629
Muller_E	4195783	0.0921703	0.872177	0.0356529
Muller_E	4196010	0.0921543	0.872194	0.0356513
Muller_E	4197440	0.0920535	0.872306	0.0356409
Muller_E	4198223	0.0919983	0.872366	0.0356353
Muller_E	4199021	0.0919421	0.872428	0.0356295
Muller_E	4199203	0.0919293	0.872443	0.0356282
Muller_E	4199424	0.0919137	0.87246	0.0356266
Muller_E	4199639	0.0918985	0.872476	0.035625
Muller_E	4199983	0.0918743	0.872503	0.0356225
Muller_E	4203293	0.091641	0.872761	0.0355985
Muller_E	4205814	0.0914632	0.872957	0.0355801
Muller_E	4206134	0.0914406	0.872982	0.0355778
Muller_E	4207588	0.0913381	0.873095	0.0355671
Muller_E	4210680	0.09112	0.873335	0.0355445
Muller_E	4210928	0.0911025	0.873355	0.0355427
Muller_E	4211312	0.0910754	0.873385	0.0355399
Muller_E	4211755	0.0910442	0.873419	0.0355367
Muller_E	4213444	0.090925	0.873551	0.0355243
Muller_E	4216650	0.0906988	0.8738	0.0355007
Muller_E	4217058	0.09067	0.873832	0.0354977
Muller_E	4217453	0.0906421	0.873863	0.0354948
Muller_E	4217565	0.0906342	0.873872	0.035494
Muller_E	4217669	0.0906269	0.87388	0.0354932
Muller_E	4217825	0.0906159	0.873892	0.0354921
Muller_E	4218923	0.0905384	0.873978	0.035484
Muller_E	4225215	0.0900941	0.874468	0.0354375
Muller_E	4232774	0.0895601	0.875059	0.0353813
Muller_E	4235298	0.0893818	0.875256	0.0353625
Muller_E	4245993	0.0886255	0.876092	0.0352823
Muller_E	4252835	0.0881414	0.876628	0.0352306
Muller_E	4253725	0.0880784	0.876698	0.0352238
Muller_E	4256197	0.0879034	0.876891	0.0352051
Muller_E	4261234	0.0875468	0.877286	0.0351667
Muller_E	4262892	0.0874293	0.877417	0.0351541
Muller_E	4263238	0.0874048	0.877444	0.0351514
Muller_E	4263588	0.08738	0.877471	0.0351488
Muller_E	4264621	0.0873069	0.877552	0.0351409
Muller_E	4266950	0.0871418	0.877735	0.0351231
Muller_E	4267529	0.0871008	0.877781	0.0351186
Muller_E	4276223	0.0864846	0.878464	0.0350518
Muller_E	4311688	0.0839662	0.88126	0.0347742
Muller_E	4311965	0.0839465	0.881281	0.034772
Muller_E	4312254	0.083926	0.881304	0.0347698
Muller_E	4312510	0.0839078	0.881325	0.0347677
Muller_E	4334492	0.0823431	0.883065	0.0345917
Muller_E	4352032	0.0810927	0.884458	0.0344492
Muller_E	4353438	0.0809924	0.88457	0.0344377
Muller_E	4356857	0.0807484	0.884842	0.0344097
Muller_E	4360054	0.0805202	0.885096	0.0343834
Muller_E	4374783	0.0794681	0.88627	0.0342615
Muller_E	4374946	0.0794564	0.886283	0.0342601
Muller_E	4381350	0.0789986	0.886795	0.0342067
Muller_E	4558836	0.066213	0.901163	0.0326242
Muller_E	4562012	0.0659825	0.901423	0.0325941
Muller_E	4564083	0.0658321	0.901593	0.0325744
Muller_E	4564194	0.065824	0.901603	0.0325734
Muller_E	4568491	0.065512	0.901956	0.0325325
Muller_E	4569115	0.0654667	0.902007	0.0325265
Muller_E	4569749	0.0654206	0.902059	0.0325205
Muller_E	4570340	0.0653777	0.902107	0.0325148
Muller_E	4571890	0.0652651	0.902235	0.0325
Muller_E	4572624	0.0652118	0.902295	0.032493
Muller_E	4573491	0.0651488	0.902367	0.0324847
Muller_E	4573809	0.0651257	0.902393	0.0324816
Muller_E	4577361	0.0648676	0.902685	0.0324476
Muller_E	4577462	0.0648602	0.902693	0.0324466
Muller_E	4578308	0.0647987	0.902763	0.0324385
Muller_E	4580664	0.0646274	0.902957	0.0324159
Muller_E	4580954	0.0646064	0.902981	0.0324131
Muller_E	4581769	0.0645471	0.903048	0.0324053
Muller_E	4581909	0.0645369	0.903059	0.0324039
Muller_E	4583019	0.0644562	0.903151	0.0323932
Muller_E	4583393	0.064429	0.903181	0.0323896
Muller_E	4583516	0.0644201	0.903192	0.0323884
Muller_E	4584473	0.0643505	0.90327	0.0323792
Muller_E	4589180	0.116431	0.879449	0.0041199
Muller_E	4590247	0.0638586	0.903752	0.032389
Muller_E	4591539	0.0636776	0.903866	0.032456
Muller_E	4593253	0.0634374	0.904018	0.0325447
Muller_E	4593508	0.0634017	0.90404	0.032558
Muller_E	4593974	0.0633364	0.904081	0.0325821
Muller_E	4595111	0.0631771	0.904182	0.032641
Muller_E	4595303	0.0631502	0.904199	0.0326509
Muller_E	4597548	0.0628357	0.904397	0.0327673
Muller_E	4597833	0.0627958	0.904422	0.032782
Muller_E	4600306	0.0624494	0.90464	0.0329102
Muller_E	4607273	0.0614734	0.905255	0.0332712
Muller_E	4607398	0.0614559	0.905266	0.0332777
Muller_E	4610441	0.0610296	0.905535	0.0334354
Muller_E	4611041	0.0609456	0.905588	0.0334665
Muller_E	4611562	0.0608726	0.905634	0.0334935
Muller_E	4611697	0.0608537	0.905646	0.0335005
Muller_E	4612447	0.0607487	0.905712	0.0335393
Muller_E	4612733	0.0607086	0.905737	0.0335542
Muller_E	4612927	0.0606814	0.905754	0.0335642
Muller_E	4613148	0.0606505	0.905774	0.0335757
Muller_E	4614502	0.0604608	0.905893	0.0336458
Muller_E	4615888	0.0602667	0.906016	0.0337177
Muller_E	4616173	0.0602268	0.906041	0.0337325
Muller_E	4616508	0.0601799	0.90607	0.0337498
Muller_E	4616663	0.0601581	0.906084	0.0337579
Muller_E	4618190	0.0599443	0.906219	0.033837
Muller_E	4619781	0.0597214	0.906359	0.0339195
Muller_E	4622166	0.0593874	0.906569	0.0340431
Muller_E	4626314	0.0588065	0.906935	0.0342582
Muller_E	4626864	0.0587295	0.906984	0.0342867
Muller_E	4627368	0.0586589	0.907028	0.0343128
Muller_E	4627488	0.0586421	0.907039	0.0343191
Muller_E	4633961	0.0577356	0.90761	0.0346547
Muller_E	4635834	0.0574733	0.907775	0.0347519
Muller_E	4636452	0.0573868	0.907829	0.0347839
Muller_E	4637295	0.0572687	0.907904	0.0348276
Muller_E	4640891	0.0567652	0.908221	0.0350142
Muller_E	4645727	0.0560881	0.908647	0.035265
Muller_E	4646376	0.0559972	0.908704	0.0352987
Muller_E	4646798	0.0559381	0.908741	0.0353206
Muller_E	4653320	0.055025	0.909316	0.035659
Muller_E	4656520	0.054577	0.909598	0.035825
Muller_E	4672665	0.0523169	0.91102	0.036663
Muller_E	4674140	0.0521104	0.91115	0.0367396
Muller_E	4675745	0.0518858	0.911291	0.0368229
Muller_E	4676485	0.0517822	0.911357	0.0368613
Muller_E	4677110	0.0516947	0.911412	0.0368938
Muller_E	4677655	0.0516184	0.91146	0.0369221
Muller_E	4678986	0.0514321	0.911577	0.0369912
Muller_E	4680223	0.051259	0.911686	0.0370554
Muller_E	4682403	0.0509539	0.911878	0.0371686
Muller_E	4682621	0.0509234	0.911897	0.0371799
Muller_E	4684270	0.0506926	0.912042	0.0372655
Muller_E	4685491	0.0505217	0.912149	0.0373289
Muller_E	4686019	0.0504478	0.912196	0.0373564
Muller_E	4687101	0.0502964	0.912291	0.0374126
Muller_E	4689628	0.0499427	0.912513	0.0375438
Muller_E	4690052	0.0498834	0.912551	0.0375658
Muller_E	4690344	0.0498425	0.912577	0.037581
Muller_E	4690905	0.049764	0.912626	0.0376101
Muller_E	4691125	0.0497332	0.912645	0.0376215
Muller_E	4691712	0.0496511	0.912697	0.037652
Muller_E	4691999	0.0496109	0.912722	0.0376669
Muller_E	4692111	0.0495952	0.912732	0.0376728
Muller_E	4693234	0.0494381	0.912831	0.0377311
Muller_E	4693620	0.049384	0.912865	0.0377511
Muller_E	4693753	0.0493654	0.912877	0.037758
Muller_E	4694021	0.0493279	0.9129	0.037772
Muller_E	4694592	0.049248	0.91295	0.0378016
Muller_E	4696429	0.0489909	0.913112	0.0378971
Muller_E	4696792	0.0489401	0.913144	0.0379159
Muller_E	4699402	0.0485749	0.913374	0.0380515
Muller_E	4700957	0.0483573	0.91351	0.0381323
Muller_E	4702606	0.0481266	0.913655	0.0382179
Muller_E	4708142	0.0473519	0.914142	0.0385056
Muller_E	4712097	0.0467985	0.91449	0.0387111
Muller_E	4713898	0.0465465	0.914649	0.0388047
Muller_E	4714194	0.0465051	0.914675	0.0388201
Muller_E	4717094	0.0460994	0.91493	0.0389708
Muller_E	4717794	0.0460014	0.914991	0.0390072
Muller_E	4720564	0.0456139	0.915235	0.0391512
Muller_E	4722390	0.0453584	0.915395	0.0392461
Muller_E	4727534	0.0446388	0.915848	0.0395135
Muller_E	4730688	0.0441976	0.916125	0.0396775
Muller_E	4731377	0.0441012	0.916186	0.0397133
Muller_E	4732944	0.043882	0.916323	0.0397948
Muller_E	4738342	0.0431269	0.916798	0.0400754
Muller_E	4739398	0.0429792	0.91689	0.0401304
Muller_E	4742492	0.0425464	0.917162	0.0402913
Muller_E	4745718	0.0420951	0.917446	0.040459
Muller_E	4746457	0.0419918	0.917511	0.0404975
Muller_E	4748015	0.0417739	0.917648	0.0405785
Muller_E	4748352	0.0417267	0.917677	0.040596
Muller_E	4748630	0.0416878	0.917702	0.0406105
Muller_E	4751071	0.0413464	0.917916	0.0407375
Muller_E	4751685	0.0412606	0.91797	0.0407694
Muller_E	4751817	0.0412421	0.917982	0.0407763
Muller_E	4752607	0.0411316	0.918051	0.0408174
Muller_E	4752773	0.0411084	0.918066	0.040826
Muller_E	4753826	0.0409611	0.918158	0.0408808
Muller_E	4754671	0.0408429	0.918232	0.0409248
Muller_E	4756619	0.0405705	0.918403	0.0410261
Muller_E	4759191	0.0402108	0.918629	0.0411599
Muller_E	4761262	0.0399211	0.918811	0.0412677
Muller_E	4761866	0.0398367	0.918864	0.0412991
Muller_E	4761985	0.03982	0.918875	0.0413053
Muller_E	4763545	0.0396019	0.919012	0.0413865
Muller_E	4764509	0.039467	0.919096	0.0414366
Muller_E	4765595	0.0393152	0.919192	0.0414931
Muller_E	4766291	0.0392178	0.919253	0.0415294
Muller_E	4766501	0.0391885	0.919271	0.0415403
Muller_E	4767354	0.0390692	0.919346	0.0415847
Muller_E	4769627	0.0387513	0.919546	0.041703
Muller_E	4769950	0.0387062	0.919574	0.0417198
Muller_E	4772288	0.0383792	0.919779	0.0418415
Muller_E	4773763	0.038173	0.919909	0.0419182
Muller_E	4773963	0.038145	0.919926	0.0419286
Muller_E	4774375	0.0380874	0.919963	0.0419501
Muller_E	4774957	0.038006	0.920014	0.0419804
Muller_E	4775479	0.037933	0.920059	0.0420075
Muller_E	4776619	0.0377736	0.92016	0.0420669
Muller_E	4779373	0.0373885	0.920401	0.0422102
Muller_E	4781913	0.0370333	0.920624	0.0423425
Muller_E	4782620	0.0369345	0.920686	0.0423793
Muller_E	4783326	0.0368358	0.920748	0.042416
Muller_E	4786044	0.0364557	0.920987	0.0425575
Muller_E	4786690	0.0363654	0.921043	0.0425912
Muller_E	4789453	0.0359791	0.921286	0.042735
Muller_E	4790377	0.0358499	0.921367	0.0427831
Muller_E	4792360	0.0355727	0.921541	0.0428864
Muller_E	4792549	0.0355462	0.921558	0.0428962
Muller_E	4792702	0.0355248	0.921571	0.0429042
Muller_E	4822723	0.0313281	0.924204	0.0444681
Muller_E	4832155	0.0300098	0.925031	0.0449596
Muller_E	4834924	0.0296228	0.925273	0.045104
Muller_E	4838041	0.0291871	0.925546	0.0452664
Muller_E	4839031	0.0290488	0.925633	0.0453181
Muller_E	4840034	0.0289086	0.925721	0.0453703
Muller_E	4843722	0.0283932	0.926044	0.0455626
Muller_E	4844215	0.0283243	0.926087	0.0455883
Muller_E	4846930	0.0279449	0.926325	0.0457299
Muller_E	4847984	0.0277976	0.926418	0.0457848
Muller_E	4849699	0.0275579	0.926568	0.0458743
Muller_E	4849916	0.0275276	0.926587	0.0458856
Muller_E	4850646	0.0274256	0.926651	0.0459236
Muller_E	4851102	0.0273618	0.926691	0.0459474
Muller_E	4851280	0.027337	0.926706	0.0459567
Muller_E	4852753	0.0271311	0.926835	0.0460335
Muller_E	4853630	0.0270086	0.926912	0.0460793
Muller_E	4855355	0.0267675	0.927063	0.0461692
Muller_E	4859608	0.0261732	0.927436	0.046391
Muller_E	4860728	0.0260167	0.927534	0.0464494
Muller_E	4862947	0.0257067	0.927728	0.0465652
Muller_E	4865598	0.0253362	0.92796	0.0467035
Muller_E	4865718	0.0253195	0.927971	0.0467097
Muller_E	4866182	0.0252546	0.928011	0.0467339
Muller_E	4867670	0.0250467	0.928142	0.0468116
Muller_E	4869382	0.0248075	0.928292	0.0469009
Muller_E	4875634	0.023934	0.928839	0.0472271
Muller_E	4875860	0.0239024	0.928859	0.0472389
Muller_E	4876983	0.0237455	0.928957	0.0472974
Muller_E	4877350	0.0236942	0.928989	0.0473166
Muller_E	4878065	0.0235943	0.929052	0.0473539
Muller_E	4879381	0.0234105	0.929167	0.0474226
Muller_E	4880635	0.0232353	0.929277	0.047488
Muller_E	4881487	0.0231162	0.929351	0.0475325
