chrom	position	2,0	1,1	0,2
Muller_E	62882	0.341149	0.528883	0.129968
Muller_E	267432	0.33456	0.544041	0.121399
Muller_E	441230	0.328967	0.556967	0.114067
Muller_E	511157	0.326716	0.562182	0.111102
Muller_E	557879	0.325212	0.565673	0.109115
Muller_E	581000	0.324467	0.567402	0.108131
Muller_E	709108	0.32034	0.577003	0.102657
Muller_E	768129	0.318437	0.58144	0.100123
Muller_E	785241	0.317885	0.582728	0.0993875
Muller_E	787322	0.317817	0.582885	0.099298
Muller_E	787424	0.317814	0.582892	0.0992936
Muller_E	788173	0.31779	0.582949	0.0992613
Muller_E	788750	0.317771	0.582992	0.0992365
Muller_E	788860	0.317768	0.583	0.0992318
Muller_E	791823	0.317672	0.583224	0.0991043
Muller_E	802257	0.317335	0.58401	0.098655
Muller_E	893794	0.314379	0.590918	0.0947033
Muller_E	894300	0.314362	0.590956	0.0946814
Muller_E	896281	0.314298	0.591106	0.0945957
Muller_E	897287	0.314266	0.591182	0.0945521
Muller_E	897987	0.314243	0.591235	0.0945218
Muller_E	901015	0.314145	0.591464	0.0943908
Muller_E	901718	0.314123	0.591517	0.0943603
Muller_E	923408	0.313421	0.593158	0.0934207
Muller_E	923675	0.313413	0.593178	0.0934091
Muller_E	924320	0.313392	0.593227	0.0933811
Muller_E	927795	0.313279	0.59349	0.0932305
Muller_E	948021	0.312625	0.595022	0.092353
Muller_E	948230	0.312618	0.595038	0.092344
Muller_E	958531	0.312285	0.595818	0.0918967
Muller_E	967701	0.311988	0.596514	0.0914983
Muller_E	969142	0.311941	0.596623	0.0914357
Muller_E	1033237	0.309865	0.60149	0.0886451
Muller_E	1120573	0.307031	0.608143	0.0848258
Muller_E	1123171	0.306946	0.608342	0.0847119
Muller_E	1146845	0.306177	0.61015	0.083673
Muller_E	1148492	0.306123	0.610276	0.0836006
Muller_E	1168315	0.305479	0.611792	0.0827295
Muller_E	1213395	0.304011	0.615244	0.0807444
Muller_E	1262309	0.302417	0.618999	0.0785841
Muller_E	1275111	0.301999	0.619983	0.0780175
Muller_E	1275707	0.30198	0.620029	0.0779912
Muller_E	1314313	0.300719	0.623001	0.0762798
Muller_E	1318297	0.300589	0.623308	0.076103
Muller_E	1358440	0.299276	0.626405	0.0743185
Muller_E	1358616	0.29927	0.626419	0.0743107
Muller_E	1378824	0.298609	0.627981	0.0734105
Muller_E	1480336	0.295278	0.635851	0.0688702
Muller_E	1489232	0.294986	0.636543	0.0684708
Muller_E	1645912	0.289817	0.648788	0.061395
Muller_E	1673398	0.288907	0.650948	0.0601454
Muller_E	1718642	0.287405	0.654512	0.0580829
Muller_E	1746815	0.286469	0.656736	0.0567951
Muller_E	1763447	0.285916	0.658051	0.0560335
Muller_E	1765039	0.285863	0.658177	0.0559606
Muller_E	1765159	0.285859	0.658186	0.0559551
Muller_E	1765369	0.285852	0.658203	0.0559454
Muller_E	1771226	0.285657	0.658666	0.055677
Muller_E	1799036	0.28473	0.660869	0.0544007
Muller_E	1802542	0.284613	0.661147	0.0542396
Muller_E	1802678	0.284609	0.661158	0.0542333
Muller_E	1803039	0.284597	0.661187	0.0542167
Muller_E	1803347	0.284586	0.661211	0.0542026
Muller_E	1805518	0.284514	0.661383	0.0541028
Muller_E	1812938	0.284266	0.661972	0.0537616
Muller_E	1813040	0.284263	0.66198	0.0537569
Muller_E	1815234	0.28419	0.662154	0.053656
Muller_E	1815907	0.284167	0.662208	0.053625
Muller_E	1816383	0.284152	0.662245	0.0536032
Muller_E	1831501	0.283647	0.663446	0.0529072
Muller_E	1850978	0.282996	0.664995	0.0520095
Muller_E	1851905	0.282965	0.665068	0.0519667
Muller_E	1852166	0.282956	0.665089	0.0519547
Muller_E	1857635	0.282773	0.665524	0.0517023
Muller_E	1861157	0.282656	0.665805	0.0515397
Muller_E	1861336	0.28265	0.665819	0.0515315
Muller_E	1861880	0.282631	0.665862	0.0515064
Muller_E	1866595	0.282474	0.666238	0.0512886
Muller_E	1870209	0.282353	0.666526	0.0511217
Muller_E	1871973	0.282294	0.666666	0.0510402
Muller_E	1880064	0.282023	0.667311	0.0506662
Muller_E	1889333	0.281712	0.66805	0.0502375
Muller_E	1891195	0.28165	0.668199	0.0501514
Muller_E	1894320	0.281545	0.668448	0.0500068
Muller_E	1900363	0.281343	0.66893	0.049727
Muller_E	1904375	0.281208	0.669251	0.0495412
Muller_E	1915469	0.280836	0.670137	0.049027
Muller_E	1927060	0.280447	0.671063	0.0484894
Muller_E	1932459	0.280266	0.671495	0.0482388
Muller_E	1944351	0.279867	0.672447	0.0476864
Muller_E	1946702	0.279788	0.672635	0.0475771
Muller_E	1961660	0.279285	0.673834	0.0468814
Muller_E	1975567	0.278817	0.674949	0.0462339
Muller_E	2011856	0.277594	0.677865	0.0445407
Muller_E	2013122	0.277552	0.677967	0.0444816
Muller_E	2044597	0.276489	0.680502	0.0430088
Muller_E	2048236	0.276366	0.680796	0.0428383
Muller_E	2048434	0.276359	0.680812	0.042829
Muller_E	2086567	0.275069	0.683892	0.041039
Muller_E	2103366	0.2745	0.685252	0.0402486
Muller_E	2117584	0.274017	0.686404	0.0395788
Muller_E	2126123	0.273727	0.687096	0.0391761
Muller_E	2135792	0.273399	0.687881	0.0387198
Muller_E	2140907	0.273225	0.688297	0.0384783
Muller_E	2141169	0.273216	0.688318	0.0384659
Muller_E	2142715	0.273164	0.688443	0.0383929
Muller_E	2145389	0.273073	0.688661	0.0382666
Muller_E	2146953	0.27302	0.688788	0.0381927
Muller_E	2147057	0.273016	0.688796	0.0381877
Muller_E	2201852	0.27115	0.693258	0.0355923
Muller_E	2204792	0.27105	0.693498	0.0354527
Muller_E	2219543	0.270546	0.694702	0.0347517
Muller_E	2220290	0.27052	0.694763	0.0347162
Muller_E	2241628	0.269791	0.696508	0.0337006
Muller_E	2243471	0.269728	0.696659	0.0336127
Muller_E	2531559	0.259775	0.720517	0.0197082
Muller_E	2693610	0.254084	0.734193	0.0117233
Muller_E	2696554	0.253979	0.734443	0.0115771
Muller_E	2706179	0.253639	0.735262	0.0110988
Muller_E	2713009	0.253397	0.735843	0.0107591
Muller_E	2716202	0.253284	0.736115	0.0106002
Muller_E	2721440	0.253099	0.736562	0.0103395
Muller_E	2735475	0.252601	0.737758	0.00964026
Muller_E	2763120	0.25162	0.74012	0.00826014
Muller_E	2777976	0.251092	0.741391	0.00751694
Muller_E	2779619	0.251033	0.741532	0.00743468
Muller_E	2787347	0.250758	0.742194	0.00704759
Muller_E	2788916	0.0637574	0.920727	0.0155152
Muller_E	2795398	0.251107	0.742511	0.0063826
Muller_E	2798296	0.251287	0.742592	0.00612048
Muller_E	2799305	0.25135	0.74262	0.00602922
Muller_E	2800245	0.251409	0.742647	0.00594421
Muller_E	2800507	0.251425	0.742654	0.00592052
Muller_E	2800780	0.251443	0.742662	0.00589583
Muller_E	2800932	0.251452	0.742666	0.00588208
Muller_E	2801158	0.251466	0.742672	0.00586164
Muller_E	2805736	0.251752	0.7428	0.00544767
Muller_E	2807233	0.251845	0.742842	0.00531231
Muller_E	2807795	0.251881	0.742858	0.0052615
Muller_E	2808363	0.251916	0.742874	0.00521014
Muller_E	2809031	0.251958	0.742892	0.00514974
Muller_E	2809272	0.251973	0.742899	0.00512796
Muller_E	2809909	0.252013	0.742917	0.00507036
Muller_E	2811470	0.25211	0.742961	0.00492924
Muller_E	2811776	0.252129	0.742969	0.00490158
Muller_E	2812117	0.252151	0.742979	0.00487075
Muller_E	2815676	0.390671	0.608916	0.000413567
Muller_E	2816259	0.252384	0.743072	0.00454396
Muller_E	2817070	0.252399	0.743064	0.00453691
Muller_E	2817616	0.25241	0.743058	0.00453217
Muller_E	2819402	0.252444	0.74304	0.00451663
Muller_E	2820166	0.252458	0.743032	0.00450998
Muller_E	2820386	0.252462	0.74303	0.00450807
Muller_E	2820775	0.25247	0.743026	0.00450468
Muller_E	2821135	0.252476	0.743022	0.00450154
Muller_E	2821440	0.252482	0.743019	0.00449889
Muller_E	2826939	0.252586	0.742963	0.00445089
Muller_E	2831172	0.252666	0.74292	0.00441383
Muller_E	2831515	0.252672	0.742917	0.00441082
Muller_E	2832336	0.252688	0.742908	0.00440362
Muller_E	2833070	0.252702	0.742901	0.00439718
Muller_E	2850717	0.253034	0.742724	0.00424145
Muller_E	2853215	0.253081	0.7427	0.00421927
Muller_E	2856496	0.253143	0.742667	0.00419008
Muller_E	2856945	0.253151	0.742663	0.00418608
Muller_E	2857481	0.253161	0.742657	0.00418131
Muller_E	2858163	0.253174	0.742651	0.00417523
Muller_E	2859754	0.253204	0.742635	0.00416104
Muller_E	2859987	0.253208	0.742633	0.00415896
Muller_E	2862604	0.253258	0.742607	0.00413559
Muller_E	2866488	0.25333	0.742569	0.00410084
Muller_E	2867267	0.253345	0.742561	0.00409386
Muller_E	2868557	0.253369	0.742548	0.0040823
Muller_E	2870085	0.253398	0.742534	0.00406858
Muller_E	2870623	0.253408	0.742528	0.00406375
Muller_E	2876155	0.253512	0.742474	0.00401399
Muller_E	2877151	0.25353	0.742465	0.00400501
Muller_E	2886067	0.253697	0.742379	0.00392441
Muller_E	2886534	0.253706	0.742374	0.00392018
Muller_E	2887599	0.253726	0.742364	0.00391052
Muller_E	2887882	0.253731	0.742361	0.00390795
Muller_E	2888492	0.253742	0.742355	0.00390242
Muller_E	2888607	0.253744	0.742354	0.00390137
Muller_E	2890000	0.253771	0.742341	0.00388872
Muller_E	2890387	0.253778	0.742337	0.0038852
Muller_E	2890907	0.253787	0.742332	0.00388048
Muller_E	2894764	0.253859	0.742295	0.00384538
Muller_E	2899098	0.25394	0.742254	0.00380584
Muller_E	2901481	0.253985	0.742231	0.00378405
Muller_E	2901643	0.253988	0.74223	0.00378257
Muller_E	2902627	0.254006	0.74222	0.00377357
Muller_E	2903432	0.254021	0.742213	0.00376619
Muller_E	2904998	0.25405	0.742198	0.00375185
Muller_E	2905994	0.254069	0.742189	0.00374271
Muller_E	2907134	0.25409	0.742178	0.00373225
Muller_E	2908511	0.254116	0.742165	0.00371961
Muller_E	2909452	0.254133	0.742156	0.00371096
Muller_E	2910160	0.254146	0.742149	0.00370445
Muller_E	2911022	0.254162	0.742141	0.00369653
Muller_E	2911252	0.254167	0.742139	0.00369441
Muller_E	2911992	0.25418	0.742132	0.0036876
Muller_E	2914672	0.25423	0.742107	0.00366291
Muller_E	2915489	0.254245	0.742099	0.00365538
Muller_E	2918585	0.254303	0.74207	0.0036268
Muller_E	2919015	0.254311	0.742066	0.00362282
Muller_E	2919728	0.254324	0.74206	0.00361623
Muller_E	2919971	0.254329	0.742057	0.00361398
Muller_E	2921506	0.254357	0.742043	0.00359978
Muller_E	2922564	0.254377	0.742033	0.00358998
Muller_E	2922707	0.25438	0.742032	0.00358866
Muller_E	2924226	0.254408	0.742018	0.00357458
Muller_E	2925108	0.254424	0.74201	0.0035664
Muller_E	2925552	0.254432	0.742005	0.00356229
Muller_E	2928855	0.254494	0.741975	0.00353161
Muller_E	2930674	0.254527	0.741958	0.00351469
Muller_E	2931258	0.254538	0.741953	0.00350926
Muller_E	2931592	0.254544	0.74195	0.00350615
Muller_E	2931798	0.254548	0.741948	0.00350423
Muller_E	2932326	0.254558	0.741943	0.00349931
Muller_E	2945623	0.254804	0.741821	0.00337497
Muller_E	2945753	0.254806	0.74182	0.00337375
Muller_E	2945878	0.254809	0.741819	0.00337258
Muller_E	2946001	0.254811	0.741818	0.00337142
Muller_E	2955783	0.254992	0.741729	0.00327932
Muller_E	2957997	0.255033	0.741709	0.0032584
Muller_E	2959282	0.255056	0.741698	0.00324625
Muller_E	2959697	0.255064	0.741694	0.00324232
Muller_E	2959819	0.255066	0.741693	0.00324117
Muller_E	2960759	0.255083	0.741684	0.00323227
Muller_E	2961667	0.2551	0.741676	0.00322367
Muller_E	2961801	0.255103	0.741675	0.0032224
Muller_E	2963254	0.255129	0.741662	0.00320863
Muller_E	2963568	0.255135	0.741659	0.00320565
Muller_E	2975263	0.255351	0.741555	0.00309436
Muller_E	2976725	0.255377	0.741542	0.0030804
Muller_E	2977784	0.255397	0.741533	0.00307028
Muller_E	2982473	0.255483	0.741492	0.00302538
Muller_E	2984283	0.255516	0.741476	0.00300802
Muller_E	2985483	0.255538	0.741465	0.0029965
Muller_E	2985658	0.255541	0.741464	0.00299482
Muller_E	2985908	0.255546	0.741462	0.00299242
Muller_E	2987685	0.255579	0.741446	0.00297535
Muller_E	2992894	0.255674	0.741401	0.00292519
Muller_E	2993313	0.255682	0.741397	0.00292115
Muller_E	2993798	0.255691	0.741393	0.00291647
Muller_E	2994137	0.255697	0.74139	0.0029132
Muller_E	2994487	0.255703	0.741387	0.00290982
Muller_E	2994615	0.255706	0.741386	0.00290858
Muller_E	2995123	0.255715	0.741381	0.00290368
Muller_E	2995701	0.255726	0.741376	0.0028981
Muller_E	2996048	0.255732	0.741373	0.00289475
Muller_E	2996738	0.255745	0.741367	0.00288808
Muller_E	2996880	0.255747	0.741366	0.00288671
Muller_E	2997113	0.255751	0.741364	0.00288446
Muller_E	2999116	0.255788	0.741347	0.00286508
Muller_E	2999459	0.255794	0.741344	0.00286177
Muller_E	3001420	0.25583	0.741327	0.00284277
Muller_E	3001578	0.255833	0.741326	0.00284124
Muller_E	3001696	0.255835	0.741325	0.0028401
Muller_E	3002579	0.255852	0.741317	0.00283154
Muller_E	3003095	0.255861	0.741312	0.00282654
Muller_E	3003540	0.255869	0.741309	0.00282222
Muller_E	3004120	0.25588	0.741304	0.00281659
Muller_E	3005221	0.2559	0.741294	0.00280591
Muller_E	3007967	0.25595	0.741271	0.00277922
Muller_E	3012773	0.256038	0.74123	0.00273242
Muller_E	3013331	0.256048	0.741225	0.00272698
Muller_E	3013618	0.256053	0.741223	0.00272418
Muller_E	3014080	0.256062	0.741219	0.00271968
Muller_E	3014783	0.256075	0.741213	0.00271281
Muller_E	3016296	0.256102	0.7412	0.00269804
Muller_E	3017214	0.256119	0.741192	0.00268907
Muller_E	3018320	0.256139	0.741183	0.00267825
Muller_E	3018982	0.256151	0.741177	0.00267178
Muller_E	3019303	0.256157	0.741174	0.00266864
Muller_E	3019831	0.256167	0.74117	0.00266347
Muller_E	3021834	0.256203	0.741153	0.00264385
Muller_E	3021944	0.256205	0.741152	0.00264277
Muller_E	3023127	0.256227	0.741142	0.00263118
Muller_E	3024474	0.256251	0.741131	0.00261796
Muller_E	3024813	0.256257	0.741128	0.00261463
Muller_E	3029421	0.256341	0.741089	0.00256934
Muller_E	3029834	0.256349	0.741086	0.00256528
Muller_E	3030101	0.256354	0.741084	0.00256265
Muller_E	3033200	0.25641	0.741058	0.00253212
Muller_E	3033901	0.256423	0.741052	0.0025252
Muller_E	3034073	0.256426	0.74105	0.00252351
Muller_E	3036032	0.256462	0.741034	0.00250417
Muller_E	3038305	0.256503	0.741015	0.00248171
Muller_E	3041816	0.256567	0.740986	0.00244695
Muller_E	3044683	0.256619	0.740963	0.00241852
Muller_E	3046757	0.256656	0.740946	0.00239793
Muller_E	3046887	0.256659	0.740945	0.00239664
Muller_E	3047900	0.256677	0.740936	0.00238657
Muller_E	3048135	0.256681	0.740934	0.00238424
Muller_E	3050664	0.256727	0.740914	0.00235907
Muller_E	3051698	0.256746	0.740905	0.00234878
Muller_E	3051968	0.256751	0.740903	0.00234609
Muller_E	3052635	0.256763	0.740897	0.00233944
Muller_E	3053197	0.256773	0.740893	0.00233384
Muller_E	3056428	0.256832	0.740867	0.0023016
Muller_E	3056712	0.256837	0.740864	0.00229876
Muller_E	3058398	0.256867	0.740851	0.00228191
Muller_E	3059687	0.256891	0.74084	0.00226902
Muller_E	3061511	0.256924	0.740825	0.00225076
Muller_E	3062406	0.25694	0.740818	0.0022418
Muller_E	3062537	0.256942	0.740817	0.00224049
Muller_E	3100018	0.257618	0.740521	0.00186112
Muller_E	3100718	0.257631	0.740515	0.00185396
Muller_E	3112367	0.25784	0.740426	0.00173446
Muller_E	3112987	0.257851	0.740421	0.00172808
Muller_E	3113420	0.257859	0.740418	0.00172362
Muller_E	3116107	0.257907	0.740397	0.00169594
Muller_E	3119432	0.257966	0.740372	0.00166163
Muller_E	3119714	0.257971	0.74037	0.00165871
Muller_E	3120862	0.257992	0.740361	0.00164685
Muller_E	3122265	0.258017	0.740351	0.00163235
Muller_E	3123364	0.258037	0.740342	0.00162098
Muller_E	3124138	0.258051	0.740336	0.00161296
Muller_E	3127464	0.25811	0.740311	0.0015785
Muller_E	3128767	0.258133	0.740302	0.00156498
Muller_E	3128895	0.258136	0.740301	0.00156365
Muller_E	3129611	0.258148	0.740295	0.00155622
Muller_E	3129743	0.258151	0.740294	0.00155485
Muller_E	3130171	0.258158	0.740291	0.0015504
Muller_E	3131529	0.258183	0.740281	0.00153629
Muller_E	3137674	0.258292	0.740235	0.00147232
Muller_E	3139976	0.258334	0.740218	0.0014483
Muller_E	3143168	0.25839	0.740195	0.00141495
Muller_E	3169152	0.258852	0.740006	0.00114142
Muller_E	3170575	0.258878	0.739996	0.00112633
Muller_E	3173857	0.258936	0.739973	0.0010915
Muller_E	3192801	0.259271	0.73984	0.000889288
Muller_E	3194086	0.259294	0.739831	0.000875501
Muller_E	3194230	0.259296	0.73983	0.000873956
Muller_E	3207603	0.259532	0.739738	0.000729938
Muller_E	3207708	0.259534	0.739737	0.000728803
Muller_E	3208070	0.25954	0.739735	0.000724891
Muller_E	3208369	0.259546	0.739733	0.000721659
Muller_E	3208507	0.259548	0.739732	0.000720167
Muller_E	3208706	0.259551	0.739731	0.000718016
Muller_E	3210124	0.259576	0.739721	0.00070268
Muller_E	3211254	0.259596	0.739713	0.000690451
Muller_E	3212088	0.259611	0.739708	0.000681421
Muller_E	3216063	0.259681	0.739681	0.000638329
Muller_E	3216461	0.259688	0.739678	0.00063401
Muller_E	3217109	0.259699	0.739674	0.000626976
Muller_E	3217441	0.259705	0.739672	0.000623371
Muller_E	3217706	0.25971	0.73967	0.000620493
Muller_E	3217825	0.259712	0.739669	0.000619201
Muller_E	3218354	0.259721	0.739665	0.000613455
Muller_E	3219292	0.259738	0.739659	0.000603262
Muller_E	3219763	0.259746	0.739656	0.000598143
Muller_E	3221459	0.259776	0.739645	0.000579697
Muller_E	3222112	0.259787	0.73964	0.000572591
Muller_E	3223012	0.259803	0.739634	0.000562793
Muller_E	3223549	0.259812	0.739631	0.000556945
Muller_E	3224815	0.259835	0.739622	0.000543152
Muller_E	3226800	0.259869	0.739609	0.000521507
Muller_E	3229718	0.259921	0.73959	0.00048965
Muller_E	3240322	0.260106	0.73952	0.000373495
Muller_E	3240918	0.260117	0.739516	0.000366948
Muller_E	3241273	0.260123	0.739514	0.000363048
Muller_E	3247835	0.260238	0.739471	0.000290829
Muller_E	3251442	0.260301	0.739448	0.000251033
Muller_E	3252203	0.260314	0.739443	0.000242628
Muller_E	3254014	0.260346	0.739432	0.000222613
Muller_E	3254518	0.260355	0.739428	0.00021704
Muller_E	3255141	0.260365	0.739424	0.000210148
Muller_E	3255365	0.397785	0.602194	2.09855e-05
Muller_E	3259142	0.2603	0.739496	0.000204119
Muller_E	3259935	0.260286	0.739511	0.000203362
Muller_E	3262497	0.260239	0.73956	0.000200893
Muller_E	3263708	0.260217	0.739583	0.000199712
Muller_E	3264644	0.2602	0.739602	0.000198794
Muller_E	3266132	0.260172	0.73963	0.000197323
Muller_E	3266579	0.39645	0.603529	2.12853e-05
Muller_E	3266806	0.26015	0.739652	0.000197551
Muller_E	3269029	0.260015	0.739781	0.00020412
Muller_E	3271700	0.259851	0.739937	0.000211976
Muller_E	3271881	0.25984	0.739947	0.000212507
Muller_E	3273894	0.259717	0.740065	0.000218398
Muller_E	3275081	0.259644	0.740134	0.000221862
Muller_E	3275989	0.259589	0.740187	0.000224506
Muller_E	3278049	0.259463	0.740307	0.000230486
Muller_E	3280894	0.259289	0.740472	0.000238707
Muller_E	3282107	0.259215	0.740543	0.000242197
Muller_E	3282973	0.259162	0.740594	0.000244685
Muller_E	3284532	0.259066	0.740684	0.000249151
Muller_E	3291321	0.258651	0.741081	0.00026844
Muller_E	3291878	0.258617	0.741113	0.000270011
Muller_E	3293351	0.258527	0.741199	0.000274157
Muller_E	3293759	0.258502	0.741223	0.000275303
Muller_E	3304917	0.257818	0.741875	0.00030628
Muller_E	3306663	0.257711	0.741978	0.000311063
Muller_E	3306880	0.257698	0.74199	0.000311657
Muller_E	3310127	0.257499	0.74218	0.000320501
Muller_E	3312301	0.257366	0.742308	0.00032639
Muller_E	3312718	0.25734	0.742332	0.000327516
Muller_E	3318766	0.25697	0.742687	0.00034374
Muller_E	3323588	0.256674	0.74297	0.000356526
Muller_E	3324201	0.256636	0.743006	0.000358142
Muller_E	3324656	0.256608	0.743032	0.00035934
Muller_E	3325091	0.256582	0.743058	0.000360484
Muller_E	3326084	0.256521	0.743116	0.000363092
Muller_E	3326190	0.256514	0.743122	0.00036337
Muller_E	3330218	0.256267	0.743359	0.000373889
Muller_E	3334866	0.255982	0.743632	0.000385911
Muller_E	3337545	0.255818	0.74379	0.000392784
Muller_E	3340268	0.25565	0.74395	0.000399728
Muller_E	3340480	0.255637	0.743962	0.000400267
Muller_E	3410593	0.251324	0.748112	0.000564304
Muller_E	3431230	0.250051	0.749342	0.000607185
Muller_E	3437416	0.249669	0.749711	0.000619558
Muller_E	3456916	0.248464	0.750879	0.00065711
Muller_E	3457694	0.248416	0.750925	0.000658563
Muller_E	3459001	0.248335	0.751004	0.000660995
Muller_E	3462300	0.248131	0.751202	0.000667089
Muller_E	3464519	0.247994	0.751335	0.000671153
Muller_E	3464673	0.247984	0.751344	0.000671434
Muller_E	3477602	0.247184	0.752121	0.00069453
Muller_E	3525631	0.244207	0.755022	0.000771785
Muller_E	3546828	0.24289	0.756309	0.000801584
Muller_E	3557059	0.242253	0.756932	0.000815023
Muller_E	3566467	0.241668	0.757505	0.000826837
Muller_E	3572057	0.24132	0.757847	0.00083361
Muller_E	3572168	0.241313	0.757853	0.000833742
Muller_E	3579272	0.24087	0.758287	0.000842079
Muller_E	3579502	0.240856	0.758302	0.000842344
Muller_E	3582419	0.240674	0.75848	0.000845677
Muller_E	3590131	0.240194	0.758952	0.000854246
Muller_E	3605233	0.239252	0.759878	0.00087001
Muller_E	3610748	0.238908	0.760217	0.00087543
Muller_E	3611776	0.238843	0.76028	0.00087642
Muller_E	3615071	0.238638	0.760483	0.000879552
Muller_E	3617701	0.238473	0.760645	0.000882006
Muller_E	3617818	0.238466	0.760652	0.000882114
Muller_E	3617948	0.238458	0.76066	0.000882235
Muller_E	3623404	0.238117	0.760996	0.000887187
Muller_E	3630035	0.237703	0.761404	0.000892967
Muller_E	3631532	0.237609	0.761497	0.000894236
Muller_E	3634067	0.237451	0.761653	0.000896354
Muller_E	3642157	0.236945	0.762152	0.000902859
Muller_E	3643438	0.236865	0.762231	0.000903854
Muller_E	3645674	0.236725	0.76237	0.000905566
Muller_E	3652519	0.236296	0.762793	0.000910622
Muller_E	3655257	0.236125	0.762962	0.000912567
Muller_E	3657953	0.235956	0.763129	0.000914438
Muller_E	3660200	0.235816	0.763268	0.000915964
Muller_E	3665461	0.235486	0.763595	0.00091942
Muller_E	3670065	0.235198	0.76388	0.000922309
Muller_E	3757777	0.229685	0.769362	0.000953102
Muller_E	3766114	0.22916	0.769887	0.00095362
Muller_E	3770199	0.228902	0.770144	0.000953721
Muller_E	3771242	0.228836	0.77021	0.000953731
Muller_E	3775369	0.228576	0.77047	0.000953705
Muller_E	3781958	0.22816	0.770887	0.000953449
Muller_E	3788305	0.227759	0.771288	0.000952954
Muller_E	3788531	0.227745	0.771302	0.000952932
Muller_E	3788717	0.227733	0.771314	0.000952913
Muller_E	3791492	0.227558	0.771489	0.000952613
Muller_E	3791929	0.22753	0.771517	0.000952562
Muller_E	3794089	0.227394	0.771654	0.000952291
Muller_E	3798034	0.227145	0.771904	0.000951722
Muller_E	3805877	0.226649	0.772401	0.00095031
Muller_E	3808116	0.226507	0.772543	0.000949839
Muller_E	3837593	0.224641	0.774418	0.000940791
Muller_E	3889492	0.221347	0.777741	0.000911975
Muller_E	3892070	0.221183	0.777907	0.000910113
Muller_E	3892768	0.221139	0.777952	0.000909602
Muller_E	3893846	0.22107	0.778021	0.000908807
Muller_E	3895236	0.220982	0.778111	0.000907771
Muller_E	3896701	0.220888	0.778205	0.000906667
Muller_E	3964144	0.216588	0.782571	0.00084151
Muller_E	3964249	0.216581	0.782578	0.000841387
Muller_E	3964701	0.216552	0.782607	0.000840855
Muller_E	3965335	0.216512	0.782648	0.000840107
Muller_E	3965537	0.216499	0.782661	0.000839868
Muller_E	3971184	0.216138	0.783029	0.000833089
Muller_E	4005791	0.213922	0.785291	0.000787216
Muller_E	4007537	0.21381	0.785405	0.000784704
Muller_E	4008073	0.213776	0.785441	0.000783929
Muller_E	4008732	0.213733	0.785484	0.000782974
Muller_E	4009275	0.213698	0.785519	0.000782185
Muller_E	4009794	0.213665	0.785553	0.000781429
Muller_E	4010462	0.213622	0.785597	0.000780454
Muller_E	4011246	0.213572	0.785649	0.000779306
Muller_E	4011350	0.213565	0.785655	0.000779153
Muller_E	4011743	0.21354	0.785681	0.000778576
Muller_E	4012926	0.213464	0.785759	0.000776832
Muller_E	4015010	0.213331	0.785896	0.000773739
Muller_E	4015956	0.21327	0.785958	0.000772326
Muller_E	4016731	0.21322	0.786009	0.000771164
Muller_E	4017133	0.213194	0.786035	0.00077056
Muller_E	4017640	0.213162	0.786068	0.000769797
Muller_E	4021078	0.212941	0.786294	0.000764579
Muller_E	4021876	0.21289	0.786346	0.000763357
Muller_E	4022513	0.212849	0.786388	0.000762379
Muller_E	4022928	0.212823	0.786416	0.000761741
Muller_E	4024532	0.21272	0.786521	0.000759263
Muller_E	4024639	0.212713	0.786528	0.000759097
Muller_E	4025270	0.212672	0.78657	0.000758117
Muller_E	4027169	0.21255	0.786694	0.000755153
Muller_E	4027437	0.212533	0.786712	0.000754733
Muller_E	4027764	0.212512	0.786734	0.00075422
Muller_E	4029270	0.212415	0.786833	0.000751848
Muller_E	4032202	0.212227	0.787026	0.00074719
Muller_E	4032327	0.212219	0.787034	0.00074699
Muller_E	4033521	0.212143	0.787112	0.000745077
Muller_E	4033797	0.212125	0.787131	0.000744633
Muller_E	4036360	0.21196	0.787299	0.000740492
Muller_E	4037138	0.21191	0.787351	0.000739226
Muller_E	4037610	0.21188	0.787382	0.000738457
Muller_E	4040496	0.211694	0.787572	0.000733721
Muller_E	4040949	0.211665	0.787602	0.000732973
Muller_E	4045900	0.211347	0.787928	0.000724714
Muller_E	4046078	0.211336	0.78794	0.000724415
Muller_E	4046843	0.211286	0.78799	0.000723124
Muller_E	4047581	0.211239	0.788039	0.000721875
Muller_E	4048275	0.211194	0.788085	0.000720698
Muller_E	4048700	0.211167	0.788113	0.000719976
Muller_E	4053592	0.210852	0.788436	0.000711578
Muller_E	4056223	0.210683	0.78861	0.000707
Muller_E	4056545	0.210662	0.788631	0.000706437
Muller_E	4056951	0.210636	0.788658	0.000705726
Muller_E	4057601	0.210595	0.788701	0.000704585
Muller_E	4057720	0.210587	0.788709	0.000704376
Muller_E	4058043	0.210566	0.78873	0.000703808
Muller_E	4058149	0.210559	0.788737	0.000703621
Muller_E	4058704	0.210524	0.788774	0.000702643
Muller_E	4059417	0.210478	0.788821	0.000701384
Muller_E	4059965	0.210442	0.788857	0.000700414
Muller_E	4061381	0.210351	0.788951	0.000697899
Muller_E	4061745	0.210328	0.788975	0.00069725
Muller_E	4062020	0.21031	0.788993	0.00069676
Muller_E	4062507	0.210279	0.789025	0.00069589
Muller_E	4062941	0.210251	0.789054	0.000695113
Muller_E	4064035	0.21018	0.789126	0.000693151
Muller_E	4064680	0.210139	0.789169	0.00069199
Muller_E	4064829	0.210129	0.789179	0.000691722
Muller_E	4065474	0.210088	0.789222	0.000690558
Muller_E	4065574	0.210081	0.789228	0.000690377
Muller_E	4066028	0.210052	0.789258	0.000689556
Muller_E	4067541	0.209955	0.789358	0.000686811
Muller_E	4067967	0.209927	0.789387	0.000686035
Muller_E	4068535	0.209891	0.789424	0.000684999
Muller_E	4069245	0.209845	0.789471	0.000683701
Muller_E	4070105	0.20979	0.789528	0.000682125
Muller_E	4071088	0.209726	0.789593	0.000680318
Muller_E	4071641	0.209691	0.78963	0.000679299
Muller_E	4072126	0.20966	0.789662	0.000678403
Muller_E	4072768	0.209618	0.789705	0.000677215
Muller_E	4072973	0.209605	0.789718	0.000676835
Muller_E	4073359	0.20958	0.789744	0.000676119
Muller_E	4075135	0.209466	0.789861	0.000672813
Muller_E	4075254	0.209458	0.789869	0.000672591
Muller_E	4076053	0.209407	0.789922	0.000671097
Muller_E	4077160	0.209335	0.789996	0.00066902
Muller_E	4078165	0.209271	0.790062	0.000667127
Muller_E	4078690	0.209237	0.790097	0.000666136
Muller_E	4078900	0.209223	0.790111	0.000665739
Muller_E	4079010	0.209216	0.790118	0.000665531
Muller_E	4079297	0.209198	0.790137	0.000664988
Muller_E	4081728	0.209041	0.790299	0.000660367
Muller_E	4082079	0.209018	0.790322	0.000659697
Muller_E	4083988	0.208895	0.790449	0.000656038
Muller_E	4085715	0.208784	0.790563	0.000652708
Muller_E	4089306	0.208552	0.790802	0.000645724
Muller_E	4089803	0.20852	0.790835	0.000644751
Muller_E	4092778	0.208328	0.791033	0.000638894
Muller_E	4092894	0.208321	0.79104	0.000638664
Muller_E	4098915	0.207933	0.791441	0.000626635
Muller_E	4109650	0.20724	0.792156	0.000604622
Muller_E	4113217	0.207009	0.792394	0.000597146
Muller_E	4113538	0.206988	0.792415	0.00059647
Muller_E	4114422	0.206931	0.792474	0.000594603
Muller_E	4114803	0.206907	0.792499	0.000593797
Muller_E	4115118	0.206886	0.792521	0.000593129
Muller_E	4116856	0.206774	0.792636	0.000589437
Muller_E	4117074	0.20676	0.792651	0.000588972
Muller_E	4117473	0.206734	0.792678	0.000588121
Muller_E	4118970	0.206637	0.792778	0.00058492
Muller_E	4121851	0.206451	0.79297	0.000578719
Muller_E	4122071	0.206437	0.792985	0.000578243
Muller_E	4122393	0.206416	0.793006	0.000577546
Muller_E	4122818	0.206389	0.793035	0.000576625
Muller_E	4124318	0.206292	0.793135	0.000573367
Muller_E	4124418	0.206285	0.793141	0.000573149
Muller_E	4126492	0.206151	0.79328	0.000568618
Muller_E	4127527	0.206084	0.793349	0.000566347
Muller_E	4127720	0.206072	0.793362	0.000565923
Muller_E	4128101	0.206047	0.793388	0.000565085
Muller_E	4128234	0.206039	0.793397	0.000564792
Muller_E	4130334	0.205903	0.793537	0.000560154
Muller_E	4132221	0.205781	0.793663	0.000555963
Muller_E	4134741	0.205618	0.793832	0.00055033
Muller_E	4134982	0.205602	0.793848	0.000549789
Muller_E	4136547	0.205501	0.793953	0.000546268
Muller_E	4140224	0.205263	0.794199	0.000537935
Muller_E	4140902	0.205219	0.794245	0.000536389
Muller_E	4141485	0.205181	0.794284	0.000535058
Muller_E	4143836	0.205029	0.794441	0.000529666
Muller_E	4144350	0.204996	0.794476	0.000528482
Muller_E	4144848	0.204964	0.794509	0.000527334
Muller_E	4150850	0.204575	0.794912	0.000513372
Muller_E	4151927	0.204505	0.794984	0.000510842
Muller_E	4154621	0.204331	0.795165	0.000504482
Muller_E	4159745	0.203999	0.795509	0.000492258
Muller_E	4159958	0.203985	0.795523	0.000491747
Muller_E	4160923	0.203922	0.795588	0.000489425
Muller_E	4161787	0.203866	0.795646	0.000487341
Muller_E	4162162	0.203842	0.795672	0.000486435
Muller_E	4163984	0.203724	0.795794	0.00048202
Muller_E	4164218	0.203709	0.79581	0.000481451
Muller_E	4164859	0.203667	0.795853	0.000479892
Muller_E	4165033	0.203656	0.795865	0.000479469
Muller_E	4165157	0.203648	0.795873	0.000479166
Muller_E	4165383	0.203633	0.795888	0.000478616
Muller_E	4165808	0.203606	0.795917	0.000477579
Muller_E	4165958	0.203596	0.795927	0.000477213
Muller_E	4166062	0.203589	0.795934	0.000476959
Muller_E	4166243	0.203577	0.795946	0.000476517
Muller_E	4166628	0.203552	0.795972	0.000475576
Muller_E	4168755	0.203414	0.796115	0.00047036
Muller_E	4172546	0.316304	0.683622	7.37543e-05
Muller_E	4172827	0.203132	0.796406	0.000461587
Muller_E	4173860	0.202999	0.796537	0.000463771
Muller_E	4176100	0.202711	0.796821	0.000468485
Muller_E	4176326	0.202681	0.79685	0.000468959
Muller_E	4176826	0.202617	0.796913	0.000470007
Muller_E	4177022	0.202592	0.796938	0.000470417
Muller_E	4178339	0.202422	0.797105	0.000473167
Muller_E	4178608	0.202387	0.797139	0.000473728
Muller_E	4179326	0.202295	0.79723	0.000475222
Muller_E	4180712	0.202116	0.797406	0.000478097
Muller_E	4180966	0.202083	0.797438	0.000478623
Muller_E	4184926	0.201573	0.79794	0.000486768
Muller_E	4185178	0.042869	0.956067	0.001064
Muller_E	4185319	0.201541	0.797972	0.000487334
Muller_E	4185532	0.201542	0.797971	0.00048741
Muller_E	4187632	0.201549	0.797962	0.000488151
Muller_E	4188227	0.201552	0.79796	0.000488355
Muller_E	4188670	0.201553	0.797958	0.000488506
Muller_E	4192621	0.201568	0.797943	0.000489797
Muller_E	4193546	0.201571	0.797939	0.000490084
Muller_E	4194407	0.201574	0.797936	0.000490347
Muller_E	4195783	0.201579	0.79793	0.000490758
Muller_E	4196010	0.20158	0.797929	0.000490824
Muller_E	4197440	0.201585	0.797924	0.000491236
Muller_E	4198223	0.201588	0.797921	0.000491456
Muller_E	4199021	0.201591	0.797918	0.000491676
Muller_E	4199203	0.201591	0.797917	0.000491725
Muller_E	4199424	0.201592	0.797916	0.000491785
Muller_E	4199639	0.201593	0.797915	0.000491843
Muller_E	4199983	0.201594	0.797914	0.000491936
Muller_E	4203293	0.201606	0.797901	0.000492785
Muller_E	4205814	0.201615	0.797892	0.000493384
Muller_E	4206134	0.201616	0.79789	0.000493458
Muller_E	4207588	0.201621	0.797885	0.000493782
Muller_E	4210680	0.201632	0.797873	0.000494428
Muller_E	4210928	0.201633	0.797872	0.000494477
Muller_E	4211312	0.201635	0.797871	0.000494552
Muller_E	4211755	0.201636	0.797869	0.000494638
Muller_E	4213444	0.201642	0.797863	0.000494953
Muller_E	4216650	0.201653	0.797851	0.000495501
Muller_E	4217058	0.201655	0.79785	0.000495566
Muller_E	4217453	0.201656	0.797848	0.000495628
Muller_E	4217565	0.201657	0.797848	0.000495645
Muller_E	4217669	0.201657	0.797847	0.000495662
Muller_E	4217825	0.201658	0.797847	0.000495686
Muller_E	4218923	0.201661	0.797843	0.00049585
Muller_E	4225215	0.201683	0.79782	0.000496644
Muller_E	4232774	0.201709	0.797793	0.000497265
Muller_E	4235298	0.201718	0.797784	0.000497391
Muller_E	4245993	0.201755	0.797748	0.000497474
Muller_E	4252835	0.201778	0.797725	0.000497144
Muller_E	4253725	0.20178	0.797722	0.00049708
Muller_E	4256197	0.201789	0.797714	0.000496873
Muller_E	4261234	0.201805	0.797698	0.000496332
Muller_E	4262892	0.201811	0.797693	0.000496119
Muller_E	4263238	0.201812	0.797692	0.000496072
Muller_E	4263588	0.201813	0.797691	0.000496024
Muller_E	4264621	0.201817	0.797688	0.000495877
Muller_E	4266950	0.201824	0.79768	0.000495522
Muller_E	4267529	0.201826	0.797678	0.000495429
Muller_E	4276223	0.201854	0.797652	0.000493765
Muller_E	4311688	0.201966	0.797552	0.000481989
Muller_E	4311965	0.201967	0.797551	0.000481866
Muller_E	4312254	0.201968	0.79755	0.000481736
Muller_E	4312510	0.201969	0.79755	0.000481621
Muller_E	4334492	0.202035	0.797495	0.000470183
Muller_E	4352032	0.202086	0.797455	0.000458847
Muller_E	4353438	0.20209	0.797452	0.000457854
Muller_E	4356857	0.2021	0.797445	0.000455385
Muller_E	4360054	0.202109	0.797438	0.00045301
Muller_E	4374783	0.20215	0.797409	0.000441223
Muller_E	4374946	0.202151	0.797408	0.000441085
Muller_E	4381350	0.202168	0.797396	0.000435523
Muller_E	4558836	0.202579	0.797244	0.000177392
Muller_E	4562012	0.202585	0.797244	0.000170945
Muller_E	4564083	0.202589	0.797244	0.000166707
Muller_E	4564194	0.202589	0.797244	0.000166479
Muller_E	4568491	0.202597	0.797245	0.000157594
Muller_E	4569115	0.202598	0.797246	0.000156294
Muller_E	4569749	0.202599	0.797246	0.000154971
Muller_E	4570340	0.2026	0.797246	0.000153735
Muller_E	4571890	0.202603	0.797246	0.000150483
Muller_E	4572624	0.202605	0.797246	0.000148938
Muller_E	4573491	0.202606	0.797247	0.000147108
Muller_E	4573809	0.202607	0.797247	0.000146436
Muller_E	4577361	0.312362	0.687613	2.54575e-05
Muller_E	4577462	0.20261	0.797251	0.000138924
Muller_E	4578308	0.202585	0.797275	0.000139268
Muller_E	4580664	0.202516	0.797343	0.000140202
Muller_E	4580954	0.202508	0.797352	0.000140315
Muller_E	4581769	0.202484	0.797375	0.000140628
Muller_E	4581909	0.20248	0.797379	0.000140682
Muller_E	4583019	0.202447	0.797412	0.000141101
Muller_E	4583393	0.202436	0.797422	0.00014124
Muller_E	4583516	0.202433	0.797426	0.000141286
Muller_E	4584473	0.202405	0.797454	0.000141637
Muller_E	4589180	0.202267	0.79759	0.000143283
Muller_E	4590247	0.202235	0.797621	0.000143636
Muller_E	4591539	0.202197	0.797659	0.000144054
Muller_E	4593253	0.202147	0.797708	0.000144592
Muller_E	4593508	0.202139	0.797716	0.00014467
Muller_E	4593974	0.202126	0.797729	0.000144813
Muller_E	4595111	0.202092	0.797763	0.000145154
Muller_E	4595303	0.202087	0.797768	0.000145211
Muller_E	4597548	0.202021	0.797833	0.000145858
Muller_E	4597833	0.202012	0.797842	0.000145937
Muller_E	4600306	0.20194	0.797914	0.000146608
Muller_E	4607273	0.201735	0.798117	0.000148287
Muller_E	4607398	0.201731	0.798121	0.000148314
Muller_E	4610441	0.201641	0.79821	0.000148947
Muller_E	4611041	0.201624	0.798227	0.000149065
Muller_E	4611562	0.201608	0.798243	0.000149165
Muller_E	4611697	0.201604	0.798247	0.000149191
Muller_E	4612447	0.201582	0.798269	0.000149332
Muller_E	4612733	0.201574	0.798277	0.000149385
Muller_E	4612927	0.201568	0.798283	0.00014942
Muller_E	4613148	0.201561	0.798289	0.00014946
Muller_E	4614502	0.201521	0.798329	0.0001497
Muller_E	4615888	0.201481	0.798369	0.000149932
Muller_E	4616173	0.201472	0.798378	0.000149979
Muller_E	4616508	0.201462	0.798388	0.000150032
Muller_E	4616663	0.201458	0.798392	0.000150057
Muller_E	4618190	0.201413	0.798437	0.000150291
Muller_E	4619781	0.201366	0.798484	0.00015052
Muller_E	4622166	0.201295	0.798554	0.000150832
Muller_E	4626314	0.201173	0.798676	0.000151288
Muller_E	4626864	0.201157	0.798692	0.00015134
Muller_E	4627368	0.201142	0.798707	0.000151386
Muller_E	4627488	0.201138	0.79871	0.000151396
Muller_E	4633961	0.200947	0.798901	0.000151838
Muller_E	4635834	0.200891	0.798957	0.000151916
Muller_E	4636452	0.200873	0.798975	0.000151937
Muller_E	4637295	0.200848	0.799	0.000151961
Muller_E	4640891	0.200742	0.799106	0.000152014
Muller_E	4645727	0.200599	0.79925	0.000151953
Muller_E	4646376	0.200579	0.799269	0.000151934
Muller_E	4646798	0.200567	0.799281	0.00015192
Muller_E	4653320	0.200373	0.799475	0.000151555
Muller_E	4656520	0.200278	0.79957	0.000151277
Muller_E	4672665	0.199799	0.800053	0.000148868
Muller_E	4674140	0.199755	0.800097	0.000148564
Muller_E	4675745	0.199707	0.800145	0.000148218
Muller_E	4676485	0.199685	0.800167	0.000148053
Muller_E	4677110	0.199666	0.800186	0.000147911
Muller_E	4677655	0.19965	0.800202	0.000147784
Muller_E	4678986	0.19961	0.800242	0.000147468
Muller_E	4680223	0.199573	0.800279	0.000147164
Muller_E	4682403	0.199508	0.800345	0.000146605
Muller_E	4682621	0.199502	0.800351	0.000146547
Muller_E	4684270	0.199453	0.800401	0.000146101
Muller_E	4685491	0.199416	0.800438	0.00014576
Muller_E	4686019	0.199401	0.800454	0.000145609
Muller_E	4687101	0.199368	0.800486	0.000145295
Muller_E	4689628	0.199293	0.800562	0.000144531
Muller_E	4690052	0.19928	0.800575	0.000144399
Muller_E	4690344	0.199272	0.800584	0.000144308
Muller_E	4690905	0.199255	0.800601	0.00014413
Muller_E	4691125	0.199248	0.800608	0.00014406
Muller_E	4691712	0.199231	0.800625	0.000143871
Muller_E	4691999	0.199222	0.800634	0.000143778
Muller_E	4692111	0.199219	0.800637	0.000143741
Muller_E	4693234	0.199185	0.800671	0.000143371
Muller_E	4693620	0.199174	0.800683	0.000143242
Muller_E	4693753	0.19917	0.800687	0.000143197
Muller_E	4694021	0.199162	0.800695	0.000143106
Muller_E	4694592	0.199145	0.800712	0.000142912
Muller_E	4696429	0.19909	0.800768	0.000142273
Muller_E	4696792	0.199079	0.800779	0.000142144
Muller_E	4699402	0.199001	0.800858	0.000141192
Muller_E	4700957	0.198955	0.800905	0.000140604
Muller_E	4702606	0.198905	0.800955	0.000139963
Muller_E	4708142	0.19874	0.801123	0.000137684
Muller_E	4712097	0.198621	0.801243	0.000135936
Muller_E	4713898	0.198567	0.801298	0.000135106
Muller_E	4714194	0.198558	0.801307	0.000134967
Muller_E	4717094	0.198471	0.801395	0.000133582
Muller_E	4717794	0.19845	0.801416	0.000133239
Muller_E	4720564	0.198367	0.801501	0.000131852
Muller_E	4722390	0.198313	0.801556	0.000130911
Muller_E	4727534	0.198158	0.801714	0.000128144
Muller_E	4730688	0.198063	0.80181	0.000126364
Muller_E	4731377	0.198043	0.801831	0.000125966
Muller_E	4732944	0.197996	0.801879	0.00012505
Muller_E	4738342	0.197833	0.802045	0.000121775
Muller_E	4739398	0.197802	0.802077	0.000121112
Muller_E	4742492	0.197709	0.802172	0.000119129
Muller_E	4745718	0.197611	0.802272	0.000116995
Muller_E	4746457	0.197589	0.802294	0.000116497
Muller_E	4748015	0.197542	0.802342	0.000115435
Muller_E	4748352	0.197532	0.802353	0.000115203
Muller_E	4748630	0.197524	0.802361	0.000115011
Muller_E	4751071	0.19745	0.802437	0.000113306
Muller_E	4751685	0.197432	0.802456	0.000112871
Muller_E	4751817	0.31619	0.683798	1.15831e-05
Muller_E	4752607	0.197368	0.802518	0.000114946
Muller_E	4752773	0.197355	0.80253	0.000115401
Muller_E	4753826	0.197275	0.802607	0.000118284
Muller_E	4754671	0.197211	0.802669	0.000120592
Muller_E	4756619	0.197062	0.802812	0.000125897
Muller_E	4759191	0.196867	0.803001	0.000132866
Muller_E	4761262	0.196709	0.803153	0.000138447
Muller_E	4761866	0.196663	0.803197	0.00014007
Muller_E	4761985	0.196654	0.803206	0.000140389
Muller_E	4763545	0.196535	0.80332	0.000144569
Muller_E	4764509	0.196462	0.803391	0.000147144
Muller_E	4765595	0.196379	0.803471	0.000150038
Muller_E	4766291	0.196326	0.803522	0.000151889
Muller_E	4766501	0.19631	0.803537	0.000152447
Muller_E	4767354	0.196245	0.8036	0.00015471
Muller_E	4769627	0.196072	0.803767	0.000160719
Muller_E	4769950	0.196048	0.803791	0.000161571
Muller_E	4772288	0.19587	0.803963	0.000167713
Muller_E	4773763	0.195757	0.804071	0.000171571
Muller_E	4773963	0.195742	0.804086	0.000172093
Muller_E	4774375	0.195711	0.804116	0.000173168
Muller_E	4774957	0.195666	0.804159	0.000174684
Muller_E	4775479	0.195627	0.804197	0.000176042
Muller_E	4776619	0.19554	0.804281	0.000179002
Muller_E	4779373	0.19533	0.804484	0.00018612
Muller_E	4781913	0.195136	0.804671	0.000192643
Muller_E	4782620	0.195083	0.804723	0.000194452
Muller_E	4783326	0.195029	0.804775	0.000196255
Muller_E	4786044	0.194822	0.804975	0.000203166
Muller_E	4786690	0.194772	0.805023	0.000204802
Muller_E	4789453	0.194562	0.805227	0.00021177
Muller_E	4790377	0.194491	0.805295	0.00021409
Muller_E	4792360	0.19434	0.805441	0.00021905
Muller_E	4792549	0.194326	0.805455	0.000219521
Muller_E	4792702	0.194314	0.805466	0.000219903
Muller_E	4822723	0.192023	0.807685	0.000291933
Muller_E	4832155	0.191302	0.808385	0.000313399
Muller_E	4834924	0.19109	0.80859	0.000319596
Muller_E	4838041	0.190852	0.808821	0.000326513
Muller_E	4839031	0.190776	0.808895	0.000328698
Muller_E	4840034	0.1907	0.808969	0.000330904
Muller_E	4843722	0.190418	0.809244	0.000338964
Muller_E	4844215	0.19038	0.80928	0.000340035
Muller_E	4846930	0.190172	0.809482	0.000345906
Muller_E	4847984	0.190091	0.80956	0.000348172
Muller_E	4849699	0.18996	0.809688	0.000351845
Muller_E	4849916	0.189944	0.809704	0.000352309
Muller_E	4850646	0.189888	0.809758	0.000353866
