chrom	position	2,0	1,1	0,2
Muller_E	62882	0.624118	0.280069	0.0958136
Muller_E	267432	0.624826	0.283605	0.0915691
Muller_E	441230	0.625613	0.286379	0.0880072
Muller_E	511157	0.625978	0.287436	0.0865851
Muller_E	557879	0.626238	0.288124	0.0856384
Muller_E	581000	0.626371	0.288459	0.0851708
Muller_E	709108	0.627161	0.290247	0.0825924
Muller_E	768129	0.627556	0.291033	0.0814111
Muller_E	785241	0.627674	0.291256	0.0810693
Muller_E	787322	0.627689	0.291284	0.0810278
Muller_E	787424	0.627689	0.291285	0.0810258
Muller_E	788173	0.627695	0.291295	0.0810108
Muller_E	788750	0.627699	0.291302	0.0809993
Muller_E	788860	0.627699	0.291304	0.0809971
Muller_E	791823	0.62772	0.291342	0.080938
Muller_E	802257	0.627793	0.291477	0.0807299
Muller_E	893794	0.628462	0.292629	0.0789094
Muller_E	894300	0.628466	0.292635	0.0788994
Muller_E	896281	0.628481	0.292659	0.0788601
Muller_E	897287	0.628489	0.292671	0.0788401
Muller_E	897987	0.628494	0.29268	0.0788262
Muller_E	901015	0.628517	0.292717	0.0787662
Muller_E	901718	0.628522	0.292726	0.0787523
Muller_E	923408	0.628688	0.292989	0.0783225
Muller_E	923675	0.628691	0.292992	0.0783172
Muller_E	924320	0.628696	0.293	0.0783044
Muller_E	927795	0.628722	0.293042	0.0782356
Muller_E	948021	0.62888	0.293284	0.0778354
Muller_E	948230	0.628882	0.293287	0.0778313
Muller_E	958531	0.628963	0.293409	0.0776277
Muller_E	967701	0.629036	0.293517	0.0774465
Muller_E	969142	0.629048	0.293534	0.077418
Muller_E	1033237	0.629571	0.294275	0.0761544
Muller_E	1120573	0.63032	0.29524	0.0744397
Muller_E	1123171	0.630343	0.295268	0.0743888
Muller_E	1146845	0.630554	0.29552	0.0739255
Muller_E	1148492	0.630569	0.295538	0.0738933
Muller_E	1168315	0.630748	0.295746	0.0735058
Muller_E	1213395	0.631164	0.29621	0.0726263
Muller_E	1262309	0.631627	0.296699	0.0716742
Muller_E	1275111	0.631751	0.296824	0.0714255
Muller_E	1275707	0.631756	0.29683	0.0714139
Muller_E	1314313	0.632135	0.297201	0.0706648
Muller_E	1318297	0.632174	0.297238	0.0705875
Muller_E	1358440	0.632577	0.297613	0.0698103
Muller_E	1358616	0.632579	0.297614	0.0698069
Muller_E	1378824	0.632785	0.297799	0.0694163
Muller_E	1480336	0.633855	0.298684	0.0674602
Muller_E	1489232	0.633952	0.298759	0.0672892
Muller_E	1645912	0.635724	0.299985	0.0642907
Muller_E	1673398	0.636049	0.300184	0.0637671
Muller_E	1718642	0.636593	0.3005	0.0629066
Muller_E	1746815	0.636938	0.300691	0.0623718
Muller_E	1763447	0.637143	0.300801	0.0620564
Muller_E	1765039	0.637163	0.300811	0.0620262
Muller_E	1765159	0.637164	0.300812	0.0620239
Muller_E	1765369	0.637167	0.300813	0.0620199
Muller_E	1771226	0.63724	0.300851	0.0619089
Muller_E	1799036	0.637588	0.30103	0.0613823
Muller_E	1802542	0.637632	0.301052	0.0613159
Muller_E	1802678	0.637634	0.301053	0.0613134
Muller_E	1803039	0.637638	0.301055	0.0613065
Muller_E	1803347	0.637642	0.301057	0.0613007
Muller_E	1805518	0.63767	0.301071	0.0612596
Muller_E	1812938	0.637763	0.301117	0.0611193
Muller_E	1813040	0.637765	0.301118	0.0611173
Muller_E	1815234	0.637793	0.301132	0.0610758
Muller_E	1815907	0.637801	0.301136	0.0610631
Muller_E	1816383	0.637807	0.301139	0.0610541
Muller_E	1831501	0.638	0.301232	0.0607683
Muller_E	1850978	0.63825	0.30135	0.0604005
Muller_E	1851905	0.638262	0.301356	0.060383
Muller_E	1852166	0.638265	0.301357	0.060378
Muller_E	1857635	0.638335	0.30139	0.0602748
Muller_E	1861157	0.638381	0.301411	0.0602083
Muller_E	1861336	0.638383	0.301412	0.060205
Muller_E	1861880	0.63839	0.301415	0.0601947
Muller_E	1866595	0.638451	0.301443	0.0601057
Muller_E	1870209	0.638498	0.301464	0.0600376
Muller_E	1871973	0.638521	0.301474	0.0600043
Muller_E	1880064	0.638627	0.301522	0.0598517
Muller_E	1889333	0.638748	0.301575	0.059677
Muller_E	1891195	0.638772	0.301586	0.0596419
Muller_E	1894320	0.638813	0.301604	0.059583
Muller_E	1900363	0.638893	0.301638	0.0594692
Muller_E	1904375	0.638946	0.301661	0.0593936
Muller_E	1915469	0.639092	0.301723	0.0591847
Muller_E	1927060	0.639246	0.301787	0.0589666
Muller_E	1932459	0.639318	0.301817	0.0588651
Muller_E	1944351	0.639477	0.301882	0.0586415
Muller_E	1946702	0.639508	0.301894	0.0585973
Muller_E	1961660	0.63971	0.301974	0.0583162
Muller_E	1975567	0.639898	0.302047	0.0580551
Muller_E	2011856	0.640394	0.302231	0.0573744
Muller_E	2013122	0.640412	0.302237	0.0573507
Muller_E	2044597	0.640849	0.30239	0.0567613
Muller_E	2048236	0.640899	0.302407	0.0566932
Muller_E	2048434	0.640902	0.302408	0.0566895
Muller_E	2086567	0.641439	0.302584	0.0559766
Muller_E	2103366	0.641679	0.302658	0.055663
Muller_E	2117584	0.641882	0.30272	0.0553977
Muller_E	2126123	0.642005	0.302756	0.0552384
Muller_E	2135792	0.642145	0.302797	0.0550582
Muller_E	2140907	0.642219	0.302818	0.0549628
Muller_E	2141169	0.642223	0.302819	0.054958
Muller_E	2142715	0.642245	0.302826	0.0549292
Muller_E	2145389	0.642284	0.302837	0.0548793
Muller_E	2146953	0.642307	0.302843	0.0548502
Muller_E	2147057	0.642308	0.302843	0.0548483
Muller_E	2201852	0.643113	0.303058	0.0538287
Muller_E	2204792	0.643157	0.303069	0.0537741
Muller_E	2219543	0.643376	0.303124	0.0535001
Muller_E	2220290	0.643387	0.303126	0.0534862
Muller_E	2241628	0.643708	0.303202	0.0530901
Muller_E	2243471	0.643735	0.303209	0.0530559
Muller_E	2531559	0.648309	0.303948	0.0477438
Muller_E	2693610	0.651085	0.304131	0.0447831
Muller_E	2696554	0.651137	0.304133	0.0447295
Muller_E	2706179	0.651307	0.304139	0.0445543
Muller_E	2713009	0.651428	0.304142	0.04443
Muller_E	2716202	0.651484	0.304144	0.0443719
Muller_E	2721440	0.651577	0.304146	0.0442766
Muller_E	2735475	0.651827	0.304152	0.0440213
Muller_E	2763120	0.652322	0.304159	0.043519
Muller_E	2777976	0.65259	0.304161	0.0432493
Muller_E	2779619	0.652619	0.304161	0.0432194
Muller_E	2787347	0.652759	0.304162	0.0430792
Muller_E	2788916	0.652788	0.304162	0.0430507
Muller_E	2795398	0.652905	0.304162	0.0429331
Muller_E	2798296	0.652958	0.304162	0.0428806
Muller_E	2799305	0.652976	0.304161	0.0428623
Muller_E	2800245	0.652993	0.304161	0.0428452
Muller_E	2800507	0.652998	0.304161	0.0428405
Muller_E	2800780	0.653003	0.304161	0.0428355
Muller_E	2800932	0.653006	0.304161	0.0428328
Muller_E	2801158	0.65301	0.304161	0.0428287
Muller_E	2805736	0.653093	0.304161	0.0427456
Muller_E	2807233	0.653121	0.304161	0.0427185
Muller_E	2807795	0.653131	0.304161	0.0427083
Muller_E	2808363	0.653141	0.304161	0.042698
Muller_E	2809031	0.653153	0.304161	0.0426859
Muller_E	2809272	0.653158	0.304161	0.0426815
Muller_E	2809909	0.653169	0.304161	0.04267
Muller_E	2811470	0.653198	0.30416	0.0426417
Muller_E	2811776	0.653203	0.30416	0.0426361
Muller_E	2812117	0.65321	0.30416	0.04263
Muller_E	2815676	0.653275	0.30416	0.0425655
Muller_E	2816259	0.653285	0.30416	0.0425549
Muller_E	2817070	0.6533	0.30416	0.0425402
Muller_E	2817616	0.65331	0.304159	0.0425303
Muller_E	2819402	0.653343	0.304159	0.0424979
Muller_E	2820166	0.653357	0.304159	0.0424841
Muller_E	2820386	0.653361	0.304159	0.0424801
Muller_E	2820775	0.653368	0.304159	0.042473
Muller_E	2821135	0.653375	0.304159	0.0424665
Muller_E	2821440	0.65338	0.304159	0.042461
Muller_E	2826939	0.653481	0.304158	0.0423614
Muller_E	2831172	0.653559	0.304157	0.0422847
Muller_E	2831515	0.653565	0.304157	0.0422785
Muller_E	2832336	0.65358	0.304156	0.0422636
Muller_E	2833070	0.653594	0.304156	0.0422503
Muller_E	2850717	0.653919	0.304151	0.0419308
Muller_E	2853215	0.653965	0.30415	0.0418856
Muller_E	2856496	0.654026	0.304148	0.0418262
Muller_E	2856945	0.654034	0.304148	0.0418181
Muller_E	2857481	0.654044	0.304148	0.0418084
Muller_E	2858163	0.654056	0.304148	0.041796
Muller_E	2859754	0.654086	0.304147	0.0417672
Muller_E	2859987	0.65409	0.304147	0.041763
Muller_E	2862604	0.654139	0.304146	0.0417157
Muller_E	2866488	0.654211	0.304144	0.0416454
Muller_E	2867267	0.654225	0.304143	0.0416313
Muller_E	2868557	0.654249	0.304143	0.041608
Muller_E	2870085	0.654278	0.304142	0.0415803
Muller_E	2870623	0.654288	0.304142	0.0415706
Muller_E	2876155	0.654391	0.304139	0.0414706
Muller_E	2877151	0.654409	0.304138	0.0414525
Muller_E	2886067	0.654575	0.304133	0.0412913
Muller_E	2886534	0.654584	0.304133	0.0412829
Muller_E	2887599	0.654604	0.304132	0.0412637
Muller_E	2887882	0.654609	0.304132	0.0412585
Muller_E	2888492	0.654621	0.304132	0.0412475
Muller_E	2888607	0.654623	0.304132	0.0412454
Muller_E	2890000	0.654649	0.304131	0.0412203
Muller_E	2890387	0.654656	0.304131	0.0412133
Muller_E	2890907	0.654666	0.30413	0.0412039
Muller_E	2894764	0.654738	0.304128	0.0411342
Muller_E	2899098	0.654819	0.304125	0.0410559
Muller_E	2901481	0.654864	0.304123	0.0410128
Muller_E	2901643	0.654867	0.304123	0.0410099
Muller_E	2902627	0.654885	0.304122	0.0409921
Muller_E	2903432	0.654901	0.304122	0.0409776
Muller_E	2904998	0.65493	0.304121	0.0409493
Muller_E	2905994	0.654949	0.30412	0.0409313
Muller_E	2907134	0.65497	0.304119	0.0409107
Muller_E	2908511	0.654996	0.304118	0.0408858
Muller_E	2909452	0.655014	0.304117	0.0408688
Muller_E	2910160	0.655027	0.304117	0.040856
Muller_E	2911022	0.655043	0.304116	0.0408405
Muller_E	2911252	0.655048	0.304116	0.0408363
Muller_E	2911992	0.655062	0.304116	0.040823
Muller_E	2914672	0.655112	0.304113	0.0407746
Muller_E	2915489	0.655127	0.304113	0.0407598
Muller_E	2918585	0.655186	0.30411	0.0407039
Muller_E	2919015	0.655194	0.30411	0.0406962
Muller_E	2919728	0.655207	0.304109	0.0406833
Muller_E	2919971	0.655212	0.304109	0.0406789
Muller_E	2921506	0.655241	0.304108	0.0406512
Muller_E	2922564	0.655261	0.304107	0.0406321
Muller_E	2922707	0.655264	0.304107	0.0406295
Muller_E	2924226	0.655292	0.304106	0.0406021
Muller_E	2925108	0.655309	0.304105	0.0405862
Muller_E	2925552	0.655317	0.304105	0.0405782
Muller_E	2928855	0.65538	0.304102	0.0405185
Muller_E	2930674	0.655414	0.3041	0.0404857
Muller_E	2931258	0.655425	0.3041	0.0404752
Muller_E	2931592	0.655432	0.304099	0.0404692
Muller_E	2931798	0.655435	0.304099	0.0404654
Muller_E	2932326	0.655445	0.304099	0.0404559
Muller_E	2945623	0.655698	0.304086	0.040216
Muller_E	2945753	0.6557	0.304086	0.0402137
Muller_E	2945878	0.655703	0.304086	0.0402114
Muller_E	2946001	0.655705	0.304086	0.0402092
Muller_E	2955783	0.655891	0.304076	0.0400328
Muller_E	2957997	0.655934	0.304074	0.0399929
Muller_E	2959282	0.655958	0.304072	0.0399698
Muller_E	2959697	0.655966	0.304072	0.0399623
Muller_E	2959819	0.655968	0.304072	0.0399601
Muller_E	2960759	0.655986	0.304071	0.0399431
Muller_E	2961667	0.656004	0.30407	0.0399268
Muller_E	2961801	0.656006	0.30407	0.0399243
Muller_E	2963254	0.656034	0.304068	0.0398982
Muller_E	2963568	0.65604	0.304068	0.0398925
Muller_E	2975263	0.656264	0.304054	0.0396818
Muller_E	2976725	0.656292	0.304053	0.0396554
Muller_E	2977784	0.656312	0.304051	0.0396364
Muller_E	2982473	0.656402	0.304046	0.0395519
Muller_E	2984283	0.656437	0.304044	0.0395193
Muller_E	2985483	0.65646	0.304042	0.0394977
Muller_E	2985658	0.656464	0.304042	0.0394945
Muller_E	2985908	0.656468	0.304042	0.03949
Muller_E	2987685	0.656503	0.304039	0.039458
Muller_E	2992894	0.656603	0.304033	0.0393642
Muller_E	2993313	0.656611	0.304032	0.0393567
Muller_E	2993798	0.65662	0.304032	0.039348
Muller_E	2994137	0.656627	0.304031	0.0393419
Muller_E	2994487	0.656634	0.304031	0.0393356
Muller_E	2994615	0.656636	0.304031	0.0393333
Muller_E	2995123	0.656646	0.30403	0.0393241
Muller_E	2995701	0.656657	0.304029	0.0393137
Muller_E	2996048	0.656664	0.304029	0.0393075
Muller_E	2996738	0.656677	0.304028	0.039295
Muller_E	2996880	0.65668	0.304028	0.0392925
Muller_E	2997113	0.656684	0.304027	0.0392883
Muller_E	2999116	0.656723	0.304025	0.0392522
Muller_E	2999459	0.65673	0.304024	0.0392461
Muller_E	3001420	0.656768	0.304022	0.0392108
Muller_E	3001578	0.656771	0.304021	0.0392079
Muller_E	3001696	0.656773	0.304021	0.0392058
Muller_E	3002579	0.65679	0.30402	0.0391899
Muller_E	3003095	0.6568	0.304019	0.0391806
Muller_E	3003540	0.656809	0.304019	0.0391726
Muller_E	3004120	0.65682	0.304018	0.0391622
Muller_E	3005221	0.656841	0.304017	0.0391424
Muller_E	3007967	0.656894	0.304013	0.039093
Muller_E	3012773	0.656987	0.304006	0.0390065
Muller_E	3013331	0.656998	0.304005	0.0389965
Muller_E	3013618	0.657004	0.304005	0.0389913
Muller_E	3014080	0.657013	0.304004	0.038983
Muller_E	3014783	0.657026	0.304003	0.0389703
Muller_E	3016296	0.657056	0.304001	0.0389431
Muller_E	3017214	0.657074	0.304	0.0389266
Muller_E	3018320	0.657095	0.303998	0.0389067
Muller_E	3018982	0.657108	0.303997	0.0388948
Muller_E	3019303	0.657114	0.303997	0.038889
Muller_E	3019831	0.657124	0.303996	0.0388795
Muller_E	3021834	0.657163	0.303993	0.0388435
Muller_E	3021944	0.657165	0.303993	0.0388415
Muller_E	3023127	0.657188	0.303991	0.0388203
Muller_E	3024474	0.657215	0.303989	0.038796
Muller_E	3024813	0.657221	0.303989	0.0387899
Muller_E	3029421	0.657311	0.303982	0.0387071
Muller_E	3029834	0.657319	0.303981	0.0386997
Muller_E	3030101	0.657324	0.303981	0.0386949
Muller_E	3033200	0.657385	0.303976	0.0386392
Muller_E	3033901	0.657398	0.303975	0.0386266
Muller_E	3034073	0.657402	0.303975	0.0386235
Muller_E	3036032	0.65744	0.303972	0.0385883
Muller_E	3038305	0.657484	0.303968	0.0385474
Muller_E	3041816	0.657553	0.303963	0.0384843
Muller_E	3044683	0.657609	0.303958	0.0384328
Muller_E	3046757	0.65765	0.303955	0.0383955
Muller_E	3046887	0.657652	0.303954	0.0383932
Muller_E	3047900	0.657672	0.303953	0.038375
Muller_E	3048135	0.657677	0.303952	0.0383708
Muller_E	3050664	0.657726	0.303948	0.0383253
Muller_E	3051698	0.657747	0.303947	0.0383068
Muller_E	3051968	0.657752	0.303946	0.0383019
Muller_E	3052635	0.657765	0.303945	0.0382899
Muller_E	3053197	0.657776	0.303944	0.0382798
Muller_E	3056428	0.657839	0.303939	0.0382218
Muller_E	3056712	0.657845	0.303938	0.0382167
Muller_E	3058398	0.657878	0.303935	0.0381864
Muller_E	3059687	0.657904	0.303933	0.0381633
Muller_E	3061511	0.657939	0.30393	0.0381305
Muller_E	3062406	0.657957	0.303929	0.0381144
Muller_E	3062537	0.65796	0.303928	0.0381121
Muller_E	3100018	0.658701	0.303859	0.0374395
Muller_E	3100718	0.658715	0.303858	0.037427
Muller_E	3112367	0.658947	0.303835	0.0372181
Muller_E	3112987	0.65896	0.303833	0.037207
Muller_E	3113420	0.658968	0.303833	0.0371993
Muller_E	3116107	0.659022	0.303827	0.0371511
Muller_E	3119432	0.659088	0.30382	0.0370915
Muller_E	3119714	0.659094	0.30382	0.0370865
Muller_E	3120862	0.659117	0.303817	0.0370659
Muller_E	3122265	0.659145	0.303814	0.0370408
Muller_E	3123364	0.659167	0.303812	0.0370211
Muller_E	3124138	0.659183	0.30381	0.0370072
Muller_E	3127464	0.659249	0.303803	0.0369476
Muller_E	3128767	0.659275	0.3038	0.0369243
Muller_E	3128895	0.659278	0.3038	0.036922
Muller_E	3129611	0.659292	0.303799	0.0369092
Muller_E	3129743	0.659295	0.303798	0.0369068
Muller_E	3130171	0.659303	0.303797	0.0368991
Muller_E	3131529	0.659331	0.303794	0.0368748
Muller_E	3137674	0.659454	0.303781	0.0367648
Muller_E	3139976	0.6595	0.303776	0.0367235
Muller_E	3143168	0.659565	0.303769	0.0366664
Muller_E	3169152	0.66009	0.303709	0.0362014
Muller_E	3170575	0.660119	0.303705	0.036176
Muller_E	3173857	0.660185	0.303697	0.0361173
Muller_E	3192801	0.660571	0.30365	0.0357786
Muller_E	3194086	0.660597	0.303647	0.0357556
Muller_E	3194230	0.6606	0.303647	0.0357531
Muller_E	3207603	0.660874	0.303612	0.0355142
Muller_E	3207708	0.660876	0.303612	0.0355123
Muller_E	3208070	0.660884	0.303611	0.0355058
Muller_E	3208369	0.66089	0.30361	0.0355005
Muller_E	3208507	0.660893	0.303609	0.035498
Muller_E	3208706	0.660897	0.303609	0.0354945
Muller_E	3210124	0.660926	0.303605	0.0354691
Muller_E	3211254	0.660949	0.303602	0.0354489
Muller_E	3212088	0.660966	0.3036	0.0354341
Muller_E	3216063	0.661048	0.303589	0.0353631
Muller_E	3216461	0.661056	0.303588	0.035356
Muller_E	3217109	0.661069	0.303586	0.0353444
Muller_E	3217441	0.661076	0.303585	0.0353385
Muller_E	3217706	0.661082	0.303585	0.0353337
Muller_E	3217825	0.661084	0.303584	0.0353316
Muller_E	3218354	0.661095	0.303583	0.0353222
Muller_E	3219292	0.661114	0.30358	0.0353054
Muller_E	3219763	0.661124	0.303579	0.035297
Muller_E	3221459	0.661159	0.303575	0.0352667
Muller_E	3222112	0.661172	0.303573	0.0352551
Muller_E	3223012	0.661191	0.30357	0.035239
Muller_E	3223549	0.661202	0.303569	0.0352294
Muller_E	3224815	0.661228	0.303565	0.0352068
Muller_E	3226800	0.661269	0.30356	0.0351714
Muller_E	3229718	0.661329	0.303552	0.0351193
Muller_E	3240322	0.661548	0.303522	0.0349301
Muller_E	3240918	0.66156	0.30352	0.0349195
Muller_E	3241273	0.661568	0.303519	0.0349131
Muller_E	3247835	0.661704	0.3035	0.0347961
Muller_E	3251442	0.661778	0.30349	0.0347318
Muller_E	3252203	0.661794	0.303488	0.0347182
Muller_E	3254014	0.661832	0.303482	0.0346859
Muller_E	3254518	0.661842	0.303481	0.0346769
Muller_E	3255141	0.661855	0.303479	0.0346658
Muller_E	3255365	0.66186	0.303478	0.0346618
Muller_E	3259142	0.661938	0.303467	0.0345945
Muller_E	3259935	0.661955	0.303465	0.0345803
Muller_E	3262497	0.662008	0.303457	0.0345347
Muller_E	3263708	0.662033	0.303453	0.0345131
Muller_E	3264644	0.662053	0.303451	0.0344964
Muller_E	3266132	0.662084	0.303446	0.0344699
Muller_E	3266579	0.662093	0.303445	0.0344619
Muller_E	3266806	0.662098	0.303444	0.0344579
Muller_E	3269029	0.662144	0.303437	0.0344182
Muller_E	3271700	0.6622	0.303429	0.0343706
Muller_E	3271881	0.662204	0.303429	0.0343674
Muller_E	3273894	0.662246	0.303423	0.0343315
Muller_E	3275081	0.662271	0.303419	0.0343104
Muller_E	3275989	0.66229	0.303416	0.0342942
Muller_E	3278049	0.662333	0.30341	0.0342575
Muller_E	3280894	0.662392	0.303401	0.0342068
Muller_E	3282107	0.662418	0.303397	0.0341852
Muller_E	3282973	0.662436	0.303394	0.0341698
Muller_E	3284532	0.662468	0.30339	0.034142
Muller_E	3291321	0.662611	0.303368	0.0340211
Muller_E	3291878	0.662622	0.303366	0.0340112
Muller_E	3293351	0.662653	0.303362	0.033985
Muller_E	3293759	0.662662	0.30336	0.0339777
Muller_E	3304917	0.662897	0.303324	0.0337791
Muller_E	3306663	0.662933	0.303319	0.033748
Muller_E	3306880	0.662938	0.303318	0.0337441
Muller_E	3310127	0.663006	0.303307	0.0336863
Muller_E	3312301	0.663052	0.3033	0.0336477
Muller_E	3312718	0.663061	0.303299	0.0336402
Muller_E	3318766	0.663189	0.303279	0.0335326
Muller_E	3323588	0.663291	0.303262	0.0334469
Muller_E	3324201	0.663304	0.30326	0.033436
Muller_E	3324656	0.663313	0.303259	0.0334279
Muller_E	3325091	0.663323	0.303257	0.0334201
Muller_E	3326084	0.663344	0.303254	0.0334025
Muller_E	3326190	0.663346	0.303254	0.0334006
Muller_E	3330218	0.663431	0.30324	0.033329
Muller_E	3334866	0.66353	0.303224	0.0332463
Muller_E	3337545	0.663587	0.303215	0.0331987
Muller_E	3340268	0.663645	0.303205	0.0331503
Muller_E	3340480	0.663649	0.303204	0.0331465
Muller_E	3410593	0.665154	0.302944	0.0319017
Muller_E	3431230	0.665603	0.302861	0.0315359
Muller_E	3437416	0.665738	0.302836	0.0314263
Muller_E	3456916	0.666164	0.302755	0.031081
Muller_E	3457694	0.666181	0.302751	0.0310672
Muller_E	3459001	0.66621	0.302746	0.0310441
Muller_E	3462300	0.666282	0.302732	0.0309857
Muller_E	3464519	0.666331	0.302722	0.0309464
Muller_E	3464673	0.666335	0.302722	0.0309437
Muller_E	3477602	0.666619	0.302666	0.030715
Muller_E	3525631	0.667685	0.302449	0.029866
Muller_E	3546828	0.66816	0.302348	0.0294918
Muller_E	3557059	0.66839	0.302299	0.0293113
Muller_E	3566467	0.668602	0.302253	0.0291454
Muller_E	3572057	0.668728	0.302225	0.0290468
Muller_E	3572168	0.668731	0.302224	0.0290449
Muller_E	3579272	0.668891	0.302189	0.0289196
Muller_E	3579502	0.668897	0.302188	0.0289156
Muller_E	3582419	0.668963	0.302173	0.0288642
Muller_E	3590131	0.669138	0.302134	0.0287283
Muller_E	3605233	0.669481	0.302057	0.0284622
Muller_E	3610748	0.669607	0.302028	0.0283651
Muller_E	3611776	0.66963	0.302023	0.028347
Muller_E	3615071	0.669706	0.302005	0.028289
Muller_E	3617701	0.669766	0.301992	0.0282427
Muller_E	3617818	0.669768	0.301991	0.0282406
Muller_E	3617948	0.669771	0.30199	0.0282383
Muller_E	3623404	0.669896	0.301961	0.0281423
Muller_E	3630035	0.670048	0.301926	0.0280256
Muller_E	3631532	0.670083	0.301918	0.0279993
Muller_E	3634067	0.670141	0.301905	0.0279547
Muller_E	3642157	0.670327	0.301861	0.0278124
Muller_E	3643438	0.670356	0.301854	0.0277898
Muller_E	3645674	0.670408	0.301842	0.0277505
Muller_E	3652519	0.670565	0.301804	0.0276301
Muller_E	3655257	0.670629	0.301789	0.027582
Muller_E	3657953	0.670691	0.301775	0.0275346
Muller_E	3660200	0.670743	0.301762	0.0274951
Muller_E	3665461	0.670864	0.301733	0.0274026
Muller_E	3670065	0.670971	0.301707	0.0273217
Muller_E	3757777	0.673026	0.301191	0.0257828
Muller_E	3766114	0.673223	0.30114	0.0256367
Muller_E	3770199	0.67332	0.301114	0.0255652
Muller_E	3771242	0.673345	0.301108	0.0255469
Muller_E	3775369	0.875224	0.123523	0.00125238
Muller_E	3781958	0.673133	0.301318	0.0255489
Muller_E	3788305	0.672835	0.301545	0.0256203
Muller_E	3788531	0.672824	0.301553	0.0256229
Muller_E	3788717	0.672816	0.301559	0.025625
Muller_E	3791492	0.672685	0.301658	0.0256562
Muller_E	3791929	0.672665	0.301674	0.0256611
Muller_E	3794089	0.672563	0.301751	0.0256855
Muller_E	3798034	0.672378	0.301892	0.0257299
Muller_E	3805877	0.67201	0.302171	0.0258183
Muller_E	3808116	0.671905	0.302251	0.0258436
Muller_E	3837593	0.670526	0.303297	0.0261762
Muller_E	3889492	0.668111	0.305126	0.026763
Muller_E	3892070	0.667991	0.305217	0.0267921
Muller_E	3892768	0.667959	0.305241	0.0268001
Muller_E	3893846	0.667909	0.305279	0.0268123
Muller_E	3895236	0.667844	0.305328	0.026828
Muller_E	3896701	0.667776	0.305379	0.0268446
Muller_E	3964144	0.664663	0.307727	0.0276096
Muller_E	3964249	0.664658	0.307731	0.0276108
Muller_E	3964701	0.664638	0.307746	0.027616
Muller_E	3965335	0.664608	0.307768	0.0276232
Muller_E	3965537	0.664599	0.307775	0.0276255
Muller_E	3971184	0.66434	0.307971	0.0276896
Muller_E	4005791	0.662754	0.309163	0.0280833
Muller_E	4007537	0.662674	0.309223	0.0281032
Muller_E	4008073	0.662649	0.309241	0.0281093
Muller_E	4008732	0.662619	0.309264	0.0281168
Muller_E	4009275	0.662594	0.309283	0.028123
Muller_E	4009794	0.662571	0.3093	0.0281289
Muller_E	4010462	0.66254	0.309323	0.0281365
Muller_E	4011246	0.662504	0.30935	0.0281454
Muller_E	4011350	0.6625	0.309354	0.0281466
Muller_E	4011743	0.662482	0.309367	0.0281511
Muller_E	4012926	0.662428	0.309408	0.0281645
Muller_E	4015010	0.662332	0.309479	0.0281883
Muller_E	4015956	0.662289	0.309512	0.028199
Muller_E	4016731	0.662254	0.309538	0.0282079
Muller_E	4017133	0.662235	0.309552	0.0282124
Muller_E	4017640	0.662212	0.30957	0.0282182
Muller_E	4021078	0.662055	0.309687	0.0282574
Muller_E	4021876	0.662019	0.309715	0.0282665
Muller_E	4022513	0.66199	0.309737	0.0282737
Muller_E	4022928	0.661971	0.309751	0.0282785
Muller_E	4024532	0.661898	0.309806	0.0282967
Muller_E	4024639	0.661893	0.309809	0.028298
Muller_E	4025270	0.661864	0.309831	0.0283051
Muller_E	4027169	0.661777	0.309896	0.0283268
Muller_E	4027437	0.661765	0.309905	0.0283298
Muller_E	4027764	0.66175	0.309916	0.0283336
Muller_E	4029270	0.661682	0.309968	0.0283507
Muller_E	4032202	0.661548	0.310068	0.0283841
Muller_E	4032327	0.661542	0.310072	0.0283856
Muller_E	4033521	0.661488	0.310113	0.0283992
Muller_E	4033797	0.661475	0.310123	0.0284023
Muller_E	4036360	0.661358	0.31021	0.0284315
Muller_E	4037138	0.661323	0.310237	0.0284404
Muller_E	4037610	0.661301	0.310253	0.0284458
Muller_E	4040496	0.66117	0.310351	0.0284787
Muller_E	4040949	0.661149	0.310367	0.0284839
Muller_E	4045900	0.660924	0.310536	0.0285403
Muller_E	4046078	0.660916	0.310542	0.0285423
Muller_E	4046843	0.660881	0.310568	0.0285511
Muller_E	4047581	0.660847	0.310593	0.0285595
Muller_E	4048275	0.660816	0.310617	0.0285674
Muller_E	4048700	0.660797	0.310631	0.0285722
Muller_E	4053592	0.660574	0.310798	0.0286281
Muller_E	4056223	0.660455	0.310887	0.0286581
Muller_E	4056545	0.66044	0.310898	0.0286617
Muller_E	4056951	0.660421	0.310912	0.0286664
Muller_E	4057601	0.660392	0.310934	0.0286738
Muller_E	4057720	0.660386	0.310938	0.0286752
Muller_E	4058043	0.660372	0.310949	0.0286788
Muller_E	4058149	0.660367	0.310953	0.02868
Muller_E	4058704	0.660342	0.310972	0.0286864
Muller_E	4059417	0.660309	0.310996	0.0286945
Muller_E	4059965	0.660284	0.311015	0.0287008
Muller_E	4061381	0.66022	0.311063	0.0287169
Muller_E	4061745	0.660204	0.311075	0.0287211
Muller_E	4062020	0.660191	0.311085	0.0287242
Muller_E	4062507	0.660169	0.311101	0.0287298
Muller_E	4062941	0.660149	0.311116	0.0287347
Muller_E	4064035	0.6601	0.311153	0.0287472
Muller_E	4064680	0.66007	0.311175	0.0287546
Muller_E	4064829	0.660064	0.31118	0.0287563
Muller_E	4065474	0.660034	0.311202	0.0287636
Muller_E	4065574	0.66003	0.311205	0.0287648
Muller_E	4066028	0.660009	0.311221	0.02877
Muller_E	4067541	0.65994	0.311272	0.0287872
Muller_E	4067967	0.659921	0.311287	0.0287921
Muller_E	4068535	0.659895	0.311306	0.0287986
Muller_E	4069245	0.659863	0.31133	0.0288067
Muller_E	4070105	0.659824	0.311359	0.0288165
Muller_E	4071088	0.65978	0.311393	0.0288277
Muller_E	4071641	0.659754	0.311411	0.028834
Muller_E	4072126	0.659732	0.311428	0.0288396
Muller_E	4072768	0.659703	0.31145	0.0288469
Muller_E	4072973	0.659694	0.311457	0.0288493
Muller_E	4073359	0.659677	0.31147	0.0288537
Muller_E	4075135	0.659596	0.31153	0.0288739
Muller_E	4075254	0.659591	0.311534	0.0288753
Muller_E	4076053	0.659554	0.311561	0.0288844
Muller_E	4077160	0.659504	0.311599	0.0288971
Muller_E	4078165	0.659459	0.311633	0.0289085
Muller_E	4078690	0.659435	0.311651	0.0289145
Muller_E	4078900	0.659425	0.311658	0.0289169
Muller_E	4079010	0.65942	0.311661	0.0289182
Muller_E	4079297	0.659407	0.311671	0.0289215
Muller_E	4081728	0.659297	0.311754	0.0289492
Muller_E	4082079	0.659281	0.311765	0.0289533
Muller_E	4083988	0.659195	0.31183	0.0289751
Muller_E	4085715	0.659117	0.311889	0.0289948
Muller_E	4089306	0.658954	0.31201	0.0290358
Muller_E	4089803	0.658932	0.312027	0.0290415
Muller_E	4092778	0.658797	0.312128	0.0290755
Muller_E	4092894	0.658792	0.312132	0.0290768
Muller_E	4098915	0.658519	0.312335	0.0291456
Muller_E	4109650	0.658034	0.312697	0.0292684
Muller_E	4113217	0.657873	0.312817	0.0293092
Muller_E	4113538	0.657859	0.312828	0.0293128
Muller_E	4114422	0.657819	0.312858	0.029323
Muller_E	4114803	0.657802	0.312871	0.0293273
Muller_E	4115118	0.657788	0.312881	0.0293309
Muller_E	4116856	0.657709	0.31294	0.0293508
Muller_E	4117074	0.657699	0.312947	0.0293533
Muller_E	4117473	0.657681	0.312961	0.0293579
Muller_E	4118970	0.657614	0.313011	0.029375
Muller_E	4121851	0.657484	0.313108	0.0294079
Muller_E	4122071	0.657474	0.313116	0.0294105
Muller_E	4122393	0.65746	0.313126	0.0294142
Muller_E	4122818	0.65744	0.313141	0.029419
Muller_E	4124318	0.657373	0.313191	0.0294362
Muller_E	4124418	0.657368	0.313194	0.0294373
Muller_E	4126492	0.657275	0.313264	0.0294611
Muller_E	4127527	0.657228	0.313299	0.0294729
Muller_E	4127720	0.657219	0.313305	0.0294751
Muller_E	4128101	0.657202	0.313318	0.0294795
Muller_E	4128234	0.657196	0.313323	0.029481
Muller_E	4130334	0.657102	0.313393	0.029505
Muller_E	4132221	0.657017	0.313457	0.0295266
Muller_E	4134741	0.656903	0.313541	0.0295555
Muller_E	4134982	0.656892	0.313549	0.0295582
Muller_E	4136547	0.656822	0.313602	0.0295762
Muller_E	4140224	0.656657	0.313725	0.0296183
Muller_E	4140902	0.656626	0.313748	0.029626
Muller_E	4141485	0.6566	0.313767	0.0296327
Muller_E	4143836	0.656494	0.313846	0.0296596
Muller_E	4144350	0.656471	0.313863	0.0296655
Muller_E	4144848	0.656449	0.31388	0.0296712
Muller_E	4150850	0.656179	0.314081	0.02974
Muller_E	4151927	0.656131	0.314117	0.0297523
Muller_E	4154621	0.65601	0.314207	0.0297832
Muller_E	4159745	0.65578	0.314378	0.0298419
Muller_E	4159958	0.65577	0.314386	0.0298443
Muller_E	4160923	0.655727	0.314418	0.0298554
Muller_E	4161787	0.655688	0.314447	0.0298653
Muller_E	4162162	0.655671	0.314459	0.0298696
Muller_E	4163984	0.65559	0.31452	0.0298905
Muller_E	4164218	0.655579	0.314528	0.0298932
Muller_E	4164859	0.65555	0.314549	0.0299005
Muller_E	4165033	0.655542	0.314555	0.0299025
Muller_E	4165157	0.655537	0.314559	0.0299039
Muller_E	4165383	0.655527	0.314567	0.0299065
Muller_E	4165808	0.655508	0.314581	0.0299114
Muller_E	4165958	0.655501	0.314586	0.0299131
Muller_E	4166062	0.655496	0.314589	0.0299143
Muller_E	4166243	0.655488	0.314595	0.0299164
Muller_E	4166628	0.655471	0.314608	0.0299208
Muller_E	4168755	0.655376	0.314679	0.0299452
Muller_E	4172546	0.655206	0.314806	0.0299886
Muller_E	4172827	0.655193	0.314815	0.0299919
Muller_E	4173860	0.655147	0.314849	0.0300037
Muller_E	4176100	0.655047	0.314924	0.0300294
Muller_E	4176326	0.655036	0.314932	0.030032
Muller_E	4176826	0.655014	0.314948	0.0300377
Muller_E	4177022	0.655005	0.314955	0.03004
Muller_E	4178339	0.654946	0.314999	0.0300551
Muller_E	4178608	0.654934	0.315008	0.0300581
Muller_E	4179326	0.654902	0.315031	0.0300664
Muller_E	4180712	0.65484	0.315078	0.0300823
Muller_E	4180966	0.654829	0.315086	0.0300852
Muller_E	4184926	0.654652	0.315218	0.0301306
Muller_E	4185178	0.65464	0.315226	0.0301335
Muller_E	4185319	0.654634	0.315231	0.0301351
Muller_E	4185532	0.654624	0.315238	0.0301376
Muller_E	4187632	0.654531	0.315308	0.0301617
Muller_E	4188227	0.654504	0.315328	0.0301685
Muller_E	4188670	0.654484	0.315342	0.0301736
Muller_E	4192621	0.654308	0.315474	0.0302189
Muller_E	4193546	0.654266	0.315504	0.0302295
Muller_E	4194407	0.654228	0.315533	0.0302394
Muller_E	4195783	0.654166	0.315579	0.0302552
Muller_E	4196010	0.654156	0.315586	0.0302578
Muller_E	4197440	0.654092	0.315634	0.0302742
Muller_E	4198223	0.654057	0.31566	0.0302832
Muller_E	4199021	0.654022	0.315686	0.0302924
Muller_E	4199203	0.654014	0.315692	0.0302945
Muller_E	4199424	0.654004	0.315699	0.030297
Muller_E	4199639	0.653994	0.315707	0.0302995
Muller_E	4199983	0.653979	0.315718	0.0303034
Muller_E	4203293	0.653831	0.315828	0.0303414
Muller_E	4205814	0.653718	0.315911	0.0303704
Muller_E	4206134	0.653704	0.315922	0.030374
Muller_E	4207588	0.653639	0.31597	0.0303907
Muller_E	4210680	0.653501	0.316072	0.0304262
Muller_E	4210928	0.65349	0.316081	0.0304291
Muller_E	4211312	0.653473	0.316093	0.0304335
Muller_E	4211755	0.653453	0.316108	0.0304386
Muller_E	4213444	0.653378	0.316164	0.030458
Muller_E	4216650	0.653235	0.31627	0.0304948
Muller_E	4217058	0.653217	0.316283	0.0304995
Muller_E	4217453	0.6532	0.316296	0.030504
Muller_E	4217565	0.653195	0.3163	0.0305053
Muller_E	4217669	0.65319	0.316304	0.0305065
Muller_E	4217825	0.653183	0.316309	0.0305083
Muller_E	4218923	0.653134	0.316345	0.0305209
Muller_E	4225215	0.652854	0.316553	0.0305932
Muller_E	4232774	0.652518	0.316802	0.0306801
Muller_E	4235298	0.652405	0.316886	0.0307091
Muller_E	4245993	0.65193	0.317238	0.030832
Muller_E	4252835	0.651627	0.317463	0.0309107
Muller_E	4253725	0.651587	0.317492	0.030921
Muller_E	4256197	0.651478	0.317573	0.0309494
Muller_E	4261234	0.651254	0.317738	0.0310074
Muller_E	4262892	0.651181	0.317793	0.0310264
Muller_E	4263238	0.651165	0.317804	0.0310304
Muller_E	4263588	0.65115	0.317816	0.0310345
Muller_E	4264621	0.651104	0.317849	0.0310463
Muller_E	4266950	0.651001	0.317926	0.0310731
Muller_E	4267529	0.650975	0.317945	0.0310798
Muller_E	4276223	0.650591	0.318229	0.0311799
Muller_E	4311688	0.649026	0.319386	0.0315885
Muller_E	4311965	0.649013	0.319395	0.0315917
Muller_E	4312254	0.649001	0.319404	0.031595
Muller_E	4312510	0.648989	0.319413	0.031598
Muller_E	4334492	0.648023	0.320126	0.0318515
Muller_E	4352032	0.647253	0.320693	0.0320539
Muller_E	4353438	0.647192	0.320738	0.0320702
Muller_E	4356857	0.647042	0.320848	0.0321096
Muller_E	4360054	0.646902	0.320951	0.0321466
Muller_E	4374783	0.646258	0.321425	0.0323167
Muller_E	4374946	0.646251	0.321431	0.0323186
Muller_E	4381350	0.645971	0.321636	0.0323926
Muller_E	4558836	0.638306	0.327244	0.03445
Muller_E	4562012	0.63817	0.327343	0.0344869
Muller_E	4564083	0.638082	0.327407	0.034511
Muller_E	4564194	0.638077	0.327411	0.0345123
Muller_E	4568491	0.637894	0.327544	0.0345622
Muller_E	4569115	0.637867	0.327564	0.0345695
Muller_E	4569749	0.63784	0.327583	0.0345769
Muller_E	4570340	0.637815	0.327602	0.0345837
Muller_E	4571890	0.637749	0.32765	0.0346018
Muller_E	4572624	0.637717	0.327672	0.0346103
Muller_E	4573491	0.63768	0.327699	0.0346204
Muller_E	4573809	0.637667	0.327709	0.0346241
Muller_E	4577361	0.637515	0.327819	0.0346654
Muller_E	4577462	0.637511	0.327822	0.0346666
Muller_E	4578308	0.637475	0.327849	0.0346764
Muller_E	4580664	0.637375	0.327922	0.0347038
Muller_E	4580954	0.637362	0.327931	0.0347072
Muller_E	4581769	0.637328	0.327956	0.0347167
Muller_E	4581909	0.637322	0.32796	0.0347183
Muller_E	4583019	0.637274	0.327995	0.0347312
Muller_E	4583393	0.637258	0.328006	0.0347356
Muller_E	4583516	0.637253	0.32801	0.034737
Muller_E	4584473	0.637212	0.32804	0.0347481
Muller_E	4589180	0.637012	0.328185	0.0348029
Muller_E	4590247	0.636967	0.328218	0.0348153
Muller_E	4591539	0.636912	0.328258	0.0348303
Muller_E	4593253	0.636839	0.328311	0.0348503
Muller_E	4593508	0.636828	0.328319	0.0348532
Muller_E	4593974	0.636808	0.328333	0.0348587
Muller_E	4595111	0.63676	0.328368	0.0348719
Muller_E	4595303	0.636751	0.328374	0.0348741
Muller_E	4597548	0.636656	0.328444	0.0349003
Muller_E	4597833	0.636644	0.328453	0.0349036
Muller_E	4600306	0.636539	0.328529	0.0349324
Muller_E	4607273	0.636243	0.328744	0.0350134
Muller_E	4607398	0.636237	0.328748	0.0350149
Muller_E	4610441	0.636108	0.328841	0.0350503
Muller_E	4611041	0.636083	0.32886	0.0350573
Muller_E	4611562	0.636061	0.328876	0.0350634
Muller_E	4611697	0.636055	0.32888	0.035065
Muller_E	4612447	0.636023	0.328903	0.0350737
Muller_E	4612733	0.636011	0.328912	0.035077
Muller_E	4612927	0.636003	0.328918	0.0350793
Muller_E	4613148	0.635993	0.328925	0.0350818
Muller_E	4614502	0.635936	0.328966	0.0350976
Muller_E	4615888	0.635877	0.329009	0.0351138
Muller_E	4616173	0.635865	0.329018	0.0351171
Muller_E	4616508	0.635851	0.329028	0.035121
Muller_E	4616663	0.635844	0.329033	0.0351228
Muller_E	4618190	0.63578	0.32908	0.0351406
Muller_E	4619781	0.635712	0.329129	0.0351591
Muller_E	4622166	0.635611	0.329202	0.0351869
Muller_E	4626314	0.635435	0.32933	0.0352352
Muller_E	4626864	0.635412	0.329347	0.0352416
Muller_E	4627368	0.635391	0.329362	0.0352475
Muller_E	4627488	0.635385	0.329366	0.0352488
Muller_E	4633961	0.635111	0.329564	0.0353243
Muller_E	4635834	0.635032	0.329622	0.0353461
Muller_E	4636452	0.635006	0.329641	0.0353533
Muller_E	4637295	0.63497	0.329667	0.0353631
Muller_E	4640891	0.634818	0.329777	0.035405
Muller_E	4645727	0.634614	0.329925	0.0354614
Muller_E	4646376	0.634586	0.329945	0.0354689
Muller_E	4646798	0.634568	0.329958	0.0354738
Muller_E	4653320	0.634293	0.330157	0.0355499
Muller_E	4656520	0.634158	0.330255	0.0355872
Muller_E	4672665	0.633477	0.330748	0.0357754
Muller_E	4674140	0.633415	0.330792	0.0357926
Muller_E	4675745	0.633347	0.330841	0.0358113
Muller_E	4676485	0.633316	0.330864	0.03582
Muller_E	4677110	0.63329	0.330883	0.0358273
Muller_E	4677655	0.633267	0.3309	0.0358336
Muller_E	4678986	0.633211	0.33094	0.0358491
Muller_E	4680223	0.633159	0.330978	0.0358636
Muller_E	4682403	0.633067	0.331044	0.035889
Muller_E	4682621	0.633058	0.331051	0.0358915
Muller_E	4684270	0.632988	0.331101	0.0359108
Muller_E	4685491	0.632937	0.331138	0.035925
Muller_E	4686019	0.632915	0.331154	0.0359312
Muller_E	4687101	0.632869	0.331187	0.0359438
Muller_E	4689628	0.632763	0.331264	0.0359733
Muller_E	4690052	0.632745	0.331276	0.0359782
Muller_E	4690344	0.632733	0.331285	0.0359817
Muller_E	4690905	0.632709	0.331302	0.0359882
Muller_E	4691125	0.6327	0.331309	0.0359908
Muller_E	4691712	0.632676	0.331327	0.0359976
Muller_E	4691999	0.632664	0.331336	0.036001
Muller_E	4692111	0.632659	0.331339	0.0360023
Muller_E	4693234	0.632612	0.331373	0.0360154
Muller_E	4693620	0.632595	0.331385	0.0360199
Muller_E	4693753	0.63259	0.331389	0.0360214
Muller_E	4694021	0.632579	0.331397	0.0360246
Muller_E	4694592	0.632555	0.331414	0.0360312
Muller_E	4696429	0.632477	0.33147	0.0360527
Muller_E	4696792	0.632462	0.331481	0.0360569
Muller_E	4699402	0.632353	0.33156	0.0360874
Muller_E	4700957	0.632287	0.331607	0.0361055
Muller_E	4702606	0.632218	0.331657	0.0361248
Muller_E	4708142	0.631986	0.331825	0.0361894
Muller_E	4712097	0.63182	0.331945	0.0362356
Muller_E	4713898	0.631744	0.331999	0.0362566
Muller_E	4714194	0.631732	0.332008	0.03626
Muller_E	4717094	0.63161	0.332096	0.0362939
Muller_E	4717794	0.631581	0.332117	0.0363021
Muller_E	4720564	0.631465	0.3322	0.0363344
Muller_E	4722390	0.631389	0.332256	0.0363557
Muller_E	4727534	0.631173	0.332411	0.0364158
Muller_E	4730688	0.631041	0.332506	0.0364527
Muller_E	4731377	0.631013	0.332527	0.0364607
Muller_E	4732944	0.630947	0.332574	0.036479
Muller_E	4738342	0.630721	0.332737	0.0365421
Muller_E	4739398	0.630677	0.332768	0.0365544
Muller_E	4742492	0.630548	0.332861	0.0365906
Muller_E	4745718	0.630413	0.332958	0.0366283
Muller_E	4746457	0.630382	0.332981	0.0366369
Muller_E	4748015	0.630317	0.333027	0.0366551
Muller_E	4748352	0.630303	0.333038	0.0366591
Muller_E	4748630	0.630292	0.333046	0.0366623
Muller_E	4751071	0.63019	0.333119	0.0366908
Muller_E	4751685	0.630164	0.333138	0.036698
Muller_E	4751817	0.630159	0.333142	0.0366995
Muller_E	4752607	0.630126	0.333165	0.0367088
Muller_E	4752773	0.630119	0.33317	0.0367107
Muller_E	4753826	0.630075	0.333202	0.036723
Muller_E	4754671	0.63004	0.333227	0.0367329
Muller_E	4756619	0.629958	0.333286	0.0367557
Muller_E	4759191	0.629851	0.333363	0.0367857
Muller_E	4761262	0.629765	0.333425	0.0368099
Muller_E	4761866	0.62974	0.333443	0.036817
Muller_E	4761985	0.629735	0.333447	0.0368184
Muller_E	4763545	0.62967	0.333494	0.0368366
Muller_E	4764509	0.62963	0.333522	0.0368479
Muller_E	4765595	0.629584	0.333555	0.0368606
Muller_E	4766291	0.629555	0.333576	0.0368687
Muller_E	4766501	0.629547	0.333582	0.0368712
Muller_E	4767354	0.629511	0.333608	0.0368812
Muller_E	4769627	0.629417	0.333676	0.0369077
Muller_E	4769950	0.629403	0.333685	0.0369115
Muller_E	4772288	0.629306	0.333755	0.0369389
Muller_E	4773763	0.629244	0.333799	0.0369561
Muller_E	4773963	0.629236	0.333805	0.0369585
Muller_E	4774375	0.629219	0.333818	0.0369633
Muller_E	4774957	0.629195	0.333835	0.0369701
Muller_E	4775479	0.629173	0.333851	0.0369762
Muller_E	4776619	0.629126	0.333885	0.0369895
Muller_E	4779373	0.629011	0.333967	0.0370217
Muller_E	4781913	0.628905	0.334043	0.0370514
Muller_E	4782620	0.628876	0.334064	0.0370597
Muller_E	4783326	0.628847	0.334085	0.037068
Muller_E	4786044	0.628734	0.334166	0.0370997
Muller_E	4786690	0.628707	0.334186	0.0371073
Muller_E	4789453	0.628592	0.334268	0.0371396
Muller_E	4790377	0.628554	0.334296	0.0371504
Muller_E	4792360	0.628472	0.334355	0.0371736
Muller_E	4792549	0.628464	0.33436	0.0371758
Muller_E	4792702	0.628457	0.334365	0.0371776
Muller_E	4822723	0.627213	0.335258	0.037529
Muller_E	4832155	0.626823	0.335537	0.0376394
Muller_E	4834924	0.626709	0.335619	0.0376719
Muller_E	4838041	0.62658	0.335711	0.0377084
Muller_E	4839031	0.62654	0.33574	0.03772
Muller_E	4840034	0.626498	0.33577	0.0377317
Muller_E	4843722	0.626346	0.335879	0.0377749
Muller_E	4844215	0.626326	0.335894	0.0377807
Muller_E	4846930	0.626214	0.335974	0.0378125
Muller_E	4847984	0.62617	0.336005	0.0378248
Muller_E	4849699	0.626099	0.336056	0.0378449
Muller_E	4849916	0.626091	0.336062	0.0378475
Muller_E	4850646	0.62606	0.336084	0.037856
Muller_E	4851102	0.626042	0.336097	0.0378614
Muller_E	4851280	0.626034	0.336102	0.0378635
Muller_E	4852753	0.625974	0.336146	0.0378807
Muller_E	4853630	0.625937	0.336172	0.037891
Muller_E	4855355	0.625866	0.336222	0.0379112
Muller_E	4859608	0.625691	0.336348	0.037961
Muller_E	4860728	0.625645	0.336381	0.0379742
Muller_E	4862947	0.625554	0.336446	0.0380002
Muller_E	4865598	0.625445	0.336524	0.0380312
Muller_E	4865718	0.62544	0.336528	0.0380326
Muller_E	4866182	0.625421	0.336541	0.0380381
Muller_E	4867670	0.625359	0.336585	0.0380555
Muller_E	4869382	0.625289	0.336635	0.0380756
Muller_E	4875634	0.625032	0.336819	0.0381489
Muller_E	4875860	0.625023	0.336826	0.0381515
Muller_E	4876983	0.624977	0.336859	0.0381647
Muller_E	4877350	0.624962	0.336869	0.038169
Muller_E	4878065	0.624932	0.33689	0.0381774
Muller_E	4879381	0.624878	0.336929	0.0381928
Muller_E	4880635	0.624827	0.336966	0.0382075
Muller_E	4881487	0.624792	0.336991	0.0382175
Muller_E	4881936	0.624773	0.337004	0.0382228
Muller_E	4884468	0.624669	0.337078	0.0382524
Muller_E	4888342	0.62451	0.337192	0.0382979
Muller_E	4889910	0.624446	0.337238	0.0383163
Muller_E	4890915	0.624405	0.337267	0.038328
Muller_E	4891113	0.624397	0.337273	0.0383304
Muller_E	4891366	0.624386	0.33728	0.0383333
Muller_E	4891615	0.624376	0.337288	0.0383362
