chrom	position	2,0	1,1	0,2
Muller_E	62882	0.0852062	0.506807	0.407987
Muller_E	267432	0.0766298	0.520934	0.402436
Muller_E	441230	0.0692886	0.532959	0.397753
Muller_E	511157	0.0663193	0.537805	0.395875
Muller_E	557879	0.0643301	0.541047	0.394623
Muller_E	581000	0.0633442	0.542652	0.394004
Muller_E	709108	0.057861	0.55156	0.390579
Muller_E	768129	0.0553229	0.555673	0.389004
Muller_E	785241	0.0545856	0.556867	0.388548
Muller_E	787322	0.0544959	0.557012	0.388492
Muller_E	787424	0.0544915	0.557019	0.38849
Muller_E	788173	0.0544592	0.557071	0.38847
Muller_E	788750	0.0544343	0.557112	0.388454
Muller_E	788860	0.0544296	0.557119	0.388451
Muller_E	791823	0.0543018	0.557326	0.388372
Muller_E	802257	0.0538517	0.558054	0.388094
Muller_E	893794	0.0498925	0.564452	0.385656
Muller_E	894300	0.0498706	0.564487	0.385642
Muller_E	896281	0.0497847	0.564626	0.385589
Muller_E	897287	0.049741	0.564696	0.385563
Muller_E	897987	0.0497107	0.564745	0.385544
Muller_E	901015	0.0495793	0.564957	0.385463
Muller_E	901718	0.0495488	0.565006	0.385445
Muller_E	923408	0.0486073	0.566525	0.384867
Muller_E	923675	0.0485957	0.566544	0.38486
Muller_E	924320	0.0485677	0.566589	0.384843
Muller_E	927795	0.0484168	0.566833	0.384751
Muller_E	948021	0.0475376	0.56825	0.384212
Muller_E	948230	0.0475285	0.568265	0.384207
Muller_E	958531	0.0470803	0.568987	0.383933
Muller_E	967701	0.0466812	0.56963	0.383689
Muller_E	969142	0.0466184	0.569731	0.383651
Muller_E	1033237	0.0438222	0.574232	0.381946
Muller_E	1120573	0.0399949	0.580381	0.379624
Muller_E	1123171	0.0398808	0.580564	0.379555
Muller_E	1146845	0.0388397	0.582234	0.378926
Muller_E	1148492	0.0387672	0.58235	0.378882
Muller_E	1168315	0.0378942	0.58375	0.378355
Muller_E	1213395	0.0359049	0.586938	0.377157
Muller_E	1262309	0.03374	0.590403	0.375857
Muller_E	1275111	0.0331722	0.591311	0.375517
Muller_E	1275707	0.0331458	0.591353	0.375501
Muller_E	1314313	0.0314308	0.594094	0.374475
Muller_E	1318297	0.0312536	0.594377	0.374369
Muller_E	1358440	0.0294652	0.597233	0.373302
Muller_E	1358616	0.0294574	0.597245	0.373297
Muller_E	1378824	0.0285553	0.598685	0.37276
Muller_E	1480336	0.0240052	0.605936	0.370059
Muller_E	1489232	0.023605	0.606573	0.369822
Muller_E	1645912	0.0165141	0.61784	0.365646
Muller_E	1673398	0.0152618	0.619826	0.364912
Muller_E	1718642	0.0131951	0.623102	0.363703
Muller_E	1746815	0.0119046	0.625145	0.36295
Muller_E	1763447	0.0111415	0.626353	0.362505
Muller_E	1765039	0.0110684	0.626469	0.362463
Muller_E	1765159	0.0110629	0.626478	0.362459
Muller_E	1765369	0.0110532	0.626493	0.362454
Muller_E	1771226	0.0107842	0.626919	0.362297
Muller_E	1799036	0.00950531	0.628942	0.361553
Muller_E	1802542	0.00934388	0.629197	0.361459
Muller_E	1802678	0.00933762	0.629207	0.361455
Muller_E	1803039	0.009321	0.629233	0.361446
Muller_E	1803347	0.00930681	0.629256	0.361437
Muller_E	1805518	0.00920683	0.629414	0.361379
Muller_E	1812938	0.00886498	0.629955	0.36118
Muller_E	1813040	0.00886028	0.629962	0.361178
Muller_E	1815234	0.00875916	0.630122	0.361119
Muller_E	1815907	0.00872813	0.630171	0.361101
Muller_E	1816383	0.00870619	0.630206	0.361088
Muller_E	1831501	0.00800889	0.631308	0.360683
Muller_E	1850978	0.00710934	0.63273	0.360161
Muller_E	1851905	0.00706649	0.632797	0.360136
Muller_E	1852166	0.00705443	0.632816	0.360129
Muller_E	1857635	0.00680158	0.633216	0.359982
Muller_E	1861157	0.00663868	0.633473	0.359888
Muller_E	1861336	0.0066304	0.633486	0.359883
Muller_E	1861880	0.00660524	0.633526	0.359869
Muller_E	1866595	0.00638709	0.633871	0.359742
Muller_E	1870209	0.00621982	0.634135	0.359645
Muller_E	1871973	0.000986907	0.495256	0.503757
Muller_E	1880064	0.0060736	0.634916	0.35901
Muller_E	1889333	0.00599926	0.635664	0.358337
Muller_E	1891195	0.00598427	0.635814	0.358201
Muller_E	1894320	0.00595909	0.636066	0.357974
Muller_E	1900363	0.00591026	0.636554	0.357535
Muller_E	1904375	0.00587775	0.636879	0.357244
Muller_E	1915469	0.00578744	0.637775	0.356437
Muller_E	1927060	0.00569247	0.638713	0.355594
Muller_E	1932459	0.00564802	0.63915	0.355202
Muller_E	1944351	0.00554961	0.640114	0.354336
Muller_E	1946702	0.00553007	0.640305	0.354165
Muller_E	1961660	0.00540516	0.641518	0.353077
Muller_E	1975567	0.00528806	0.642648	0.352064
Muller_E	2011856	0.00497812	0.645602	0.34942
Muller_E	2013122	0.00496719	0.645705	0.349328
Muller_E	2044597	0.004693	0.648275	0.347032
Muller_E	2048236	0.00466099	0.648572	0.346767
Muller_E	2048434	0.00465925	0.648589	0.346752
Muller_E	2086567	0.00431985	0.651712	0.343968
Muller_E	2103366	0.00416806	0.653092	0.34274
Muller_E	2117584	0.00107035	0.532879	0.466051
Muller_E	2126123	0.00403754	0.655407	0.340556
Muller_E	2135792	0.00403605	0.656705	0.339259
Muller_E	2140907	0.00403508	0.657392	0.338573
Muller_E	2141169	0.00403503	0.657427	0.338538
Muller_E	2142715	0.00403472	0.657635	0.338331
Muller_E	2145389	0.00403414	0.657994	0.337972
Muller_E	2146953	0.00403379	0.658204	0.337762
Muller_E	2147057	0.00403377	0.658218	0.337748
Muller_E	2201852	0.00401434	0.66559	0.330396
Muller_E	2204792	0.0040129	0.665986	0.330001
Muller_E	2219543	0.00400508	0.667975	0.32802
Muller_E	2220290	0.00400465	0.668075	0.32792
Muller_E	2241628	0.00399145	0.670954	0.325054
Muller_E	2243471	0.00399021	0.671203	0.324807
Muller_E	2531559	0.00359126	0.7104	0.286008
Muller_E	2693610	0.00317879	0.73274	0.264081
Muller_E	2696554	0.00316998	0.733148	0.263682
Muller_E	2706179	0.00314085	0.734482	0.262377
Muller_E	2713009	0.00311987	0.73543	0.261451
Muller_E	2716202	0.00310998	0.735873	0.261017
Muller_E	2721440	0.00309362	0.7366	0.260307
Muller_E	2735475	0.00304904	0.738549	0.258402
Muller_E	2763120	0.00295801	0.742393	0.254649
Muller_E	2777976	0.00290733	0.744462	0.252631
Muller_E	2779619	0.00290164	0.74469	0.252408
Muller_E	2787347	0.00287471	0.745768	0.251358
Muller_E	2788916	0.0028692	0.745986	0.251144
Muller_E	2795398	0.00284629	0.74689	0.250263
Muller_E	2798296	0.00283598	0.747295	0.249869
Muller_E	2799305	0.00283237	0.747435	0.249732
Muller_E	2800245	0.00282901	0.747566	0.249605
Muller_E	2800507	0.00282807	0.747603	0.249569
Muller_E	2800780	0.00282709	0.747641	0.249532
Muller_E	2800932	0.00282655	0.747662	0.249511
Muller_E	2801158	0.00282574	0.747694	0.24948
Muller_E	2805736	0.00280927	0.748333	0.248858
Muller_E	2807233	0.00280385	0.748542	0.248654
Muller_E	2807795	0.00280182	0.74862	0.248578
Muller_E	2808363	0.00279976	0.748699	0.248501
Muller_E	2809031	0.00279734	0.748793	0.24841
Muller_E	2809272	0.00279646	0.748826	0.248377
Muller_E	2809909	0.00279415	0.748915	0.248291
Muller_E	2811470	0.00278847	0.749133	0.248078
Muller_E	2811776	0.00278735	0.749176	0.248037
Muller_E	2812117	0.00278611	0.749224	0.24799
Muller_E	2815676	0.00277309	0.749721	0.247506
Muller_E	2816259	0.00277095	0.749802	0.247427
Muller_E	2817070	0.00276797	0.749915	0.247317
Muller_E	2817616	0.00276596	0.749992	0.247242
Muller_E	2819402	0.00275938	0.750241	0.246999
Muller_E	2820166	0.00275656	0.750348	0.246896
Muller_E	2820386	0.006529	0.951975	0.0414961
Muller_E	2820775	0.00275224	0.750374	0.246874
Muller_E	2821135	0.002749	0.750369	0.246882
Muller_E	2821440	0.00274625	0.750366	0.246888
Muller_E	2826939	0.00269657	0.750298	0.247005
Muller_E	2831172	0.00265822	0.750246	0.247095
Muller_E	2831515	0.00265511	0.750242	0.247103
Muller_E	2832336	0.00264766	0.750232	0.24712
Muller_E	2833070	0.00264099	0.750223	0.247136
Muller_E	2850717	0.00247986	0.750009	0.247511
Muller_E	2853215	0.00245692	0.749979	0.247564
Muller_E	2856496	0.00242673	0.74994	0.247634
Muller_E	2856945	0.00242259	0.749934	0.247643
Muller_E	2857481	0.00241765	0.749928	0.247654
Muller_E	2858163	0.00241136	0.74992	0.247669
Muller_E	2859754	0.00239669	0.749901	0.247703
Muller_E	2859987	0.00239454	0.749898	0.247708
Muller_E	2862604	0.00237036	0.749867	0.247763
Muller_E	2866488	0.00233441	0.74982	0.247845
Muller_E	2867267	0.00232719	0.749811	0.247862
Muller_E	2868557	0.00231523	0.749796	0.247889
Muller_E	2870085	0.00230105	0.749778	0.247921
Muller_E	2870623	0.00229605	0.749771	0.247933
Muller_E	2876155	0.00224458	0.749706	0.24805
Muller_E	2877151	0.0022353	0.749694	0.248071
Muller_E	2886067	0.00215194	0.749589	0.248259
Muller_E	2886534	0.00214756	0.749583	0.248269
Muller_E	2887599	0.00213757	0.749571	0.248291
Muller_E	2887882	0.00213491	0.749568	0.248297
Muller_E	2888492	0.00212919	0.749561	0.24831
Muller_E	2888607	0.00212811	0.749559	0.248313
Muller_E	2890000	0.00211503	0.749543	0.248342
Muller_E	2890387	0.00211139	0.749538	0.24835
Muller_E	2890907	0.0021065	0.749532	0.248361
Muller_E	2894764	0.0020702	0.749487	0.248442
Muller_E	2899098	0.00202932	0.749437	0.248534
Muller_E	2901481	0.00200679	0.749409	0.248584
Muller_E	2901643	0.00200526	0.749407	0.248587
Muller_E	2902627	0.00199595	0.749396	0.248608
Muller_E	2903432	0.00198833	0.749387	0.248625
Muller_E	2904998	0.00197349	0.749369	0.248658
Muller_E	2905994	0.00196405	0.749357	0.248679
Muller_E	2907134	0.00195324	0.749344	0.248703
Muller_E	2908511	0.00194016	0.749328	0.248732
Muller_E	2909452	0.00193122	0.749317	0.248752
Muller_E	2910160	0.0019245	0.749309	0.248766
Muller_E	2911022	0.0019163	0.749299	0.248785
Muller_E	2911252	0.00191411	0.749296	0.248789
Muller_E	2911992	0.00190707	0.749288	0.248805
Muller_E	2914672	0.00188155	0.749257	0.248861
Muller_E	2915489	0.00187376	0.749248	0.248878
Muller_E	2918585	0.00184421	0.749212	0.248943
Muller_E	2919015	0.0018401	0.749207	0.248952
Muller_E	2919728	0.00183329	0.749199	0.248967
Muller_E	2919971	0.00183096	0.749197	0.248972
Muller_E	2921506	0.00181628	0.749179	0.249005
Muller_E	2922564	0.00180615	0.749167	0.249027
Muller_E	2922707	0.00180478	0.749165	0.24903
Muller_E	2924226	0.00179023	0.749148	0.249062
Muller_E	2925108	0.00178178	0.749138	0.24908
Muller_E	2925552	0.00177752	0.749133	0.24909
Muller_E	2928855	0.00174581	0.749095	0.249159
Muller_E	2930674	0.00172832	0.749075	0.249197
Muller_E	2931258	0.0017227	0.749068	0.249209
Muller_E	2931592	0.00171949	0.749064	0.249216
Muller_E	2931798	0.00171751	0.749062	0.24922
Muller_E	2932326	0.00171242	0.749056	0.249231
Muller_E	2945623	0.00158391	0.748907	0.24951
Muller_E	2945753	0.00158265	0.748905	0.249512
Muller_E	2945878	0.00158144	0.748904	0.249515
Muller_E	2946001	0.00158024	0.748902	0.249517
Muller_E	2955783	0.00148506	0.748793	0.249722
Muller_E	2957997	0.00146344	0.748769	0.249768
Muller_E	2959282	0.00145088	0.748755	0.249795
Muller_E	2959697	0.00144683	0.74875	0.249803
Muller_E	2959819	0.00144563	0.748749	0.249806
Muller_E	2960759	0.00143644	0.748738	0.249825
Muller_E	2961667	0.00142755	0.748728	0.249844
Muller_E	2961801	0.00142624	0.748727	0.249847
Muller_E	2963254	0.00141201	0.748711	0.249877
Muller_E	2963568	0.00140893	0.748707	0.249884
Muller_E	2975263	0.00129394	0.748579	0.250127
Muller_E	2976725	0.00127952	0.748563	0.250158
Muller_E	2977784	0.00126906	0.748551	0.25018
Muller_E	2982473	0.00122268	0.7485	0.250277
Muller_E	2984283	0.00120474	0.748481	0.250315
Muller_E	2985483	0.00119284	0.748468	0.25034
Muller_E	2985658	0.00119111	0.748466	0.250343
Muller_E	2985908	0.00118863	0.748463	0.250348
Muller_E	2987685	0.00117098	0.748444	0.250385
Muller_E	2992894	0.00111917	0.748388	0.250493
Muller_E	2993313	0.001115	0.748383	0.250502
Muller_E	2993798	0.00111016	0.748378	0.250512
Muller_E	2994137	0.00110678	0.748374	0.250519
Muller_E	2994487	0.00110329	0.74837	0.250526
Muller_E	2994615	0.00110202	0.748369	0.250529
Muller_E	2995123	0.00109695	0.748364	0.250539
Muller_E	2995701	0.00109119	0.748357	0.250551
Muller_E	2996048	0.00108772	0.748354	0.250559
Muller_E	2996738	0.00108084	0.748346	0.250573
Muller_E	2996880	0.00107942	0.748345	0.250576
Muller_E	2997113	0.00107709	0.748342	0.250581
Muller_E	2999116	0.00105708	0.748321	0.250622
Muller_E	2999459	0.00105365	0.748317	0.250629
Muller_E	3001420	0.00103404	0.748296	0.25067
Muller_E	3001578	0.00103246	0.748294	0.250673
Muller_E	3001696	0.00103128	0.748293	0.250676
Muller_E	3002579	0.00102244	0.748284	0.250694
Muller_E	3003095	0.00101727	0.748278	0.250705
Muller_E	3003540	0.00101281	0.748273	0.250714
Muller_E	3004120	0.001007	0.748267	0.250726
Muller_E	3005221	0.000995959	0.748256	0.250749
Muller_E	3007967	0.000968398	0.748226	0.250805
Muller_E	3012773	0.000920062	0.748175	0.250905
Muller_E	3013331	0.000914442	0.748169	0.250916
Muller_E	3013618	0.000911551	0.748166	0.250922
Muller_E	3014080	0.000906895	0.748161	0.250932
Muller_E	3014783	0.000899809	0.748154	0.250946
Muller_E	3016296	0.000884549	0.748138	0.250977
Muller_E	3017214	0.000875284	0.748128	0.250996
Muller_E	3018320	0.000864116	0.748117	0.251019
Muller_E	3018982	0.000857428	0.74811	0.251033
Muller_E	3019303	0.000854184	0.748106	0.251039
Muller_E	3019831	0.000848847	0.748101	0.25105
Muller_E	3021834	0.000828587	0.74808	0.251092
Muller_E	3021944	0.000827474	0.748079	0.251094
Muller_E	3023127	0.000815497	0.748066	0.251118
Muller_E	3024474	0.00080185	0.748052	0.251146
Muller_E	3024813	0.000798414	0.748048	0.251153
Muller_E	3029421	0.000751646	0.748	0.251248
Muller_E	3029834	0.000747448	0.747996	0.251257
Muller_E	3030101	0.000744734	0.747993	0.251262
Muller_E	3033200	0.000713204	0.747961	0.251326
Muller_E	3033901	0.000706064	0.747954	0.25134
Muller_E	3034073	0.000704312	0.747952	0.251344
Muller_E	3036032	0.000684344	0.747931	0.251384
Muller_E	3038305	0.000661149	0.747908	0.251431
Muller_E	3041816	0.000625265	0.747872	0.251503
Muller_E	3044683	0.000595912	0.747842	0.251562
Muller_E	3046757	0.00057465	0.747821	0.251605
Muller_E	3046887	0.000573317	0.747819	0.251607
Muller_E	3047900	0.000562923	0.747809	0.251628
Muller_E	3048135	0.00056051	0.747807	0.251633
Muller_E	3050664	0.000534533	0.747781	0.251685
Muller_E	3051698	0.000523902	0.74777	0.251706
Muller_E	3051968	0.000521125	0.747767	0.251712
Muller_E	3052635	0.000514263	0.74776	0.251725
Muller_E	3053197	0.000508479	0.747755	0.251737
Muller_E	3056428	0.000475195	0.747722	0.251803
Muller_E	3056712	0.000472266	0.747719	0.251809
Muller_E	3058398	0.000454873	0.747702	0.251844
Muller_E	3059687	0.000441564	0.747688	0.25187
Muller_E	3061511	0.000422716	0.74767	0.251907
Muller_E	3062406	0.000413461	0.747661	0.251926
Muller_E	3062537	4.74899e-05	0.614718	0.385234
Muller_E	3100018	0.000384833	0.748229	0.251386
Muller_E	3100718	0.000384244	0.74824	0.251376
Muller_E	3112367	0.000374009	0.748419	0.251207
Muller_E	3112987	0.000373441	0.748429	0.251198
Muller_E	3113420	0.000373044	0.748436	0.251191
Muller_E	3116107	0.000370551	0.748477	0.251152
Muller_E	3119432	0.000367406	0.748529	0.251103
Muller_E	3119714	0.000367137	0.748534	0.251099
Muller_E	3120862	0.000366034	0.748551	0.251083
Muller_E	3122265	0.000364675	0.748573	0.251062
Muller_E	3123364	0.000363602	0.74859	0.251046
Muller_E	3124138	0.000362843	0.748603	0.251035
Muller_E	3127464	0.000359537	0.748655	0.250986
Muller_E	3128767	0.000358225	0.748675	0.250967
Muller_E	3128895	0.000358095	0.748677	0.250965
Muller_E	3129611	0.000357369	0.748688	0.250954
Muller_E	3129743	0.000357234	0.74869	0.250953
Muller_E	3130171	0.000356799	0.748697	0.250946
Muller_E	3131529	0.000355408	0.748718	0.250926
Muller_E	3137674	0.000348978	0.748815	0.250836
Muller_E	3139976	0.000346511	0.748851	0.250802
Muller_E	3143168	0.000343038	0.748901	0.250755
Muller_E	3169152	0.000312495	0.749315	0.250372
Muller_E	3170575	0.000310705	0.749338	0.250351
Muller_E	3173857	0.000306532	0.749391	0.250302
Muller_E	3192801	0.000281181	0.749698	0.250021
Muller_E	3194086	0.000279384	0.749719	0.250002
Muller_E	3194230	0.000279182	0.749721	0.249999
Muller_E	3207603	0.000259876	0.74994	0.2498
Muller_E	3207708	0.00025972	0.749942	0.249798
Muller_E	3208070	0.000259182	0.749948	0.249793
Muller_E	3208369	0.000258738	0.749953	0.249788
Muller_E	3208507	0.000258532	0.749955	0.249786
Muller_E	3208706	0.000258236	0.749959	0.249783
Muller_E	3210124	0.000256116	0.749982	0.249762
Muller_E	3211254	0.000254419	0.750001	0.249745
Muller_E	3212088	0.000253161	0.750014	0.249733
Muller_E	3216063	0.000247109	0.75008	0.249673
Muller_E	3216461	0.000246498	0.750086	0.249667
Muller_E	3217109	0.0002455	0.750097	0.249657
Muller_E	3217441	0.000244989	0.750103	0.249652
Muller_E	3217706	4.16977e-05	0.6259	0.374058
Muller_E	3217825	0.000244757	0.750113	0.249642
Muller_E	3218354	0.000245544	0.75014	0.249614
Muller_E	3219292	0.000246936	0.750189	0.249564
Muller_E	3219763	0.000247633	0.750213	0.249539
Muller_E	3221459	0.000250131	0.7503	0.249449
Muller_E	3222112	0.000251089	0.750334	0.249415
Muller_E	3223012	0.000252404	0.750381	0.249367
Muller_E	3223549	0.000253187	0.750408	0.249339
Muller_E	3224815	0.000255025	0.750474	0.249271
Muller_E	3226800	0.000257888	0.750576	0.249166
Muller_E	3229718	0.000262055	0.750727	0.249011
Muller_E	3240322	0.000276773	0.751275	0.248449
Muller_E	3240918	0.000277581	0.751305	0.248417
Muller_E	3241273	0.000278061	0.751324	0.248398
Muller_E	3247835	0.000286799	0.751663	0.24805
Muller_E	3251442	0.000291493	0.75185	0.247858
Muller_E	3252203	0.000292474	0.75189	0.247818
Muller_E	3254014	0.000294793	0.751984	0.247721
Muller_E	3254518	0.000295436	0.75201	0.247695
Muller_E	3255141	0.000296227	0.752042	0.247662
Muller_E	3255365	0.000296511	0.752054	0.24765
Muller_E	3259142	0.000301257	0.75225	0.247449
Muller_E	3259935	0.000302242	0.752291	0.247407
Muller_E	3262497	0.000305401	0.752424	0.24727
Muller_E	3263708	0.00030688	0.752487	0.247206
Muller_E	3264644	0.000308018	0.752536	0.247156
Muller_E	3266132	0.000309815	0.752613	0.247077
Muller_E	3266579	0.000310353	0.752636	0.247053
Muller_E	3266806	0.000310625	0.752648	0.247041
Muller_E	3269029	0.000313277	0.752764	0.246923
Muller_E	3271700	0.000316425	0.752903	0.246781
Muller_E	3271881	0.000316637	0.752912	0.246771
Muller_E	3273894	0.000318979	0.753017	0.246664
Muller_E	3275081	0.000320349	0.753079	0.246601
Muller_E	3275989	0.000321391	0.753126	0.246553
Muller_E	3278049	0.000323738	0.753233	0.246443
Muller_E	3280894	0.000326937	0.753382	0.246291
Muller_E	3282107	0.000328286	0.753445	0.246227
Muller_E	3282973	0.000329244	0.75349	0.246181
Muller_E	3284532	0.000330958	0.753571	0.246098
Muller_E	3291321	0.00033825	0.753926	0.245736
Muller_E	3291878	0.000338837	0.753955	0.245706
Muller_E	3293351	0.000340378	0.754032	0.245628
Muller_E	3293759	0.000340802	0.754053	0.245606
Muller_E	3304917	0.00035203	0.754637	0.245011
Muller_E	3306663	0.00035372	0.754728	0.244918
Muller_E	3306880	0.000353929	0.75474	0.244906
Muller_E	3310127	0.000357019	0.75491	0.244733
Muller_E	3312301	0.000359053	0.755024	0.244617
Muller_E	3312718	0.00035944	0.755046	0.244595
Muller_E	3318766	0.000364935	0.755363	0.244272
Muller_E	3323588	0.000369159	0.755616	0.244014
Muller_E	3324201	0.000369686	0.755649	0.243982
Muller_E	3324656	0.000370076	0.755673	0.243957
Muller_E	3325091	0.000370447	0.755695	0.243934
Muller_E	3326084	0.000371291	0.755748	0.243881
Muller_E	3326190	0.000371381	0.755753	0.243875
Muller_E	3330218	0.000374741	0.755965	0.24366
Muller_E	3334866	0.000378497	0.75621	0.243412
Muller_E	3337545	0.000380604	0.756351	0.243269
Muller_E	3340268	0.000382701	0.756494	0.243123
Muller_E	3340480	0.000382863	0.756506	0.243112
Muller_E	3410593	0.000421465	0.760227	0.239352
Muller_E	3431230	0.000427194	0.761332	0.238241
Muller_E	3437416	0.000428411	0.761664	0.237908
Muller_E	3456916	0.000430732	0.762713	0.236856
Muller_E	3457694	0.000430777	0.762755	0.236814
Muller_E	3459001	0.000430844	0.762825	0.236744
Muller_E	3462300	0.000430967	0.763003	0.236566
Muller_E	3464519	0.000431013	0.763123	0.236446
Muller_E	3464673	0.000431015	0.763131	0.236438
Muller_E	3477602	0.000430677	0.76383	0.235739
Muller_E	3525631	0.000420524	0.766441	0.233139
Muller_E	3546828	0.000411571	0.767601	0.231988
Muller_E	3557059	0.000406267	0.768162	0.231431
Muller_E	3566467	0.000400824	0.768679	0.23092
Muller_E	3572057	0.000397333	0.768987	0.230615
Muller_E	3572168	0.000397262	0.768993	0.230609
Muller_E	3579272	0.000392544	0.769385	0.230222
Muller_E	3579502	0.000392386	0.769398	0.23021
Muller_E	3582419	0.000390355	0.769559	0.230051
Muller_E	3590131	0.000384734	0.769985	0.229631
Muller_E	3605233	0.000372667	0.770821	0.228807
Muller_E	3610748	0.000367911	0.771126	0.228506
Muller_E	3611776	0.000367004	0.771183	0.22845
Muller_E	3615071	0.000364052	0.771366	0.22827
Muller_E	3617701	0.000361648	0.771513	0.228126
Muller_E	3617818	0.00036154	0.771519	0.228119
Muller_E	3617948	0.00036142	0.771526	0.228112
Muller_E	3623404	0.000356288	0.77183	0.227814
Muller_E	3630035	0.000349804	0.772199	0.227452
Muller_E	3631532	0.000348302	0.772282	0.22737
Muller_E	3634067	0.000345728	0.772423	0.227231
Muller_E	3642157	0.000337249	0.772875	0.226788
Muller_E	3643438	0.000335869	0.772946	0.226718
Muller_E	3645674	0.000333436	0.773071	0.226596
Muller_E	3652519	0.000325796	0.773453	0.226221
Muller_E	3655257	0.000322659	0.773607	0.226071
Muller_E	3657953	0.000319525	0.773758	0.225923
Muller_E	3660200	0.000316879	0.773883	0.2258
Muller_E	3665461	0.00031056	0.774178	0.225511
Muller_E	3670065	0.000304889	0.774436	0.225259
Muller_E	3757777	0.000171682	0.779399	0.220429
Muller_E	3766114	2.06927e-05	0.65792	0.342059
Muller_E	3770199	0.000161327	0.780343	0.219496
Muller_E	3771242	0.000162538	0.780462	0.219375
Muller_E	3775369	0.000167263	0.780935	0.218898
Muller_E	3781958	0.000174593	0.78169	0.218135
Muller_E	3788305	0.000181403	0.782418	0.217401
Muller_E	3788531	0.000181641	0.782444	0.217375
Muller_E	3788717	0.000181836	0.782465	0.217353
Muller_E	3791492	0.000184729	0.782783	0.217032
Muller_E	3791929	0.000185181	0.782834	0.216981
Muller_E	3794089	0.000187394	0.783081	0.216731
Muller_E	3798034	0.000191364	0.783534	0.216275
Muller_E	3805877	0.000198972	0.784435	0.215366
Muller_E	3808116	0.000201075	0.784692	0.215107
Muller_E	3837593	0.000225885	0.788083	0.211691
Muller_E	3889492	0.000256504	0.794077	0.205666
Muller_E	3892070	0.000257588	0.794376	0.205367
Muller_E	3892768	0.000257875	0.794456	0.205286
Muller_E	3893846	0.000258311	0.794581	0.20516
Muller_E	3895236	0.000258862	0.794742	0.204999
Muller_E	3896701	0.000259431	0.794912	0.204829
Muller_E	3964144	0.000270982	0.80275	0.196979
Muller_E	3964249	0.000270978	0.802762	0.196967
Muller_E	3964701	0.000270958	0.802815	0.196914
Muller_E	3965335	0.000270928	0.802889	0.19684
Muller_E	3965537	0.000270918	0.802912	0.196817
Muller_E	3971184	0.00027053	0.803571	0.196159
Muller_E	4005791	0.00026371	0.807615	0.192121
Muller_E	4007537	0.000263163	0.807819	0.191918
Muller_E	4008073	0.000262991	0.807882	0.191855
Muller_E	4008732	0.000262777	0.807959	0.191778
Muller_E	4009275	0.000262599	0.808023	0.191715
Muller_E	4009794	0.000262427	0.808084	0.191654
Muller_E	4010462	0.000262203	0.808162	0.191576
Muller_E	4011246	0.000261936	0.808254	0.191484
Muller_E	4011350	0.0002619	0.808266	0.191472
Muller_E	4011743	0.000261765	0.808312	0.191426
Muller_E	4012926	0.000261351	0.80845	0.191288
Muller_E	4015010	0.0002606	0.808694	0.191045
Muller_E	4015956	0.00026025	0.808805	0.190934
Muller_E	4016731	0.000259959	0.808896	0.190844
Muller_E	4017133	0.000259807	0.808943	0.190797
Muller_E	4017640	0.000259613	0.809003	0.190738
Muller_E	4021078	0.000258255	0.809406	0.190336
Muller_E	4021876	0.000257929	0.809499	0.190243
Muller_E	4022513	0.000257666	0.809574	0.190168
Muller_E	4022928	0.000257493	0.809622	0.19012
Muller_E	4024532	0.000256815	0.809811	0.189933
Muller_E	4024639	0.000256769	0.809823	0.18992
Muller_E	4025270	0.000256497	0.809897	0.189846
Muller_E	4027169	0.000255663	0.81012	0.189624
Muller_E	4027437	0.000255544	0.810151	0.189593
Muller_E	4027764	0.000255397	0.81019	0.189555
Muller_E	4029270	0.000254714	0.810366	0.189379
Muller_E	4032202	0.000253341	0.81071	0.189036
Muller_E	4032327	0.000253282	0.810725	0.189022
Muller_E	4033521	0.000252706	0.810865	0.188882
Muller_E	4033797	0.000252571	0.810898	0.18885
Muller_E	4036360	0.0002513	0.811198	0.18855
Muller_E	4037138	0.000250905	0.81129	0.188459
Muller_E	4037610	0.000250664	0.811345	0.188404
Muller_E	4040496	0.000249158	0.811684	0.188067
Muller_E	4040949	0.000248917	0.811737	0.188014
Muller_E	4045900	0.000246193	0.812319	0.187435
Muller_E	4046078	0.000246092	0.81234	0.187414
Muller_E	4046843	0.000245657	0.81243	0.187325
Muller_E	4047581	0.000245233	0.812516	0.187238
Muller_E	4048275	0.000244831	0.812598	0.187157
Muller_E	4048700	0.000244583	0.812648	0.187107
Muller_E	4053592	0.000241647	0.813223	0.186535
Muller_E	4056223	0.000240005	0.813533	0.186227
Muller_E	4056545	0.0002398	0.81357	0.18619
Muller_E	4056951	0.000239542	0.813618	0.186142
Muller_E	4057601	0.000239126	0.813695	0.186066
Muller_E	4057720	0.00023905	0.813709	0.186052
Muller_E	4058043	0.000238842	0.813747	0.186015
Muller_E	4058149	0.000238773	0.813759	0.186002
Muller_E	4058704	0.000238414	0.813824	0.185937
Muller_E	4059417	0.00023795	0.813908	0.185854
Muller_E	4059965	0.000237591	0.813973	0.18579
Muller_E	4061381	0.000236653	0.814139	0.185624
Muller_E	4061745	0.00023641	0.814182	0.185581
Muller_E	4062020	0.000236226	0.814215	0.185549
Muller_E	4062507	0.000235899	0.814272	0.185492
Muller_E	4062941	0.000235606	0.814323	0.185441
Muller_E	4064035	0.000234862	0.814452	0.185313
Muller_E	4064680	0.000234419	0.814528	0.185238
Muller_E	4064829	0.000234317	0.814545	0.18522
Muller_E	4065474	0.000233871	0.814621	0.185145
Muller_E	4065574	0.000233802	0.814633	0.185133
Muller_E	4066028	0.000233486	0.814686	0.18508
Muller_E	4067541	0.000232425	0.814865	0.184903
Muller_E	4067967	0.000232123	0.814915	0.184853
Muller_E	4068535	0.00023172	0.814982	0.184787
Muller_E	4069245	0.000231212	0.815065	0.184704
Muller_E	4070105	0.000230592	0.815166	0.184603
Muller_E	4071088	0.000229878	0.815282	0.184488
Muller_E	4071641	0.000229474	0.815347	0.184423
Muller_E	4072126	0.000229118	0.815405	0.184366
Muller_E	4072768	0.000228643	0.81548	0.184291
Muller_E	4072973	0.000228492	0.815504	0.184267
Muller_E	4073359	0.000228205	0.81555	0.184222
Muller_E	4075135	0.000226873	0.815759	0.184014
Muller_E	4075254	0.000226783	0.815773	0.184
Muller_E	4076053	0.000226176	0.815867	0.183907
Muller_E	4077160	0.000225329	0.815998	0.183777
Muller_E	4078165	0.000224552	0.816116	0.183659
Muller_E	4078690	0.000224144	0.816178	0.183598
Muller_E	4078900	0.000223981	0.816203	0.183573
Muller_E	4079010	0.000223895	0.816216	0.18356
Muller_E	4079297	0.00022367	0.81625	0.183527
Muller_E	4081728	0.000221748	0.816536	0.183242
Muller_E	4082079	0.000221467	0.816578	0.183201
Muller_E	4083988	0.000219926	0.816803	0.182977
Muller_E	4085715	0.000218511	0.817007	0.182775
Muller_E	4089306	0.000215507	0.81743	0.182354
Muller_E	4089803	0.000215084	0.817489	0.182296
Muller_E	4092778	0.000212522	0.81784	0.181947
Muller_E	4092894	0.000212421	0.817854	0.181934
Muller_E	4098915	0.000207054	0.818565	0.181228
Muller_E	4109650	0.000196895	0.819833	0.17997
Muller_E	4113217	0.000193353	0.820255	0.179551
Muller_E	4113538	0.00019303	0.820293	0.179514
Muller_E	4114422	0.000192137	0.820398	0.17941
Muller_E	4114803	0.000191751	0.820443	0.179365
Muller_E	4115118	0.000191431	0.82048	0.179329
Muller_E	4116856	0.000189652	0.820686	0.179125
Muller_E	4117074	0.000189428	0.820711	0.179099
Muller_E	4117473	0.000189016	0.820759	0.179052
Muller_E	4118970	0.000187463	0.820936	0.178877
Muller_E	4121851	0.000184432	0.821277	0.178539
Muller_E	4122071	0.000184198	0.821303	0.178513
Muller_E	4122393	0.000183855	0.821341	0.178475
Muller_E	4122818	0.000183402	0.821391	0.178425
Muller_E	4124318	0.000181793	0.821569	0.178249
Muller_E	4124418	0.000181685	0.821581	0.178237
Muller_E	4126492	0.000179434	0.821826	0.177994
Muller_E	4127527	0.0001783	0.821949	0.177873
Muller_E	4127720	0.000178087	0.821972	0.17785
Muller_E	4128101	0.000177668	0.822017	0.177805
Muller_E	4128234	0.000177521	0.822033	0.17779
Muller_E	4130334	0.000175189	0.822282	0.177543
Muller_E	4132221	0.000173068	0.822505	0.177322
Muller_E	4134741	0.0001702	0.822804	0.177026
Muller_E	4134982	0.000169923	0.822832	0.176998
Muller_E	4136547	0.000168118	0.823018	0.176814
Muller_E	4140224	0.000163814	0.823454	0.176382
Muller_E	4140902	0.000163011	0.823534	0.176303
Muller_E	4141485	0.000162317	0.823604	0.176234
Muller_E	4143836	0.000159499	0.823882	0.175958
Muller_E	4144350	0.000158878	0.823943	0.175898
Muller_E	4144848	0.000158274	0.824003	0.175839
Muller_E	4150850	0.000150873	0.824715	0.175134
Muller_E	4151927	0.000149519	0.824843	0.175008
Muller_E	4154621	0.0001461	0.825163	0.174691
Muller_E	4159745	0.000139465	0.825771	0.174089
Muller_E	4159958	0.000139185	0.825797	0.174064
Muller_E	4160923	1.9084e-05	0.720537	0.279444
Muller_E	4161787	0.000139256	0.826102	0.173758
Muller_E	4162162	0.000139836	0.826185	0.173675
Muller_E	4163984	0.000142645	0.826588	0.173269
Muller_E	4164218	0.000143004	0.82664	0.173217
Muller_E	4164859	0.000143987	0.826782	0.173074
Muller_E	4165033	0.000144253	0.82682	0.173036
Muller_E	4165157	0.000144442	0.826847	0.173008
Muller_E	4165383	0.000144788	0.826897	0.172958
Muller_E	4165808	0.000145436	0.826991	0.172863
Muller_E	4165958	0.000145665	0.827024	0.17283
Muller_E	4166062	0.000145823	0.827047	0.172807
Muller_E	4166243	0.000146099	0.827088	0.172766
Muller_E	4166628	0.000146684	0.827173	0.172681
Muller_E	4168755	0.000149902	0.827643	0.172207
Muller_E	4172546	0.000155568	0.828481	0.171363
Muller_E	4172827	0.000155984	0.828543	0.171301
Muller_E	4173860	0.000157511	0.828772	0.171071
Muller_E	4176100	0.000160798	0.829267	0.170572
Muller_E	4176326	0.000161128	0.829317	0.170522
Muller_E	4176826	0.000161857	0.829428	0.17041
Muller_E	4177022	0.000162142	0.829471	0.170367
Muller_E	4178339	0.000164053	0.829763	0.170073
Muller_E	4178608	0.000164442	0.829822	0.170013
Muller_E	4179326	0.000165477	0.829981	0.169854
Muller_E	4180712	0.000167468	0.830288	0.169545
Muller_E	4180966	0.000167831	0.830344	0.169488
Muller_E	4184926	0.000173446	0.83122	0.168606
Muller_E	4185178	0.0001738	0.831276	0.16855
Muller_E	4185319	0.000173998	0.831307	0.168519
Muller_E	4185532	0.000174297	0.831354	0.168471
Muller_E	4187632	0.000177226	0.831819	0.168004
Muller_E	4188227	0.000178051	0.831951	0.167871
Muller_E	4188670	0.000178664	0.832049	0.167773
Muller_E	4192621	0.000184075	0.832923	0.166893
Muller_E	4193546	0.000185328	0.833128	0.166687
Muller_E	4194407	0.000186489	0.833319	0.166495
Muller_E	4195783	0.000188336	0.833623	0.166188
Muller_E	4196010	0.000188639	0.833674	0.166138
Muller_E	4197440	0.000190543	0.83399	0.165819
Muller_E	4198223	0.00019158	0.834164	0.165645
Muller_E	4199021	0.000192633	0.83434	0.165467
Muller_E	4199203	0.000192872	0.834381	0.165426
Muller_E	4199424	0.000193163	0.83443	0.165377
Muller_E	4199639	0.000193446	0.834477	0.165329
Muller_E	4199983	0.000193897	0.834553	0.165253
Muller_E	4203293	0.000198201	0.835287	0.164515
Muller_E	4205814	0.000201434	0.835845	0.163953
Muller_E	4206134	0.000201841	0.835916	0.163882
Muller_E	4207588	0.000203684	0.836238	0.163558
Muller_E	4210680	0.000207559	0.836923	0.162869
Muller_E	4210928	0.000207867	0.836978	0.162814
Muller_E	4211312	0.000208343	0.837063	0.162728
Muller_E	4211755	0.000208892	0.837161	0.16263
Muller_E	4213444	0.000210971	0.837536	0.162253
Muller_E	4216650	0.000214869	0.838246	0.161539
Muller_E	4217058	0.00021536	0.838337	0.161448
Muller_E	4217453	0.000215835	0.838424	0.16136
Muller_E	4217565	0.00021597	0.838449	0.161335
Muller_E	4217669	0.000216094	0.838472	0.161312
Muller_E	4217825	0.000216281	0.838507	0.161277
Muller_E	4218923	0.000217593	0.83875	0.161032
Muller_E	4225215	0.000224962	0.840145	0.15963
Muller_E	4232774	0.000233481	0.841822	0.157945
Muller_E	4235298	3.30954e-05	0.744009	0.255958
Muller_E	4245993	0.000342677	0.846699	0.152958
Muller_E	4252835	0.000410651	0.849462	0.150128
Muller_E	4253725	0.000419486	0.849821	0.14976
Muller_E	4256197	0.000444018	0.850819	0.148737
Muller_E	4261234	0.000493967	0.852853	0.146654
Muller_E	4262892	0.000510398	0.853522	0.145968
Muller_E	4263238	0.000513826	0.853662	0.145825
Muller_E	4263588	0.000517294	0.853803	0.14568
Muller_E	4264621	0.000527526	0.85422	0.145252
Muller_E	4266950	0.000550589	0.85516	0.144289
Muller_E	4267529	0.00055632	0.855394	0.144049
Muller_E	4276223	0.000642303	0.858905	0.140453
Muller_E	4311688	0.000991394	0.873227	0.125781
Muller_E	4311965	0.00099411	0.873339	0.125667
Muller_E	4312254	0.000996943	0.873456	0.125547
Muller_E	4312510	0.000999453	0.873559	0.125441
Muller_E	4334492	0.00121438	0.882439	0.116347
Muller_E	4352032	0.00138507	0.889526	0.109089
Muller_E	4353438	0.00139872	0.890094	0.108508
Muller_E	4356857	0.00143189	0.891475	0.107093
Muller_E	4360054	0.00146288	0.892767	0.10577
Muller_E	4374783	0.00160534	0.898719	0.0996752
Muller_E	4374946	0.00160692	0.898785	0.0996078
Muller_E	4381350	0.00166868	0.901374	0.0969577
Muller_E	4558836	0.00333391	0.973192	0.0234742
Muller_E	4562012	0.0033628	0.974479	0.0221585
Muller_E	4564083	0.00338163	0.975318	0.0213005
Muller_E	4564194	0.00338263	0.975363	0.0212545
Muller_E	4568491	0.00342164	0.977104	0.0194743
Muller_E	4569115	0.0034273	0.977357	0.0192158
Muller_E	4569749	0.00343304	0.977614	0.0189531
Muller_E	4570340	0.0034384	0.977853	0.0187082
Muller_E	4571890	0.00345244	0.978481	0.0180661
Muller_E	4572624	0.00345909	0.978779	0.017762
Muller_E	4573491	0.00346694	0.97913	0.0174027
Muller_E	4573809	0.00346982	0.979259	0.017271
Muller_E	4577361	0.00350194	0.980699	0.0157993
Muller_E	4577462	0.00350286	0.98074	0.0157575
Muller_E	4578308	0.0035105	0.981083	0.0154069
Muller_E	4580664	0.00353178	0.982037	0.0144307
Muller_E	4580954	0.0035344	0.982155	0.0143106
Muller_E	4581769	0.00354175	0.982485	0.0139729
Muller_E	4581909	0.00354301	0.982542	0.0139149
Muller_E	4583019	0.00355303	0.982992	0.0134549
Muller_E	4583393	0.0035564	0.983144	0.0133
Muller_E	4583516	0.00355751	0.983193	0.013249
Muller_E	4584473	0.00356613	0.983581	0.0128525
Muller_E	4589180	0.00360852	0.985489	0.0109021
Muller_E	4590247	0.00683594	0.99188	0.00128366
Muller_E	4591539	0.00362188	0.985982	0.0103956
Muller_E	4593253	0.00362685	0.986063	0.0103104
Muller_E	4593508	0.00362758	0.986075	0.0102977
Muller_E	4593974	0.00362893	0.986097	0.0102745
Muller_E	4595111	0.00363221	0.98615	0.0102179
Muller_E	4595303	0.00363276	0.986159	0.0102084
Muller_E	4597548	0.00683451	0.99182	0.00134529
Muller_E	4597833	0.00363864	0.986265	0.0100964
Muller_E	4600306	0.00363369	0.986272	0.0100947
Muller_E	4607273	0.0036195	0.986291	0.0100896
Muller_E	4607398	0.00361925	0.986291	0.0100895
Muller_E	4610441	0.00361293	0.9863	0.0100871
Muller_E	4611041	0.00361167	0.986302	0.0100866
Muller_E	4611562	0.00361058	0.986303	0.0100862
Muller_E	4611697	0.0036103	0.986304	0.0100861
Muller_E	4612447	0.00360872	0.986306	0.0100855
Muller_E	4612733	0.00360812	0.986307	0.0100853
Muller_E	4612927	0.00360771	0.986307	0.0100851
Muller_E	4613148	0.00360724	0.986308	0.0100849
Muller_E	4614502	0.00360438	0.986312	0.0100838
Muller_E	4615888	0.00360143	0.986316	0.0100827
Muller_E	4616173	0.00360082	0.986317	0.0100825
Muller_E	4616508	0.00360011	0.986318	0.0100822
Muller_E	4616663	0.00359977	0.986318	0.010082
Muller_E	4618190	0.0035965	0.986323	0.0100808
Muller_E	4619781	0.00359307	0.986328	0.0100794
Muller_E	4622166	0.00358789	0.986335	0.0100773
Muller_E	4626314	0.00357877	0.986348	0.0100736
Muller_E	4626864	0.00357755	0.986349	0.0100731
Muller_E	4627368	0.00357643	0.986351	0.0100726
Muller_E	4627488	0.00357616	0.986351	0.0100725
Muller_E	4633961	0.0035616	0.986372	0.0100664
Muller_E	4635834	0.00355733	0.986378	0.0100646
Muller_E	4636452	0.00355591	0.98638	0.010064
Muller_E	4637295	0.00355397	0.986383	0.0100631
Muller_E	4640891	0.00354565	0.986395	0.0100595
Muller_E	4645727	0.00353429	0.986411	0.0100544
Muller_E	4646376	0.00353275	0.986414	0.0100537
Muller_E	4646798	0.00353175	0.986415	0.0100533
Muller_E	4653320	0.00351608	0.986438	0.0100461
Muller_E	4656520	0.00350827	0.986449	0.0100425
Muller_E	4672665	0.00346762	0.98651	0.0100229
Muller_E	4674140	0.00346381	0.986515	0.010021
Muller_E	4675745	0.00345964	0.986521	0.0100189
Muller_E	4676485	0.00345771	0.986524	0.0100179
Muller_E	4677110	0.00345607	0.986527	0.0100171
Muller_E	4677655	0.00345465	0.986529	0.0100164
Muller_E	4678986	0.00345115	0.986534	0.0100146
Muller_E	4680223	0.00344789	0.986539	0.010013
Muller_E	4682403	0.00344211	0.986548	0.0100101
Muller_E	4682621	0.00344153	0.986549	0.0100098
Muller_E	4684270	0.00343714	0.986555	0.0100075
Muller_E	4685491	0.00343387	0.98656	0.0100059
Muller_E	4686019	0.00343245	0.986562	0.0100051
Muller_E	4687101	0.00342954	0.986567	0.0100036
Muller_E	4689628	0.0034227	0.986577	0.0100001
Muller_E	4690052	0.00342155	0.986579	0.00999949
Muller_E	4690344	0.00342075	0.98658	0.00999908
Muller_E	4690905	0.00341923	0.986582	0.00999828
Muller_E	4691125	0.00341863	0.986583	0.00999797
Muller_E	4691712	0.00341702	0.986586	0.00999713
Muller_E	4691999	0.00341624	0.986587	0.00999672
Muller_E	4692111	0.00341593	0.986588	0.00999656
Muller_E	4693234	0.00341286	0.986592	0.00999495
Muller_E	4693620	0.0034118	0.986594	0.0099944
Muller_E	4693753	0.00341143	0.986594	0.0099942
Muller_E	4694021	0.00341069	0.986595	0.00999382
Muller_E	4694592	0.00340912	0.986598	0.00999299
Muller_E	4696429	0.00340405	0.986606	0.00999032
Muller_E	4696792	0.00340304	0.986607	0.00998978
Muller_E	4699402	0.00339578	0.986618	0.00998593
Muller_E	4700957	0.00339143	0.986625	0.00998361
Muller_E	4702606	0.00338679	0.986632	0.00998113
Muller_E	4708142	0.00337107	0.986656	0.00997264
Muller_E	4712097	0.00335969	0.986674	0.00996642
Muller_E	4713898	0.00335446	0.986682	0.00996355
Muller_E	4714194	0.0033536	0.986683	0.00996308
Muller_E	4717094	0.00334513	0.986696	0.0099584
Muller_E	4717794	0.00334308	0.9867	0.00995726
Muller_E	4720564	0.00333491	0.986712	0.00995271
Muller_E	4722390	0.00332949	0.986721	0.00994968
Muller_E	4727534	0.00331408	0.986745	0.00994099
Muller_E	4730688	0.00330453	0.98676	0.00993557
Muller_E	4731377	0.00330243	0.986763	0.00993437
Muller_E	4732944	0.00329765	0.986771	0.00993164
Muller_E	4738342	0.00328103	0.986797	0.00992208
Muller_E	4739398	0.00327775	0.986802	0.00992018
Muller_E	4742492	0.00326809	0.986817	0.00991457
Muller_E	4745718	0.00325794	0.986833	0.00990864
Muller_E	4746457	0.0032556	0.986837	0.00990727
Muller_E	4748015	0.00325066	0.986845	0.00990436
Muller_E	4748352	0.00324959	0.986847	0.00990373
Muller_E	4748630	0.0032487	0.986848	0.00990321
Muller_E	4751071	0.00324091	0.98686	0.00989862
Muller_E	4751685	0.00323894	0.986864	0.00989745
Muller_E	4751817	0.00323852	0.986864	0.0098972
Muller_E	4752607	0.00323598	0.986868	0.0098957
Muller_E	4752773	0.00323545	0.986869	0.00989538
Muller_E	4753826	0.00323206	0.986875	0.00989337
Muller_E	4754671	0.00322933	0.986879	0.00989175
Muller_E	4756619	0.00322302	0.986889	0.00988799
Muller_E	4759191	0.00321465	0.986902	0.00988299
Muller_E	4761262	0.00320787	0.986913	0.00987892
Muller_E	4761866	0.00320589	0.986916	0.00987772
Muller_E	4761985	0.00320549	0.986917	0.00987749
Muller_E	4763545	0.00320035	0.986925	0.00987439
Muller_E	4764509	0.00319717	0.98693	0.00987247
Muller_E	4765595	0.00319357	0.986936	0.00987029
Muller_E	4766291	0.00319126	0.98694	0.00986889
Muller_E	4766501	0.00319056	0.986941	0.00986847
Muller_E	4767354	0.00318772	0.986946	0.00986675
Muller_E	4769627	0.00318013	0.986958	0.00986213
Muller_E	4769950	0.00317905	0.986959	0.00986148
Muller_E	4772288	0.00317119	0.986972	0.00985668
Muller_E	4773763	0.00316621	0.98698	0.00985363
Muller_E	4773963	0.00316554	0.986981	0.00985322
Muller_E	4774375	0.00316414	0.986983	0.00985236
Muller_E	4774957	0.00316217	0.986987	0.00985116
Muller_E	4775479	0.0031604	0.98699	0.00985007
Muller_E	4776619	0.00315652	0.986996	0.00984769
Muller_E	4779373	0.00314712	0.987011	0.00984189
Muller_E	4781913	0.00313839	0.987025	0.00983649
Muller_E	4782620	0.00313595	0.987029	0.00983498
Muller_E	4783326	0.00313351	0.987033	0.00983346
Muller_E	4786044	0.00312409	0.987048	0.0098276
Muller_E	4786690	0.00312184	0.987052	0.0098262
Muller_E	4789453	0.00311218	0.987068	0.00982016
Muller_E	4790377	0.00310894	0.987073	0.00981813
Muller_E	4792360	0.00310196	0.987084	0.00981375
Muller_E	4792549	0.00310129	0.987085	0.00981333
Muller_E	4792702	0.00310075	0.987086	0.00981299
Muller_E	4822723	0.00299116	0.987266	0.00974278
Muller_E	4832155	0.00295525	0.987325	0.00971926
Muller_E	4834924	0.00294458	0.987343	0.00971222
Muller_E	4838041	0.00293249	0.987363	0.00970423
Muller_E	4839031	0.00292863	0.98737	0.00970167
Muller_E	4840034	0.00292472	0.987376	0.00969907
Muller_E	4843722	0.00291025	0.9874	0.00968946
Muller_E	4844215	0.00290831	0.987404	0.00968816
