chrom	position	2,0	1,1	0,2
Muller_E	62882	0.216712	0.662792	0.120496
Muller_E	267432	0.206456	0.684205	0.109339
Muller_E	441230	0.197658	0.702594	0.0997485
Muller_E	511157	0.194094	0.710047	0.095859
Muller_E	557879	0.191704	0.715046	0.0932498
Muller_E	581000	0.190519	0.717525	0.0919555
Muller_E	709108	0.183923	0.731331	0.0847456
Muller_E	768129	0.180866	0.737733	0.0814013
Muller_E	785241	0.179977	0.739594	0.0804289
Muller_E	787322	0.179869	0.739821	0.0803105
Muller_E	787424	0.179864	0.739832	0.0803047
Muller_E	788173	0.179825	0.739913	0.0802621
Muller_E	788750	0.179795	0.739976	0.0802293
Muller_E	788860	0.179789	0.739988	0.080223
Muller_E	791823	0.179635	0.740311	0.0800545
Muller_E	802257	0.179092	0.741447	0.0794607
Muller_E	893794	0.174316	0.751454	0.0742307
Muller_E	894300	0.174289	0.751509	0.0742017
Muller_E	896281	0.174185	0.751726	0.0740881
Muller_E	897287	0.174133	0.751837	0.0740304
Muller_E	897987	0.174096	0.751914	0.0739903
Muller_E	901015	0.173938	0.752246	0.0738166
Muller_E	901718	0.173901	0.752323	0.0737762
Muller_E	923408	0.172764	0.754705	0.0725308
Muller_E	923675	0.17275	0.754735	0.0725154
Muller_E	924320	0.172716	0.754806	0.0724783
Muller_E	927795	0.172534	0.755188	0.0722786
Muller_E	948021	0.171472	0.757414	0.0711148
Muller_E	948230	0.171461	0.757437	0.0711028
Muller_E	958531	0.170919	0.758572	0.0705094
Muller_E	967701	0.170437	0.759583	0.0699807
Muller_E	969142	0.170361	0.759742	0.0698976
Muller_E	1033237	0.16698	0.766829	0.0661911
Muller_E	1120573	0.162347	0.776544	0.0611091
Muller_E	1123171	0.162208	0.776834	0.0609574
Muller_E	1146845	0.160947	0.77948	0.0595732
Muller_E	1148492	0.160859	0.779664	0.0594768
Muller_E	1168315	0.159801	0.781884	0.0583154
Muller_E	1213395	0.157388	0.786945	0.0556671
Muller_E	1262309	0.154761	0.792457	0.0527819
Muller_E	1275111	0.154072	0.793904	0.0520247
Muller_E	1275707	0.154039	0.793971	0.0519894
Muller_E	1314313	0.151956	0.798343	0.0497008
Muller_E	1318297	0.151741	0.798795	0.0494642
Muller_E	1358440	0.149567	0.803358	0.0470754
Muller_E	1358616	0.149557	0.803378	0.0470649
Muller_E	1378824	0.14846	0.805681	0.0458591
Muller_E	1480336	0.142921	0.817311	0.0397685
Muller_E	1489232	0.142433	0.818335	0.039232
Muller_E	1645912	0.13378	0.83651	0.0297103
Muller_E	1673398	0.13225	0.839725	0.0280252
Muller_E	1718642	0.129722	0.845036	0.0252418
Muller_E	1746815	0.128143	0.848355	0.0235024
Muller_E	1763447	0.127208	0.850318	0.0224732
Muller_E	1765039	0.127119	0.850506	0.0223746
Muller_E	1765159	0.127112	0.850521	0.0223672
Muller_E	1765369	0.1271	0.850545	0.0223542
Muller_E	1771226	0.126771	0.851238	0.0219913
Muller_E	1799036	0.125204	0.85453	0.0202654
Muller_E	1802542	0.125007	0.854946	0.0200475
Muller_E	1802678	0.124999	0.854962	0.020039
Muller_E	1803039	0.124979	0.855005	0.0200166
Muller_E	1803347	0.124961	0.855041	0.0199974
Muller_E	1805518	0.124839	0.855299	0.0198624
Muller_E	1812938	0.12442	0.856179	0.0194008
Muller_E	1813040	0.124414	0.856192	0.0193945
Muller_E	1815234	0.12429	0.856452	0.0192579
Muller_E	1815907	0.124252	0.856532	0.0192161
Muller_E	1816383	0.124225	0.856588	0.0191864
Muller_E	1831501	0.12337	0.858385	0.0182446
Muller_E	1850978	0.122267	0.860704	0.0170291
Muller_E	1851905	0.122215	0.860814	0.0169711
Muller_E	1852166	0.1222	0.860845	0.0169548
Muller_E	1857635	0.12189	0.861497	0.0166131
Muller_E	1861157	0.12169	0.861917	0.0163929
Muller_E	1861336	0.12168	0.861938	0.0163817
Muller_E	1861880	0.121649	0.862003	0.0163476
Muller_E	1866595	0.121381	0.862566	0.0160527
Muller_E	1870209	0.121176	0.862997	0.0158266
Muller_E	1871973	0.03082	0.966608	0.00257193
Muller_E	1880064	0.121197	0.863115	0.0156888
Muller_E	1889333	0.121334	0.863009	0.015657
Muller_E	1891195	0.121362	0.862988	0.0156505
Muller_E	1894320	0.121408	0.862953	0.0156396
Muller_E	1900363	0.121497	0.862885	0.0156184
Muller_E	1904375	0.121556	0.86284	0.0156041
Muller_E	1915469	0.121719	0.862717	0.0155642
Muller_E	1927060	0.121889	0.862589	0.0155217
Muller_E	1932459	0.121968	0.862531	0.0155016
Muller_E	1944351	0.12214	0.862403	0.0154566
Muller_E	1946702	0.122175	0.862378	0.0154476
Muller_E	1961660	0.122391	0.86222	0.0153895
Muller_E	1975567	0.12259	0.862075	0.0153343
Muller_E	2011856	0.123107	0.861709	0.0151841
Muller_E	2013122	0.123125	0.861697	0.0151788
Muller_E	2044597	0.123566	0.861392	0.0150414
Muller_E	2048236	0.123617	0.861358	0.0150251
Muller_E	2048434	0.12362	0.861356	0.0150243
Muller_E	2086567	0.124147	0.861005	0.0148484
Muller_E	2103366	0.124376	0.860856	0.014768
Muller_E	2117584	0.124569	0.860732	0.0146985
Muller_E	2126123	0.124685	0.860659	0.0146561
Muller_E	2135792	0.124815	0.860577	0.0146076
Muller_E	2140907	0.124884	0.860535	0.0145817
Muller_E	2141169	0.124887	0.860533	0.0145803
Muller_E	2142715	0.124908	0.86052	0.0145725
Muller_E	2145389	0.124944	0.860498	0.0145588
Muller_E	2146953	0.124965	0.860485	0.0145508
Muller_E	2147057	0.124966	0.860484	0.0145503
Muller_E	2201852	0.0215705	0.949394	0.0290354
Muller_E	2204792	0.126222	0.859566	0.0142118
Muller_E	2219543	0.128886	0.857144	0.0139697
Muller_E	2220290	0.129021	0.857021	0.0139574
Muller_E	2241628	0.132875	0.853519	0.0136062
Muller_E	2243471	0.133208	0.853217	0.0135758
Muller_E	2531559	0.18517	0.806111	0.00871829
Muller_E	2693610	0.214367	0.77973	0.00590322
Muller_E	2696554	0.214897	0.779252	0.0058516
Muller_E	2706179	0.216631	0.777687	0.0056827
Muller_E	2713009	0.217861	0.776576	0.00556275
Muller_E	2716202	0.218436	0.776057	0.00550664
Muller_E	2721440	0.21938	0.775206	0.00541456
Muller_E	2735475	0.221908	0.772925	0.00516757
Muller_E	2763120	0.226887	0.768433	0.00468004
Muller_E	2777976	0.229563	0.766019	0.00441749
Muller_E	2779619	0.229859	0.765752	0.00438843
Muller_E	2787347	0.231251	0.764497	0.00425168
Muller_E	2788916	0.231534	0.764242	0.00422391
Muller_E	2795398	0.232702	0.763189	0.00410911
Muller_E	2798296	0.233224	0.762719	0.00405776
Muller_E	2799305	0.233405	0.762555	0.00403988
Muller_E	2800245	0.233575	0.762402	0.00402322
Muller_E	2800507	0.233622	0.762359	0.00401857
Muller_E	2800780	0.233671	0.762315	0.00401374
Muller_E	2800932	0.233699	0.76229	0.00401104
Muller_E	2801158	0.233739	0.762254	0.00400703
Muller_E	2805736	0.234564	0.76151	0.00392587
Muller_E	2807233	0.234834	0.761267	0.00389932
Muller_E	2807795	0.234935	0.761176	0.00388935
Muller_E	2808363	0.235037	0.761084	0.00387928
Muller_E	2809031	0.235157	0.760975	0.00386743
Muller_E	2809272	0.235201	0.760936	0.00386315
Muller_E	2809909	0.235316	0.760833	0.00385185
Muller_E	2811470	0.235597	0.760579	0.00382416
Muller_E	2811776	0.235652	0.760529	0.00381873
Muller_E	2812117	0.235713	0.760474	0.00381268
Muller_E	2815676	0.236354	0.759896	0.00374951
Muller_E	2816259	0.236459	0.759801	0.00373917
Muller_E	2817070	0.236606	0.75967	0.00372477
Muller_E	2817616	0.236704	0.759581	0.00371508
Muller_E	2819402	0.237026	0.759291	0.00368337
Muller_E	2820166	0.237163	0.759167	0.0036698
Muller_E	2820386	0.237203	0.759131	0.00366589
Muller_E	2820775	0.237273	0.759068	0.00365899
Muller_E	2821135	0.237338	0.75901	0.00365259
Muller_E	2821440	0.237393	0.75896	0.00364718
Muller_E	2826939	0.238383	0.758067	0.00354949
Muller_E	2831172	0.239146	0.75738	0.00347426
Muller_E	2831515	0.239208	0.757324	0.00346816
Muller_E	2832336	0.239356	0.757191	0.00345357
Muller_E	2833070	0.239488	0.757072	0.00344052
Muller_E	2850717	0.242667	0.754207	0.00312652
Muller_E	2853215	0.243117	0.753801	0.00308203
Muller_E	2856496	0.243708	0.753269	0.00302358
Muller_E	2856945	0.243789	0.753196	0.00301558
Muller_E	2857481	0.243885	0.753109	0.00300603
Muller_E	2858163	0.244008	0.752998	0.00299388
Muller_E	2859754	0.244295	0.75274	0.00296553
Muller_E	2859987	0.244337	0.752702	0.00296138
Muller_E	2862604	0.244808	0.752277	0.00291473
Muller_E	2866488	0.245508	0.751647	0.00284548
Muller_E	2867267	0.245648	0.75152	0.00283159
Muller_E	2868557	0.245881	0.751311	0.00280858
Muller_E	2870085	0.246156	0.751063	0.00278133
Muller_E	2870623	0.246253	0.750975	0.00277173
Muller_E	2876155	0.247249	0.750078	0.00267302
Muller_E	2877151	0.247429	0.749916	0.00265524
Muller_E	2886067	0.249035	0.748469	0.00249604
Muller_E	2886534	0.249119	0.748393	0.00248769
Muller_E	2887599	0.249311	0.74822	0.00246867
Muller_E	2887882	0.249362	0.748174	0.00246361
Muller_E	2888492	0.249472	0.748075	0.00245271
Muller_E	2888607	0.249493	0.748057	0.00245066
Muller_E	2890000	0.249744	0.747831	0.00242577
Muller_E	2890387	0.249813	0.747768	0.00241885
Muller_E	2890907	0.249907	0.747683	0.00240956
Muller_E	2894764	0.250602	0.747057	0.00234062
Muller_E	2899098	0.251383	0.746354	0.00226313
Muller_E	2901481	0.251812	0.745967	0.00222051
Muller_E	2901643	0.251841	0.745941	0.00221761
Muller_E	2902627	0.252019	0.745781	0.00220001
Muller_E	2903432	0.252164	0.745651	0.00218561
Muller_E	2904998	0.252446	0.745397	0.0021576
Muller_E	2905994	0.252625	0.745235	0.00213977
Muller_E	2907134	0.252831	0.74505	0.00211938
Muller_E	2908511	0.253079	0.744826	0.00209473
Muller_E	2909452	0.253248	0.744674	0.00207789
Muller_E	2910160	0.65298	0.346933	8.75816e-05
Muller_E	2911022	0.253385	0.744548	0.00206702
Muller_E	2911252	0.253387	0.744545	0.0020675
Muller_E	2911992	0.253395	0.744536	0.00206904
Muller_E	2914672	0.253423	0.744503	0.00207459
Muller_E	2915489	0.253431	0.744492	0.00207628
Muller_E	2918585	0.253463	0.744454	0.00208262
Muller_E	2919015	0.253468	0.744449	0.0020835
Muller_E	2919728	0.253475	0.74444	0.00208495
Muller_E	2919971	0.253478	0.744437	0.00208545
Muller_E	2921506	0.253494	0.744418	0.00208856
Muller_E	2922564	0.253505	0.744405	0.0020907
Muller_E	2922707	0.253506	0.744403	0.00209099
Muller_E	2924226	0.253522	0.744384	0.00209405
Muller_E	2925108	0.253531	0.744373	0.00209582
Muller_E	2925552	0.253536	0.744368	0.00209671
Muller_E	2928855	0.25357	0.744327	0.00210328
Muller_E	2930674	0.253588	0.744305	0.00210688
Muller_E	2931258	0.253595	0.744297	0.00210803
Muller_E	2931592	0.253598	0.744293	0.00210868
Muller_E	2931798	0.2536	0.744291	0.00210909
Muller_E	2932326	0.253606	0.744284	0.00211013
Muller_E	2945623	0.253742	0.744122	0.00213569
Muller_E	2945753	0.253744	0.74412	0.00213594
Muller_E	2945878	0.253745	0.744119	0.00213617
Muller_E	2946001	0.253746	0.744117	0.0021364
Muller_E	2955783	0.253847	0.743999	0.00215453
Muller_E	2957997	0.253869	0.743972	0.00215856
Muller_E	2959282	0.253882	0.743957	0.00216088
Muller_E	2959697	0.253887	0.743952	0.00216163
Muller_E	2959819	0.253888	0.74395	0.00216185
Muller_E	2960759	0.253897	0.743939	0.00216354
Muller_E	2961667	0.253907	0.743928	0.00216517
Muller_E	2961801	0.253908	0.743927	0.00216541
Muller_E	2963254	0.253923	0.743909	0.00216801
Muller_E	2963568	0.253926	0.743905	0.00216857
Muller_E	2975263	0.254045	0.743766	0.00218898
Muller_E	2976725	0.25406	0.743749	0.00219148
Muller_E	2977784	0.254071	0.743736	0.00219328
Muller_E	2982473	0.254118	0.743681	0.00220117
Muller_E	2984283	0.254137	0.743659	0.00220418
Muller_E	2985483	0.254149	0.743645	0.00220617
Muller_E	2985658	0.25415	0.743643	0.00220646
Muller_E	2985908	0.254153	0.74364	0.00220687
Muller_E	2987685	0.254171	0.743619	0.0022098
Muller_E	2992894	0.254224	0.743558	0.00221826
Muller_E	2993313	0.254228	0.743553	0.00221893
Muller_E	2993798	0.254233	0.743548	0.00221971
Muller_E	2994137	0.254236	0.743544	0.00222025
Muller_E	2994487	0.25424	0.74354	0.00222081
Muller_E	2994615	0.254241	0.743538	0.00222102
Muller_E	2995123	0.254246	0.743532	0.00222183
Muller_E	2995701	0.254252	0.743525	0.00222275
Muller_E	2996048	0.254255	0.743521	0.0022233
Muller_E	2996738	0.254262	0.743513	0.0022244
Muller_E	2996880	0.254264	0.743512	0.00222463
Muller_E	2997113	0.254266	0.743509	0.00222499
Muller_E	2999116	0.254286	0.743486	0.00222816
Muller_E	2999459	0.25429	0.743482	0.0022287
Muller_E	3001420	0.254309	0.743459	0.00223177
Muller_E	3001578	0.254311	0.743457	0.00223201
Muller_E	3001696	0.254312	0.743456	0.0022322
Muller_E	3002579	0.254321	0.743445	0.00223357
Muller_E	3003095	0.254326	0.743439	0.00223437
Muller_E	3003540	0.254331	0.743434	0.00223506
Muller_E	3004120	0.254337	0.743427	0.00223596
Muller_E	3005221	0.254348	0.743415	0.00223765
Muller_E	3007967	0.254375	0.743383	0.00224185
Muller_E	3012773	0.254423	0.743328	0.0022491
Muller_E	3013331	0.254429	0.743321	0.00224993
Muller_E	3013618	0.254432	0.743318	0.00225036
Muller_E	3014080	0.254436	0.743312	0.00225105
Muller_E	3014783	0.254443	0.743304	0.00225209
Muller_E	3016296	0.254459	0.743287	0.00225433
Muller_E	3017214	0.254468	0.743277	0.00225568
Muller_E	3018320	0.254479	0.743264	0.0022573
Muller_E	3018982	0.254485	0.743256	0.00225826
Muller_E	3019303	0.254489	0.743253	0.00225873
Muller_E	3019831	0.254494	0.743247	0.0022595
Muller_E	3021834	0.254514	0.743224	0.0022624
Muller_E	3021944	0.254515	0.743222	0.00226255
Muller_E	3023127	0.254527	0.743209	0.00226425
Muller_E	3024474	0.25454	0.743194	0.00226618
Muller_E	3024813	0.254544	0.74319	0.00226666
Muller_E	3029421	0.25459	0.743137	0.00227316
Muller_E	3029834	0.254594	0.743133	0.00227374
Muller_E	3030101	0.254596	0.74313	0.00227411
Muller_E	3033200	0.254627	0.743094	0.0022784
Muller_E	3033901	0.254634	0.743087	0.00227936
Muller_E	3034073	0.254636	0.743085	0.0022796
Muller_E	3036032	0.254655	0.743062	0.00228227
Muller_E	3038305	0.254678	0.743037	0.00228535
Muller_E	3041816	0.254713	0.742997	0.00229003
Muller_E	3044683	0.254741	0.742965	0.00229381
Muller_E	3046757	0.254762	0.742942	0.00229651
Muller_E	3046887	0.254763	0.74294	0.00229668
Muller_E	3047900	0.254773	0.742929	0.00229799
Muller_E	3048135	0.254775	0.742927	0.00229829
Muller_E	3050664	0.2548	0.742898	0.00230153
Muller_E	3051698	0.25481	0.742887	0.00230285
Muller_E	3051968	0.254813	0.742884	0.00230319
Muller_E	3052635	0.25482	0.742876	0.00230403
Muller_E	3053197	0.254825	0.74287	0.00230474
Muller_E	3056428	0.254857	0.742834	0.00230878
Muller_E	3056712	0.25486	0.742831	0.00230913
Muller_E	3058398	0.254876	0.742812	0.00231121
Muller_E	3059687	0.254889	0.742798	0.00231279
Muller_E	3061511	0.254907	0.742778	0.00231501
Muller_E	3062406	0.254916	0.742768	0.00231609
Muller_E	3062537	0.254917	0.742767	0.00231625
Muller_E	3100018	0.255283	0.74236	0.00235734
Muller_E	3100718	0.25529	0.742352	0.00235803
Muller_E	3112367	0.255402	0.742229	0.00236909
Muller_E	3112987	0.255408	0.742222	0.00236966
Muller_E	3113420	0.255412	0.742218	0.00237006
Muller_E	3116107	0.255438	0.742189	0.00237248
Muller_E	3119432	0.25547	0.742154	0.00237542
Muller_E	3119714	0.255473	0.742151	0.00237567
Muller_E	3120862	0.255484	0.742139	0.00237667
Muller_E	3122265	0.255497	0.742125	0.00237788
Muller_E	3123364	0.255508	0.742113	0.00237882
Muller_E	3124138	0.255515	0.742105	0.00237948
Muller_E	3127464	0.255547	0.74207	0.00238227
Muller_E	3128767	0.25556	0.742057	0.00238334
Muller_E	3128895	0.255561	0.742056	0.00238345
Muller_E	3129611	0.255568	0.742048	0.00238403
Muller_E	3129743	0.255569	0.742047	0.00238414
Muller_E	3130171	0.255573	0.742042	0.00238449
Muller_E	3131529	0.255586	0.742028	0.00238559
Muller_E	3137674	0.255645	0.741965	0.00239043
Muller_E	3139976	0.255667	0.741941	0.00239218
Muller_E	3143168	0.255697	0.741908	0.00239457
Muller_E	3169152	0.255944	0.741645	0.00241178
Muller_E	3170575	0.255957	0.74163	0.00241261
Muller_E	3173857	0.255988	0.741598	0.00241448
Muller_E	3192801	0.256165	0.74141	0.00242406
Muller_E	3194086	0.256177	0.741398	0.00242463
Muller_E	3194230	0.256179	0.741396	0.0024247
Muller_E	3207603	0.256303	0.741267	0.00243009
Muller_E	3207708	0.256304	0.741266	0.00243013
Muller_E	3208070	0.256308	0.741262	0.00243026
Muller_E	3208369	0.25631	0.741259	0.00243037
Muller_E	3208507	0.256312	0.741258	0.00243042
Muller_E	3208706	0.256314	0.741256	0.00243049
Muller_E	3210124	0.256327	0.741242	0.002431
Muller_E	3211254	0.256337	0.741231	0.00243139
Muller_E	3212088	0.256345	0.741223	0.00243167
Muller_E	3216063	0.256382	0.741185	0.00243298
Muller_E	3216461	0.256385	0.741181	0.0024331
Muller_E	3217109	0.256391	0.741175	0.0024333
Muller_E	3217441	0.256394	0.741172	0.00243341
Muller_E	3217706	0.256397	0.74117	0.00243349
Muller_E	3217825	0.256398	0.741168	0.00243352
Muller_E	3218354	0.256403	0.741163	0.00243369
Muller_E	3219292	0.256412	0.741154	0.00243397
Muller_E	3219763	0.256416	0.74115	0.00243411
Muller_E	3221459	0.256432	0.741134	0.0024346
Muller_E	3222112	0.256438	0.741128	0.00243478
Muller_E	3223012	0.256446	0.741119	0.00243503
Muller_E	3223549	0.256451	0.741114	0.00243518
Muller_E	3224815	0.256463	0.741102	0.00243552
Muller_E	3226800	0.256481	0.741083	0.00243604
Muller_E	3229718	0.256508	0.741055	0.00243675
Muller_E	3240322	0.256605	0.740956	0.00243895
Muller_E	3240918	0.256611	0.74095	0.00243905
Muller_E	3241273	0.256614	0.740947	0.00243911
Muller_E	3247835	0.256674	0.740886	0.0024401
Muller_E	3251442	0.256707	0.740853	0.00244055
Muller_E	3252203	0.256714	0.740846	0.00244063
Muller_E	3254014	0.25673	0.740829	0.00244081
Muller_E	3254518	0.256735	0.740824	0.00244086
Muller_E	3255141	0.256741	0.740819	0.00244092
Muller_E	3255365	0.256743	0.740817	0.00244094
Muller_E	3259142	0.256777	0.740782	0.00244123
Muller_E	3259935	0.256784	0.740775	0.00244129
Muller_E	3262497	0.256807	0.740751	0.00244143
Muller_E	3263708	0.256818	0.74074	0.00244148
Muller_E	3264644	0.256827	0.740732	0.00244152
Muller_E	3266132	0.25684	0.740718	0.00244156
Muller_E	3266579	0.256844	0.740714	0.00244158
Muller_E	3266806	0.256847	0.740712	0.00244158
Muller_E	3269029	0.256867	0.740692	0.00244162
Muller_E	3271700	0.256891	0.740668	0.00244162
Muller_E	3271881	0.256892	0.740666	0.00244162
Muller_E	3273894	0.256911	0.740648	0.0024416
Muller_E	3275081	0.256921	0.740637	0.00244157
Muller_E	3275989	0.25693	0.740629	0.00244155
Muller_E	3278049	0.256948	0.74061	0.00244148
Muller_E	3280894	0.256974	0.740585	0.00244133
Muller_E	3282107	0.256985	0.740574	0.00244126
Muller_E	3282973	0.256993	0.740566	0.0024412
Muller_E	3284532	0.257007	0.740552	0.00244108
Muller_E	3291321	0.257068	0.740492	0.00244041
Muller_E	3291878	0.257073	0.740487	0.00244034
Muller_E	3293351	0.257086	0.740474	0.00244016
Muller_E	3293759	0.257089	0.74047	0.00244011
Muller_E	3304917	0.257189	0.740372	0.00243827
Muller_E	3306663	0.257205	0.740357	0.00243791
Muller_E	3306880	0.257207	0.740355	0.00243787
Muller_E	3310127	0.257236	0.740327	0.00243716
Muller_E	3312301	0.257255	0.740308	0.00243666
Muller_E	3312718	0.257259	0.740305	0.00243656
Muller_E	3318766	0.257313	0.740252	0.00243499
Muller_E	3323588	0.257355	0.740211	0.00243358
Muller_E	3324201	0.257361	0.740206	0.0024334
Muller_E	3324656	0.257365	0.740202	0.00243326
Muller_E	3325091	0.257369	0.740198	0.00243312
Muller_E	3326084	0.257377	0.74019	0.00243281
Muller_E	3326190	0.257378	0.740189	0.00243277
Muller_E	3330218	0.257414	0.740155	0.00243144
Muller_E	3334866	0.257455	0.740115	0.00242978
Muller_E	3337545	0.257478	0.740093	0.00242877
Muller_E	3340268	0.257502	0.74007	0.0024277
Muller_E	3340480	0.257504	0.740068	0.00242762
Muller_E	3410593	0.258112	0.739503	0.00238526
Muller_E	3431230	0.258287	0.739346	0.0023674
Muller_E	3437416	0.258339	0.739299	0.00236157
Muller_E	3456916	0.258503	0.739155	0.00234174
Muller_E	3457694	0.258509	0.73915	0.00234091
Muller_E	3459001	0.25852	0.73914	0.00233949
Muller_E	3462300	0.258548	0.739116	0.00233588
Muller_E	3464519	0.258566	0.7391	0.00233342
Muller_E	3464673	0.258568	0.739099	0.00233325
Muller_E	3477602	0.258675	0.739007	0.00231832
Muller_E	3525631	0.259069	0.738677	0.00225444
Muller_E	3546828	0.25924	0.738538	0.00222203
Muller_E	3557059	0.259322	0.738473	0.00220546
Muller_E	3566467	0.259397	0.738413	0.0021897
Muller_E	3572057	0.259441	0.738379	0.00218009
Muller_E	3572168	0.259442	0.738378	0.00217989
Muller_E	3579272	0.259499	0.738334	0.00216742
Muller_E	3579502	0.2595	0.738333	0.00216701
Muller_E	3582419	0.259523	0.738315	0.0021618
Muller_E	3590131	0.259584	0.738268	0.00214779
Muller_E	3605233	0.259703	0.738178	0.00211936
Muller_E	3610748	0.259746	0.738146	0.00210866
Muller_E	3611776	0.259754	0.73814	0.00210664
Muller_E	3615071	0.25978	0.73812	0.00210014
Muller_E	3617701	0.2598	0.738105	0.00209491
Muller_E	3617818	0.259801	0.738104	0.00209467
Muller_E	3617948	0.259802	0.738104	0.00209442
Muller_E	3623404	0.259844	0.738072	0.00208342
Muller_E	3630035	0.259896	0.738035	0.00206984
Muller_E	3631532	0.259907	0.738026	0.00206673
Muller_E	3634067	0.259927	0.738012	0.00206145
Muller_E	3642157	0.259989	0.737967	0.00204435
Muller_E	3643438	0.259999	0.73796	0.0020416
Muller_E	3645674	0.260016	0.737947	0.00203679
Muller_E	3652519	0.260068	0.73791	0.00202189
Muller_E	3655257	0.260089	0.737895	0.00201585
Muller_E	3657953	0.26011	0.73788	0.00200986
Muller_E	3660200	0.260127	0.737868	0.00200484
Muller_E	3665461	0.260167	0.73784	0.00199297
Muller_E	3670065	0.260202	0.737816	0.00198245
Muller_E	3757777	0.260853	0.737388	0.0017588
Muller_E	3766114	0.260913	0.737352	0.00173524
Muller_E	3770199	0.260943	0.737334	0.00172355
Muller_E	3771242	0.26095	0.737329	0.00172055
Muller_E	3775369	0.26098	0.737311	0.00170863
Muller_E	3781958	0.261027	0.737283	0.00168938
Muller_E	3788305	0.261073	0.737257	0.0016706
Muller_E	3788531	0.261074	0.737256	0.00166993
Muller_E	3788717	0.261076	0.737255	0.00166937
Muller_E	3791492	0.261096	0.737243	0.00166108
Muller_E	3791929	0.261099	0.737242	0.00165977
Muller_E	3794089	0.261114	0.737233	0.00165328
Muller_E	3798034	0.261142	0.737216	0.00164137
Muller_E	3805877	0.261198	0.737185	0.00161741
Muller_E	3808116	0.261214	0.737176	0.0016105
Muller_E	3837593	0.261421	0.737062	0.00151691
Muller_E	3889492	0.261778	0.736882	0.00134002
Muller_E	3892070	0.261795	0.736874	0.00133083
Muller_E	3892768	0.2618	0.736872	0.00132834
Muller_E	3893846	0.261807	0.736868	0.00132448
Muller_E	3895236	0.261817	0.736864	0.00131949
Muller_E	3896701	0.261826	0.736859	0.00131423
Muller_E	3964144	0.262274	0.736668	0.00105848
Muller_E	3964249	0.262275	0.736667	0.00105806
Muller_E	3964701	0.262278	0.736666	0.00105626
Muller_E	3965335	0.262282	0.736665	0.00105373
Muller_E	3965537	0.262283	0.736664	0.00105293
Muller_E	3971184	0.26232	0.73665	0.00103028
Muller_E	4005791	0.262542	0.73657	0.000887527
Muller_E	4007537	0.262553	0.736567	0.000880142
Muller_E	4008073	0.262556	0.736566	0.000877872
Muller_E	4008732	0.262561	0.736564	0.000875078
Muller_E	4009275	0.262564	0.736563	0.000872774
Muller_E	4009794	0.262567	0.736562	0.000870571
Muller_E	4010462	0.262572	0.736561	0.000867732
Muller_E	4011246	0.262577	0.736559	0.000864398
Muller_E	4011350	0.262577	0.736559	0.000863955
Muller_E	4011743	0.26258	0.736558	0.000862282
Muller_E	4012926	0.262587	0.736555	0.00085724
Muller_E	4015010	0.2626	0.736551	0.000848339
Muller_E	4015956	0.262606	0.736549	0.00084429
Muller_E	4016731	0.262611	0.736548	0.000840969
Muller_E	4017133	0.262614	0.736547	0.000839246
Muller_E	4017640	0.262617	0.736546	0.00083707
Muller_E	4021078	0.262639	0.736539	0.000822279
Muller_E	4021876	0.262644	0.736537	0.000818837
Muller_E	4022513	0.262648	0.736536	0.000816086
Muller_E	4022928	0.26265	0.736535	0.000814292
Muller_E	4024532	0.262661	0.736532	0.000807352
Muller_E	4024639	0.262661	0.736532	0.000806888
Muller_E	4025270	0.262665	0.736531	0.000804153
Muller_E	4027169	0.262677	0.736527	0.000795909
Muller_E	4027437	0.262679	0.736526	0.000794743
Muller_E	4027764	0.262681	0.736526	0.000793321
Muller_E	4029270	0.26269	0.736523	0.000786763
Muller_E	4032202	0.262709	0.736517	0.000773958
Muller_E	4032327	0.26271	0.736517	0.000773411
Muller_E	4033521	0.262717	0.736515	0.000768181
Muller_E	4033797	0.262719	0.736514	0.000766971
Muller_E	4036360	0.262735	0.73651	0.000755714
Muller_E	4037138	0.26274	0.736508	0.000752289
Muller_E	4037610	0.262743	0.736507	0.00075021
Muller_E	4040496	0.262761	0.736502	0.000737467
Muller_E	4040949	0.262763	0.736501	0.000735463
Muller_E	4045900	0.262794	0.736492	0.00071348
Muller_E	4046078	0.262795	0.736492	0.000712687
Muller_E	4046843	0.2628	0.736491	0.000709277
Muller_E	4047581	0.262805	0.736489	0.000705984
Muller_E	4048275	0.262809	0.736488	0.000702884
Muller_E	4048700	0.262812	0.736487	0.000700985
Muller_E	4053592	0.262842	0.736479	0.000679047
Muller_E	4056223	0.262858	0.736475	0.000667191
Muller_E	4056545	0.26286	0.736474	0.000665738
Muller_E	4056951	0.262863	0.736473	0.000663904
Muller_E	4057601	0.262867	0.736472	0.000660966
Muller_E	4057720	0.262867	0.736472	0.000660428
Muller_E	4058043	0.262869	0.736472	0.000658967
Muller_E	4058149	0.26287	0.736471	0.000658488
Muller_E	4058704	0.262874	0.736471	0.000655976
Muller_E	4059417	0.262878	0.736469	0.000652746
Muller_E	4059965	0.262881	0.736468	0.000650261
Muller_E	4061381	0.26289	0.736466	0.000643834
Muller_E	4061745	0.262892	0.736466	0.00064218
Muller_E	4062020	0.262894	0.736465	0.00064093
Muller_E	4062507	0.262897	0.736464	0.000638715
Muller_E	4062941	0.2629	0.736464	0.00063674
Muller_E	4064035	0.262906	0.736462	0.000631756
Muller_E	4064680	0.26291	0.736461	0.000628815
Muller_E	4064829	0.262911	0.736461	0.000628135
Muller_E	4065474	0.0687114	0.929873	0.00141537
Muller_E	4065574	0.26293	0.736446	0.000624325
Muller_E	4066028	0.262996	0.736384	0.000620396
Muller_E	4067541	0.263216	0.736176	0.000607294
Muller_E	4067967	0.263279	0.736118	0.000603603
Muller_E	4068535	0.263361	0.73604	0.000598681
Muller_E	4069245	0.263465	0.735943	0.000592527
Muller_E	4070105	0.26359	0.735825	0.00058507
Muller_E	4071088	0.263733	0.73569	0.000576542
Muller_E	4071641	0.263814	0.735614	0.000571743
Muller_E	4072126	0.263885	0.735548	0.000567533
Muller_E	4072768	0.263978	0.73546	0.000561958
Muller_E	4072973	0.264008	0.735432	0.000560178
Muller_E	4073359	0.264064	0.735379	0.000556825
Muller_E	4075135	0.264323	0.735135	0.000541391
Muller_E	4075254	0.26434	0.735119	0.000540357
Muller_E	4076053	0.264457	0.73501	0.000533409
Muller_E	4077160	0.264618	0.734858	0.000523778
Muller_E	4078165	0.264765	0.73472	0.00051503
Muller_E	4078690	0.264841	0.734648	0.000510458
Muller_E	4078900	0.264872	0.73462	0.00050863
Muller_E	4079010	0.264888	0.734605	0.000507671
Muller_E	4079297	0.26493	0.734565	0.000505172
Muller_E	4081728	0.265284	0.734232	0.000483983
Muller_E	4082079	0.265335	0.734184	0.000480921
Muller_E	4083988	0.265613	0.733923	0.000464263
Muller_E	4085715	0.265865	0.733686	0.000449179
Muller_E	4089306	0.266388	0.733194	0.000417776
Muller_E	4089803	0.26646	0.733126	0.000413426
Muller_E	4092778	0.266894	0.732719	0.000387364
Muller_E	4092894	0.266911	0.732703	0.000386347
Muller_E	4098915	0.267788	0.731879	0.000333487
Muller_E	4109650	0.269352	0.730409	0.000238874
Muller_E	4113217	0.269871	0.729921	0.000207333
Muller_E	4113538	0.269918	0.729878	0.000204492
Muller_E	4114422	0.270047	0.729757	0.000196665
Muller_E	4114803	0.270102	0.729704	0.000193292
Muller_E	4115118	0.270148	0.729661	0.000190502
Muller_E	4116856	0.270401	0.729424	0.000175101
Muller_E	4117074	0.270433	0.729394	0.000173168
Muller_E	4117473	0.270491	0.729339	0.000169631
Muller_E	4118970	0.270709	0.729135	0.000156352
Muller_E	4121851	0.271129	0.728741	0.000130771
Muller_E	4122071	0.271161	0.72871	0.000128817
Muller_E	4122393	0.271208	0.728666	0.000125955
Muller_E	4122818	0.27127	0.728608	0.000122178
Muller_E	4124318	0.271488	0.728403	0.00010884
Muller_E	4124418	0.271503	0.728389	0.00010795
Muller_E	4126492	0.271805	0.728106	8.94928e-05
Muller_E	4127527	0.271955	0.727964	8.02753e-05
Muller_E	4127720	0.540563	0.45943	6.4593e-06
Muller_E	4128101	0.271995	0.727926	7.81879e-05
Muller_E	4128234	0.271999	0.727922	7.80592e-05
Muller_E	4130334	0.272065	0.727859	7.60134e-05
Muller_E	4132221	0.272124	0.727802	7.41533e-05
Muller_E	4134741	0.272202	0.727726	7.1637e-05
Muller_E	4134982	0.27221	0.727719	7.13944e-05
Muller_E	4136547	0.272259	0.727671	6.98109e-05
Muller_E	4140224	0.272373	0.727561	6.60344e-05
Muller_E	4140902	0.272394	0.72754	6.53295e-05
Muller_E	4141485	0.272413	0.727523	6.47212e-05
Muller_E	4143836	0.272486	0.727452	6.22482e-05
Muller_E	4144350	0.272502	0.727436	6.17032e-05
Muller_E	4144848	0.272517	0.727421	6.11738e-05
Muller_E	4150850	0.272704	0.727241	5.46795e-05
Muller_E	4151927	0.272738	0.727209	5.3492e-05
Muller_E	4154621	0.272822	0.727128	5.04922e-05
Muller_E	4159745	0.272981	0.726974	4.46703e-05
Muller_E	4159958	0.272988	0.726968	4.4425e-05
Muller_E	4160923	0.273018	0.726939	4.33103e-05
Muller_E	4161787	0.273044	0.726913	4.23077e-05
Muller_E	4162162	0.273056	0.726902	4.18712e-05
Muller_E	4163984	0.273113	0.726848	3.97388e-05
Muller_E	4164218	0.27312	0.726841	3.94636e-05
Muller_E	4164859	0.27314	0.726821	3.87079e-05
Muller_E	4165033	0.273145	0.726816	3.85024e-05
Muller_E	4165157	0.273149	0.726813	3.83558e-05
Muller_E	4165383	0.273156	0.726806	3.80884e-05
Muller_E	4165808	0.273169	0.726793	3.75848e-05
Muller_E	4165958	0.273174	0.726789	3.74068e-05
Muller_E	4166062	0.412901	0.587095	3.88179e-06
Muller_E	4166243	0.273176	0.726786	3.73744e-05
Muller_E	4166628	0.273174	0.726789	3.75677e-05
Muller_E	4168755	0.273161	0.7268	3.86197e-05
Muller_E	4172546	0.273139	0.72682	4.0429e-05
Muller_E	4172827	0.273138	0.726822	4.05598e-05
Muller_E	4173860	0.273131	0.726827	4.10365e-05
Muller_E	4176100	0.273118	0.72684	4.20489e-05
Muller_E	4176326	0.273117	0.726841	4.21494e-05
Muller_E	4176826	0.273114	0.726844	4.23707e-05
Muller_E	4177022	0.273113	0.726845	4.2457e-05
Muller_E	4178339	0.273105	0.726852	4.30314e-05
Muller_E	4178608	0.273104	0.726853	4.31475e-05
Muller_E	4179326	0.273099	0.726857	4.34552e-05
Muller_E	4180712	0.273091	0.726865	4.40407e-05
Muller_E	4180966	0.27309	0.726866	4.41468e-05
Muller_E	4184926	0.273066	0.726888	4.57519e-05
Muller_E	4185178	0.273065	0.726889	4.58509e-05
Muller_E	4185319	0.273064	0.72689	4.59062e-05
Muller_E	4185532	0.273063	0.726891	4.59894e-05
Muller_E	4187632	0.27305	0.726903	4.67959e-05
Muller_E	4188227	0.273047	0.726906	4.70197e-05
Muller_E	4188670	0.273044	0.726909	4.7185e-05
Muller_E	4192621	0.273021	0.726931	4.86084e-05
Muller_E	4193546	0.273015	0.726936	4.89285e-05
Muller_E	4194407	0.27301	0.726941	4.92219e-05
Muller_E	4195783	0.273002	0.726949	4.96818e-05
Muller_E	4196010	0.273	0.72695	4.97566e-05
Muller_E	4197440	0.272992	0.726958	5.02209e-05
Muller_E	4198223	0.272987	0.726962	5.047e-05
Muller_E	4199021	0.272982	0.726967	5.07203e-05
Muller_E	4199203	0.272981	0.726968	5.07768e-05
Muller_E	4199424	0.27298	0.726969	5.08452e-05
Muller_E	4199639	0.272979	0.72697	5.09115e-05
Muller_E	4199983	0.272977	0.726972	5.1017e-05
Muller_E	4203293	0.272957	0.726991	5.19965e-05
Muller_E	4205814	0.272942	0.727005	5.26995e-05
Muller_E	4206134	0.27294	0.727007	5.2786e-05
Muller_E	4207588	0.272931	0.727016	5.31719e-05
Muller_E	4210680	0.272913	0.727033	5.39512e-05
Muller_E	4210928	0.272911	0.727035	5.40113e-05
Muller_E	4211312	0.272909	0.727037	5.41036e-05
Muller_E	4211755	0.272906	0.72704	5.4209e-05
Muller_E	4213444	0.272896	0.727049	5.46005e-05
Muller_E	4216650	0.272877	0.727068	5.52975e-05
Muller_E	4217058	0.272874	0.72707	5.53819e-05
Muller_E	4217453	0.272872	0.727073	5.54627e-05
Muller_E	4217565	0.272871	0.727073	5.54855e-05
Muller_E	4217669	0.27287	0.727074	5.55065e-05
Muller_E	4217825	0.27287	0.727075	5.5538e-05
Muller_E	4218923	0.272863	0.727081	5.57553e-05
Muller_E	4225215	0.272825	0.727118	5.68647e-05
Muller_E	4232774	0.272779	0.727163	5.7891e-05
Muller_E	4235298	0.272763	0.727178	5.81592e-05
Muller_E	4245993	0.272698	0.727243	5.88816e-05
Muller_E	4252835	0.272656	0.727285	5.89924e-05
Muller_E	4253725	0.27265	0.727291	5.89866e-05
Muller_E	4256197	0.272635	0.727306	5.89464e-05
Muller_E	4261234	0.272604	0.727337	5.87535e-05
Muller_E	4262892	0.272594	0.727348	5.86575e-05
Muller_E	4263238	0.272592	0.72735	5.86355e-05
Muller_E	4263588	0.272589	0.727352	5.86124e-05
Muller_E	4264621	0.272583	0.727358	5.85403e-05
Muller_E	4266950	0.272569	0.727373	5.83547e-05
Muller_E	4267529	0.272565	0.727377	5.83036e-05
Muller_E	4276223	0.272511	0.727432	5.73005e-05
Muller_E	4311688	0.272287	0.727665	4.86203e-05
Muller_E	4311965	0.272285	0.727667	4.85235e-05
Muller_E	4312254	0.272283	0.727668	4.8422e-05
Muller_E	4312510	0.413822	0.586174	4.41104e-06
Muller_E	4334492	0.271261	0.728647	9.20309e-05
Muller_E	4352032	0.270446	0.72943	0.000124914
Muller_E	4353438	0.27038	0.729492	0.000127474
Muller_E	4356857	0.270221	0.729645	0.00013365
Muller_E	4360054	0.270072	0.729788	0.000139365
Muller_E	4374783	0.269386	0.730449	0.000164936
Muller_E	4374946	0.269379	0.730456	0.000165212
Muller_E	4381350	0.26908	0.730744	0.000175935
Muller_E	4558836	0.260747	0.738874	0.000378722
Muller_E	4562012	0.260597	0.739023	0.000380681
Muller_E	4564083	0.260499	0.739119	0.000381927
Muller_E	4564194	0.260493	0.739125	0.000381993
Muller_E	4568491	0.26029	0.739325	0.000384495
Muller_E	4569115	0.260261	0.739355	0.00038485
Muller_E	4569749	0.260231	0.739384	0.000385207
Muller_E	4570340	0.260203	0.739412	0.000385539
Muller_E	4571890	0.260129	0.739484	0.000386398
Muller_E	4572624	0.260095	0.739519	0.0003868
Muller_E	4573491	0.260054	0.739559	0.000387271
Muller_E	4573809	0.260038	0.739574	0.000387442
Muller_E	4577361	0.25987	0.73974	0.000389318
Muller_E	4577462	0.259866	0.739745	0.00038937
Muller_E	4578308	0.259825	0.739785	0.000389806
Muller_E	4580664	0.259714	0.739895	0.000390996
Muller_E	4580954	0.2597	0.739909	0.00039114
Muller_E	4581769	0.259662	0.739947	0.000391543
Muller_E	4581909	0.259655	0.739953	0.000391612
Muller_E	4583019	0.259602	0.740005	0.000392154
Muller_E	4583393	0.259585	0.740023	0.000392334
Muller_E	4583516	0.259579	0.740029	0.000392394
Muller_E	4584473	0.259533	0.740074	0.000392852
Muller_E	4589180	0.25931	0.740295	0.000395028
Muller_E	4590247	0.25926	0.740345	0.000395503
Muller_E	4591539	0.259199	0.740405	0.000396069
Muller_E	4593253	0.259117	0.740486	0.000396805
Muller_E	4593508	0.259105	0.740498	0.000396913
Muller_E	4593974	0.259083	0.74052	0.00039711
Muller_E	4595111	0.259029	0.740573	0.000397584
Muller_E	4595303	0.25902	0.740582	0.000397663
Muller_E	4597548	0.258914	0.740688	0.000398575
Muller_E	4597833	0.2589	0.740701	0.000398688
Muller_E	4600306	0.258783	0.740817	0.000399654
Muller_E	4607273	0.258452	0.741145	0.00040218
Muller_E	4607398	0.258446	0.741151	0.000402223
Muller_E	4610441	0.258302	0.741295	0.000403234
Muller_E	4611041	0.258273	0.741323	0.000403427
Muller_E	4611562	0.258249	0.741348	0.000403593
Muller_E	4611697	0.258242	0.741354	0.000403636
Muller_E	4612447	0.258207	0.741389	0.000403872
Muller_E	4612733	0.258193	0.741403	0.000403961
Muller_E	4612927	0.258184	0.741412	0.000404021
Muller_E	4613148	0.258173	0.741422	0.000404089
Muller_E	4614502	0.258109	0.741486	0.0004045
Muller_E	4615888	0.258043	0.741552	0.000404909
Muller_E	4616173	0.25803	0.741565	0.000404992
Muller_E	4616508	0.258014	0.741581	0.000405089
Muller_E	4616663	0.258007	0.741588	0.000405134
Muller_E	4618190	0.257934	0.74166	0.000405565
Muller_E	4619781	0.257858	0.741736	0.000406
Muller_E	4622166	0.257745	0.741848	0.000406624
Muller_E	4626314	0.257548	0.742044	0.000407629
Muller_E	4626864	0.257522	0.74207	0.000407754
Muller_E	4627368	0.257498	0.742094	0.000407868
Muller_E	4627488	0.257492	0.7421	0.000407895
Muller_E	4633961	0.257184	0.742406	0.000409216
Muller_E	4635834	0.257095	0.742495	0.000409553
Muller_E	4636452	0.257066	0.742524	0.000409659
Muller_E	4637295	0.257026	0.742564	0.000409801
Muller_E	4640891	0.256855	0.742735	0.000410357
Muller_E	4645727	0.256624	0.742965	0.000410986
Muller_E	4646376	0.256594	0.742995	0.00041106
Muller_E	4646798	0.256573	0.743015	0.000411106
Muller_E	4653320	0.256263	0.743325	0.000411694
Muller_E	4656520	0.25611	0.743478	0.000411891
Muller_E	4672665	0.255341	0.744247	0.000411959
Muller_E	4674140	0.25527	0.744318	0.000411889
Muller_E	4675745	0.255194	0.744395	0.000411798
Muller_E	4676485	0.255158	0.74443	0.00041175
Muller_E	4677110	0.255129	0.74446	0.000411708
Muller_E	4677655	0.255103	0.744486	0.000411669
Muller_E	4678986	0.255039	0.744549	0.000411567
Muller_E	4680223	0.25498	0.744609	0.000411462
Muller_E	4682403	0.254876	0.744713	0.000411256
Muller_E	4682621	0.254865	0.744723	0.000411233
Muller_E	4684270	0.254787	0.744802	0.000411057
Muller_E	4685491	0.254728	0.744861	0.000410915
Muller_E	4686019	0.254703	0.744886	0.000410851
Muller_E	4687101	0.254652	0.744938	0.000410715
Muller_E	4689628	0.254531	0.745059	0.000410371
Muller_E	4690052	0.254511	0.745079	0.000410309
Muller_E	4690344	0.254497	0.745093	0.000410266
Muller_E	4690905	0.25447	0.74512	0.000410182
Muller_E	4691125	0.254459	0.745131	0.000410149
Muller_E	4691712	0.254431	0.745159	0.000410058
Muller_E	4691999	0.254417	0.745172	0.000410013
Muller_E	4692111	0.254412	0.745178	0.000409995
Muller_E	4693234	0.254358	0.745232	0.000409813
Muller_E	4693620	0.25434	0.74525	0.000409749
Muller_E	4693753	0.254334	0.745257	0.000409727
Muller_E	4694021	0.254321	0.745269	0.000409681
Muller_E	4694592	0.254294	0.745297	0.000409583
Muller_E	4696429	0.254206	0.745385	0.000409255
Muller_E	4696792	0.254188	0.745402	0.000409188
Muller_E	4699402	0.254064	0.745528	0.000408681
Muller_E	4700957	0.253989	0.745602	0.00040836
Muller_E	4702606	0.25391	0.745682	0.000408004
Muller_E	4708142	0.253646	0.745948	0.00040669
Muller_E	4712097	0.253456	0.746138	0.00040564
Muller_E	4713898	0.25337	0.746225	0.000405131
Muller_E	4714194	0.253356	0.746239	0.000405046
Muller_E	4717094	0.253217	0.746379	0.000404181
Muller_E	4717794	0.253184	0.746412	0.000403965
Muller_E	4720564	0.253051	0.746546	0.00040308
Muller_E	4722390	0.252963	0.746634	0.000402472
Muller_E	4727534	0.252717	0.746882	0.000400653
Muller_E	4730688	0.252566	0.747035	0.00039946
Muller_E	4731377	0.252533	0.747068	0.000399191
Muller_E	4732944	0.252458	0.747144	0.00039857
Muller_E	4738342	0.252199	0.747405	0.000396318
Muller_E	4739398	0.252148	0.747456	0.000395857
Muller_E	4742492	0.252	0.747606	0.000394469
Muller_E	4745718	0.251845	0.747762	0.00039296
Muller_E	4746457	0.251809	0.747798	0.000392606
Muller_E	4748015	0.251735	0.747873	0.000391848
Muller_E	4748352	0.251718	0.74789	0.000391683
Muller_E	4748630	0.251705	0.747903	0.000391545
Muller_E	4751071	0.251588	0.748022	0.00039032
Muller_E	4751685	0.251558	0.748052	0.000390007
Muller_E	4751817	0.251552	0.748058	0.000389939
Muller_E	4752607	0.251514	0.748096	0.000389531
Muller_E	4752773	0.251506	0.748104	0.000389445
Muller_E	4753826	0.251456	0.748155	0.000388895
Muller_E	4754671	0.251415	0.748196	0.000388449
Muller_E	4756619	0.251321	0.748291	0.000387404
Muller_E	4759191	0.251198	0.748416	0.00038599
Muller_E	4761262	0.251098	0.748517	0.000384822
Muller_E	4761866	0.251069	0.748546	0.000384477
Muller_E	4761985	0.251064	0.748552	0.000384409
Muller_E	4763545	0.250989	0.748628	0.000383506
Muller_E	4764509	0.250942	0.748675	0.00038294
Muller_E	4765595	0.25089	0.748728	0.000382297
Muller_E	4766291	0.250857	0.748761	0.000381881
Muller_E	4766501	0.250847	0.748772	0.000381755
Muller_E	4767354	0.250806	0.748813	0.00038124
Muller_E	4769627	0.250696	0.748924	0.000379846
Muller_E	4769950	0.250681	0.74894	0.000379646
Muller_E	4772288	0.250568	0.749054	0.000378176
Muller_E	4773763	0.250497	0.749125	0.000377232
Muller_E	4773963	0.250488	0.749135	0.000377102
Muller_E	4774375	0.250468	0.749155	0.000376836
Muller_E	4774957	0.25044	0.749184	0.000376458
Muller_E	4775479	0.250415	0.749209	0.000376117
Muller_E	4776619	0.25036	0.749265	0.000375366
Muller_E	4779373	0.250227	0.749399	0.000373522
Muller_E	4781913	0.250105	0.749523	0.00037178
Muller_E	4782620	0.250071	0.749558	0.000371288
Muller_E	4783326	0.250037	0.749592	0.000370794
Muller_E	4786044	0.249906	0.749725	0.000368865
Muller_E	4786690	0.249875	0.749756	0.0003684
Muller_E	4789453	0.249742	0.749892	0.000366383
Muller_E	4790377	0.249698	0.749937	0.000365698
Muller_E	4792360	0.249602	0.750034	0.000364211
Muller_E	4792549	0.249593	0.750043	0.000364068
Muller_E	4792702	0.249586	0.75005	0.000363952
Muller_E	4822723	0.248137	0.751524	0.0003385
Muller_E	4832155	0.247682	0.751989	0.000329388
Muller_E	4834924	0.247548	0.752126	0.000326611
Muller_E	4838041	0.247397	0.752279	0.00032343
Muller_E	4839031	0.247349	0.752328	0.000322407
Muller_E	4840034	0.247301	0.752378	0.000321365
Muller_E	4843722	0.247122	0.75256	0.000317482
Muller_E	4844215	0.247098	0.752585	0.000316957
Muller_E	4846930	0.246967	0.752719	0.000314037
Muller_E	4847984	0.246916	0.752771	0.000312892
Muller_E	4849699	0.246833	0.752856	0.000311015
Muller_E	4849916	0.246823	0.752867	0.000310776
Muller_E	4850646	0.246787	0.752903	0.00030997
Muller_E	4851102	0.246765	0.752925	0.000309465
Muller_E	4851280	0.246756	0.752934	0.000309268
Muller_E	4852753	0.246685	0.753007	0.000307627
