chrom	position	2,0	1,1	0,2
Muller_E	62882	0.231906	0.692935	0.0751599
Muller_E	267432	0.22123	0.715755	0.0630148
Muller_E	441230	0.212066	0.735374	0.0525602
Muller_E	511157	0.208352	0.743331	0.0483164
Muller_E	557879	0.205862	0.74867	0.0454685
Muller_E	581000	0.204627	0.751318	0.0440553
Muller_E	709108	0.19775	0.766071	0.0361792
Muller_E	768129	0.194562	0.772914	0.0325233
Muller_E	785241	0.193635	0.774904	0.0314601
Muller_E	787322	0.193523	0.775147	0.0313307
Muller_E	787424	0.193517	0.775159	0.0313244
Muller_E	788173	0.193477	0.775246	0.0312778
Muller_E	788750	0.193445	0.775313	0.0312419
Muller_E	788860	0.193439	0.775326	0.0312351
Muller_E	791823	0.193279	0.775671	0.0310508
Muller_E	802257	0.192713	0.776886	0.0304014
Muller_E	893794	0.308583	0.688816	0.00260165
Muller_E	894300	0.187672	0.787647	0.0246814
Muller_E	896281	0.187443	0.78787	0.0246863
Muller_E	897287	0.187327	0.787984	0.0246888
Muller_E	897987	0.187247	0.788063	0.0246906
Muller_E	901015	0.186898	0.788404	0.024698
Muller_E	901718	0.186817	0.788484	0.0246998
Muller_E	923408	0.184315	0.790933	0.0247521
Muller_E	923675	0.184285	0.790963	0.0247527
Muller_E	924320	0.18421	0.791036	0.0247542
Muller_E	927795	0.183809	0.791428	0.0247624
Muller_E	948021	0.181475	0.793716	0.0248088
Muller_E	948230	0.181451	0.79374	0.0248092
Muller_E	958531	0.180262	0.794906	0.0248321
Muller_E	967701	0.179203	0.795945	0.0248521
Muller_E	969142	0.179036	0.796108	0.0248552
Muller_E	1033237	0.171626	0.803391	0.0249833
Muller_E	1120573	0.161504	0.813369	0.0251262
Muller_E	1123171	0.161203	0.813667	0.0251299
Muller_E	1146845	0.158454	0.816384	0.025162
Muller_E	1148492	0.158263	0.816573	0.0251641
Muller_E	1168315	0.155959	0.818852	0.0251887
Muller_E	1213395	0.150715	0.824047	0.0252374
Muller_E	1262309	0.145016	0.829705	0.0252786
Muller_E	1275111	0.143523	0.831189	0.0252874
Muller_E	1275707	0.143454	0.831259	0.0252878
Muller_E	1314313	0.138946	0.835744	0.0253091
Muller_E	1318297	0.138481	0.836208	0.0253109
Muller_E	1358440	0.133787	0.840889	0.0253241
Muller_E	1358616	0.133766	0.840909	0.0253242
Muller_E	1378824	0.131401	0.843272	0.0253276
Muller_E	1480336	0.11949	0.855197	0.0253124
Muller_E	1489232	0.118444	0.856247	0.0253084
Muller_E	1645912	0.0999592	0.874873	0.0251677
Muller_E	1673398	0.096704	0.878167	0.025129
Muller_E	1718642	0.0913373	0.883607	0.0250558
Muller_E	1746815	0.0879901	0.887006	0.0250043
Muller_E	1763447	0.0860122	0.889016	0.0249718
Muller_E	1765039	0.0858228	0.889209	0.0249686
Muller_E	1765159	0.0858085	0.889223	0.0249684
Muller_E	1765369	0.0857835	0.889249	0.0249679
Muller_E	1771226	0.0850865	0.889957	0.024956
Muller_E	1799036	0.0817748	0.893328	0.0248968
Muller_E	1802542	0.081357	0.893754	0.024889
Muller_E	1802678	0.0813408	0.893771	0.0248887
Muller_E	1803039	0.0812977	0.893814	0.0248879
Muller_E	1803347	0.081261	0.893852	0.0248872
Muller_E	1805518	0.0810023	0.894115	0.0248823
Muller_E	1812938	0.0801177	0.895017	0.0248655
Muller_E	1813040	0.0801055	0.895029	0.0248652
Muller_E	1815234	0.0798439	0.895296	0.0248602
Muller_E	1815907	0.0797637	0.895378	0.0248586
Muller_E	1816383	0.0797069	0.895436	0.0248575
Muller_E	1831501	0.0779034	0.897275	0.0248219
Muller_E	1850978	0.0755781	0.899648	0.0247739
Muller_E	1851905	0.0754673	0.899761	0.0247716
Muller_E	1852166	0.0754362	0.899793	0.0247709
Muller_E	1857635	0.0747828	0.90046	0.024757
Muller_E	1861157	0.074362	0.90089	0.024748
Muller_E	1861336	0.0743406	0.900912	0.0247475
Muller_E	1861880	0.0742756	0.900978	0.0247461
Muller_E	1866595	0.073712	0.901554	0.0247339
Muller_E	1870209	0.07328	0.901996	0.0247244
Muller_E	1871973	0.0141004	0.912138	0.0737614
Muller_E	1880064	0.0729738	0.902545	0.0244816
Muller_E	1889333	0.0728642	0.902928	0.0242081
Muller_E	1891195	0.0728421	0.903005	0.0241531
Muller_E	1894320	0.0728049	0.903134	0.0240608
Muller_E	1900363	0.072733	0.903385	0.023882
Muller_E	1904375	0.0726851	0.903552	0.0237632
Muller_E	1915469	0.0725521	0.904014	0.023434
Muller_E	1927060	0.0724123	0.904498	0.0230893
Muller_E	1932459	0.0723469	0.904725	0.0229284
Muller_E	1944351	0.0722022	0.905224	0.0225734
Muller_E	1946702	0.0721735	0.905323	0.0225031
Muller_E	1961660	0.07199	0.905955	0.0220549
Muller_E	1975567	0.0718181	0.906545	0.0216369
Muller_E	2011856	0.0713639	0.908096	0.0205399
Muller_E	2013122	0.0713479	0.908151	0.0205015
Muller_E	2044597	0.070947	0.90951	0.0195427
Muller_E	2048236	0.0709003	0.909668	0.0194314
Muller_E	2048434	0.0708977	0.909677	0.0194253
Muller_E	2086567	0.0704027	0.911344	0.0182537
Muller_E	2103366	0.0701816	0.912084	0.0177344
Muller_E	2117584	0.0699932	0.912713	0.0172934
Muller_E	2126123	0.0698793	0.913093	0.0170279
Muller_E	2135792	0.0697499	0.913523	0.0167267
Muller_E	2140907	0.0696812	0.913752	0.016567
Muller_E	2141169	0.0696777	0.913763	0.0165589
Muller_E	2142715	0.0696569	0.913833	0.0165106
Muller_E	2145389	0.0696208	0.913952	0.016427
Muller_E	2146953	0.0695998	0.914022	0.0163781
Muller_E	2147057	0.0695984	0.914027	0.0163749
Muller_E	2201852	0.0688495	0.916499	0.0146514
Muller_E	2204792	0.0688088	0.916633	0.0145583
Muller_E	2219543	0.0686037	0.917306	0.0140905
Muller_E	2220290	0.0685932	0.91734	0.0140668
Muller_E	2241628	0.0682939	0.918319	0.0133874
Muller_E	2243471	0.0682679	0.918404	0.0133285
Muller_E	2531559	0.109416	0.889825	0.000758673
Muller_E	2693610	0.0572944	0.939786	0.00291978
Muller_E	2696554	0.0571721	0.939927	0.00290125
Muller_E	2706179	0.0567719	0.940388	0.00284023
Muller_E	2713009	0.0564876	0.940716	0.00279651
Muller_E	2716202	0.0563545	0.94087	0.00277595
Muller_E	2721440	0.0561361	0.941122	0.00274205
Muller_E	2735475	0.0555498	0.9418	0.00265022
Muller_E	2763120	0.054391	0.943144	0.00246502
Muller_E	2777976	0.0537661	0.943871	0.00236312
Muller_E	2779619	0.0536968	0.943951	0.00235175
Muller_E	2787347	0.053371	0.944331	0.00229799
Muller_E	2788916	0.0533048	0.944408	0.00228702
Muller_E	2795398	0.0530311	0.944727	0.0022415
Muller_E	2798296	0.0529087	0.94487	0.00222105
Muller_E	2799305	0.052866	0.94492	0.00221391
Muller_E	2800245	0.0528263	0.944966	0.00220726
Muller_E	2800507	0.0528152	0.944979	0.0022054
Muller_E	2800780	0.0528037	0.944993	0.00220347
Muller_E	2800932	0.0527973	0.945	0.00220239
Muller_E	2801158	0.0527877	0.945012	0.00220079
Muller_E	2805736	0.052594	0.945238	0.00216825
Muller_E	2807233	0.0525307	0.945312	0.00215758
Muller_E	2807795	0.0525069	0.94534	0.00215357
Muller_E	2808363	0.0524828	0.945368	0.00214951
Muller_E	2809031	0.0524546	0.945401	0.00214474
Muller_E	2809272	0.0524444	0.945413	0.00214301
Muller_E	2809909	0.0524174	0.945444	0.00213846
Muller_E	2811470	0.0523513	0.945521	0.00212728
Muller_E	2811776	0.0523383	0.945537	0.00212508
Muller_E	2812117	0.0523239	0.945554	0.00212264
Muller_E	2815676	0.052173	0.94573	0.00209706
Muller_E	2816259	0.0521483	0.945759	0.00209287
Muller_E	2817070	0.0521139	0.945799	0.00208702
Muller_E	2817616	0.0520908	0.945826	0.00208308
Muller_E	2819402	0.052015	0.945915	0.00207019
Muller_E	2820166	0.0519826	0.945953	0.00206466
Muller_E	2820386	0.0519733	0.945964	0.00206307
Muller_E	2820775	0.0519568	0.945983	0.00206026
Muller_E	2821135	0.0519415	0.946001	0.00205765
Muller_E	2821440	0.0519286	0.946016	0.00205544
Muller_E	2826939	0.0516951	0.946289	0.0020155
Muller_E	2831172	0.0515153	0.9465	0.00198459
Muller_E	2831515	0.0515007	0.946517	0.00198208
Muller_E	2832336	0.0514658	0.946558	0.00197607
Muller_E	2833070	0.0514346	0.946595	0.00197069
Muller_E	2850717	0.0506833	0.947477	0.00184014
Muller_E	2853215	0.0505767	0.947602	0.00182147
Muller_E	2856496	0.0504367	0.947766	0.00179688
Muller_E	2856945	0.0504175	0.947789	0.0017935
Muller_E	2857481	0.0503947	0.947816	0.00178948
Muller_E	2858163	0.0503655	0.94785	0.00178435
Muller_E	2859754	0.0502976	0.94793	0.00177237
Muller_E	2859987	0.0502877	0.947942	0.00177062
Muller_E	2862604	0.0501759	0.948073	0.00175087
Muller_E	2866488	0.0500099	0.948269	0.00172147
Muller_E	2867267	0.0499766	0.948308	0.00171556
Muller_E	2868557	0.0499214	0.948373	0.00170576
Muller_E	2870085	0.049856	0.94845	0.00169414
Muller_E	2870623	0.049833	0.948477	0.00169005
Muller_E	2876155	0.0495962	0.948756	0.0016478
Muller_E	2877151	0.0495536	0.948806	0.00164017
Muller_E	2886067	0.0491714	0.949257	0.00157152
Muller_E	2886534	0.0491514	0.949281	0.00156791
Muller_E	2887599	0.0491057	0.949335	0.00155967
Muller_E	2887882	0.0490935	0.949349	0.00155748
Muller_E	2888492	0.0490674	0.94938	0.00155275
Muller_E	2888607	0.0490624	0.949386	0.00155186
Muller_E	2890000	0.0490026	0.949456	0.00154105
Muller_E	2890387	0.048986	0.949476	0.00153805
Muller_E	2890907	0.0489637	0.949502	0.00153401
Muller_E	2894764	0.0487981	0.949698	0.00150398
Muller_E	2899098	0.0486118	0.949918	0.00147011
Muller_E	2901481	0.0485093	0.950039	0.00145142
Muller_E	2901643	0.0485024	0.950047	0.00145015
Muller_E	2902627	0.0484601	0.950098	0.00144242
Muller_E	2903432	0.0484254	0.950138	0.00143609
Muller_E	2904998	0.048358	0.950218	0.00142376
Muller_E	2905994	0.0483152	0.950269	0.00141592
Muller_E	2907134	0.0482661	0.950327	0.00140692
Muller_E	2908511	0.0482068	0.950397	0.00139605
Muller_E	2909452	0.0481663	0.950445	0.0013886
Muller_E	2910160	0.0481358	0.950481	0.001383
Muller_E	2911022	0.0480987	0.950525	0.00137617
Muller_E	2911252	0.0480888	0.950537	0.00137435
Muller_E	2911992	0.0480569	0.950575	0.00136849
Muller_E	2914672	0.0479414	0.950711	0.0013472
Muller_E	2915489	0.0479062	0.950753	0.00134071
Muller_E	2918585	0.0477727	0.950911	0.00131603
Muller_E	2919015	0.0477541	0.950933	0.0013126
Muller_E	2919728	0.0477234	0.95097	0.00130691
Muller_E	2919971	0.0477129	0.950982	0.00130497
Muller_E	2921506	0.0476467	0.951061	0.00129269
Muller_E	2922564	0.047601	0.951115	0.00128422
Muller_E	2922707	0.0475948	0.951122	0.00128307
Muller_E	2924226	0.0475293	0.9512	0.00127089
Muller_E	2925108	0.0474912	0.951245	0.00126381
Muller_E	2925552	0.047472	0.951268	0.00126025
Muller_E	2928855	0.0473294	0.951437	0.00123367
Muller_E	2930674	0.0472508	0.95153	0.001219
Muller_E	2931258	0.0472255	0.95156	0.00121428
Muller_E	2931592	0.0472111	0.951577	0.00121158
Muller_E	2931798	0.0472022	0.951588	0.00120992
Muller_E	2932326	0.0471793	0.951615	0.00120565
Muller_E	2945623	0.0466039	0.952299	0.00109746
Muller_E	2945753	0.0465982	0.952305	0.0010964
Muller_E	2945878	0.0465928	0.952312	0.00109537
Muller_E	2946001	0.0465875	0.952318	0.00109437
Muller_E	2955783	0.0461633	0.952823	0.00101389
Muller_E	2957997	0.0460672	0.952937	0.000995569
Muller_E	2959282	0.0460114	0.953004	0.000984921
Muller_E	2959697	0.00745965	0.990659	0.00188129
Muller_E	2959819	0.0459954	0.953025	0.000979544
Muller_E	2960759	0.0460111	0.953024	0.000964631
Muller_E	2961667	0.0460263	0.953023	0.00095022
Muller_E	2961801	0.0460286	0.953023	0.000948093
Muller_E	2963254	0.0460529	0.953022	0.000925018
Muller_E	2963568	0.0460581	0.953022	0.000920029
Muller_E	2975263	0.0462531	0.953013	0.000733714
Muller_E	2976725	0.0462775	0.953012	0.000710352
Muller_E	2977784	0.0462951	0.953012	0.00069342
Muller_E	2982473	0.0463729	0.953009	0.000618352
Muller_E	2984283	0.0464029	0.953008	0.000589332
Muller_E	2985483	0.0464228	0.953007	0.000570079
Muller_E	2985658	0.0464257	0.953007	0.00056727
Muller_E	2985908	0.0464298	0.953007	0.000563258
Muller_E	2987685	0.0464592	0.953006	0.000534722
Muller_E	2992894	0.0465454	0.953004	0.000450943
Muller_E	2993313	0.0465523	0.953004	0.000444195
Muller_E	2993798	0.0465603	0.953003	0.000436383
Muller_E	2994137	0.0465659	0.953003	0.000430921
Muller_E	2994487	0.0465717	0.953003	0.000425282
Muller_E	2994615	0.0465738	0.953003	0.000423219
Muller_E	2995123	0.217697	0.782273	2.96465e-05
Muller_E	2995701	0.0465599	0.953025	0.00041487
Muller_E	2996048	0.0465466	0.953039	0.000414773
Muller_E	2996738	0.04652	0.953065	0.000414575
Muller_E	2996880	0.0465146	0.953071	0.000414534
Muller_E	2997113	0.0465056	0.95308	0.000414466
Muller_E	2999116	0.0464286	0.953158	0.000413867
Muller_E	2999459	0.0464154	0.953171	0.000413761
Muller_E	3001420	0.0463399	0.953247	0.000413139
Muller_E	3001578	0.0463338	0.953253	0.000413088
Muller_E	3001696	0.0463293	0.953258	0.000413049
Muller_E	3002579	0.0462953	0.953292	0.000412758
Muller_E	3003095	0.0462754	0.953312	0.000412584
Muller_E	3003540	0.0462583	0.953329	0.000412434
Muller_E	3004120	0.0462359	0.953352	0.000412235
Muller_E	3005221	0.0461935	0.953395	0.00041185
Muller_E	3007967	0.0460877	0.953501	0.000410849
Muller_E	3012773	0.0459024	0.953689	0.000408959
Muller_E	3013331	0.0458809	0.95371	0.000408728
Muller_E	3013618	0.0458698	0.953722	0.000408609
Muller_E	3014080	0.045852	0.95374	0.000408415
Muller_E	3014783	0.0458249	0.953767	0.000408116
Muller_E	3016296	0.0457665	0.953826	0.000407462
Muller_E	3017214	0.045731	0.953862	0.000407056
Muller_E	3018320	0.0456883	0.953905	0.000406558
Muller_E	3018982	0.0456627	0.953931	0.000406256
Muller_E	3019303	0.0456504	0.953944	0.000406108
Muller_E	3019831	0.04563	0.953964	0.000405863
Muller_E	3021834	0.0455526	0.954043	0.000404915
Muller_E	3021944	0.0455483	0.954047	0.000404862
Muller_E	3023127	0.0455026	0.954093	0.000404286
Muller_E	3024474	0.0454505	0.954146	0.000403618
Muller_E	3024813	0.0454374	0.954159	0.000403447
Muller_E	3029421	0.0452592	0.95434	0.000401043
Muller_E	3029834	0.0452432	0.954356	0.00040082
Muller_E	3030101	0.0452329	0.954366	0.000400675
Muller_E	3033200	0.0451129	0.954488	0.00039895
Muller_E	3033901	0.0450857	0.954516	0.00039855
Muller_E	3034073	0.0450791	0.954522	0.000398451
Muller_E	3036032	0.0450032	0.954599	0.00039731
Muller_E	3038305	0.0449151	0.954689	0.000395949
Muller_E	3041816	0.044779	0.954827	0.000393768
Muller_E	3044683	0.0446677	0.95494	0.000391918
Muller_E	3046757	0.0445872	0.955022	0.00039054
Muller_E	3046887	0.0445822	0.955027	0.000390452
Muller_E	3047900	0.0445428	0.955067	0.000389766
Muller_E	3048135	0.0445337	0.955077	0.000389606
Muller_E	3050664	0.0444355	0.955177	0.000387854
Muller_E	3051698	0.0443953	0.955218	0.000387123
Muller_E	3051968	0.0443848	0.955228	0.000386931
Muller_E	3052635	0.0443589	0.955255	0.000386454
Muller_E	3053197	0.044337	0.955277	0.00038605
Muller_E	3056428	0.0442114	0.955405	0.000383677
Muller_E	3056712	0.0442004	0.955416	0.000383465
Muller_E	3058398	0.0441348	0.955483	0.000382191
Muller_E	3059687	0.0440846	0.955534	0.000381202
Muller_E	3061511	0.0440136	0.955607	0.000379782
Muller_E	3062406	0.0439788	0.955642	0.000379075
Muller_E	3062537	0.0439737	0.955647	0.000378971
Muller_E	3100018	0.042509	0.957147	0.000343815
Muller_E	3100718	0.0424815	0.957175	0.000343055
Muller_E	3112367	0.0420241	0.957646	0.000329861
Muller_E	3112987	0.0419998	0.957671	0.00032913
Muller_E	3113420	0.0419827	0.957689	0.000328617
Muller_E	3116107	0.0418771	0.957798	0.000325403
Muller_E	3119432	0.0417462	0.957932	0.000321349
Muller_E	3119714	0.0417351	0.957944	0.000321001
Muller_E	3120862	0.04169	0.95799	0.000319579
Muller_E	3122265	0.0416347	0.958047	0.000317828
Muller_E	3123364	0.0415914	0.958092	0.000316445
Muller_E	3124138	0.0415609	0.958124	0.000315465
Muller_E	3127464	0.0414299	0.958259	0.000311204
Muller_E	3128767	0.0413785	0.958312	0.000309511
Muller_E	3128895	0.0413735	0.958317	0.000309344
Muller_E	3129611	0.0413452	0.958346	0.000308408
Muller_E	3129743	0.04134	0.958352	0.000308235
Muller_E	3130171	0.0413231	0.958369	0.000307673
Muller_E	3131529	0.0412696	0.958425	0.00030588
Muller_E	3137674	0.041027	0.958675	0.000297589
Muller_E	3139976	0.0409361	0.95877	0.000294408
Muller_E	3143168	0.0408099	0.9589	0.000289929
Muller_E	3169152	0.0397802	0.959969	0.000250539
Muller_E	3170575	0.0397236	0.960028	0.000248231
Muller_E	3173857	0.0395932	0.960164	0.000242848
Muller_E	3192801	0.0388386	0.960951	0.000210145
Muller_E	3194086	0.0387873	0.961005	0.000207826
Muller_E	3194230	0.0387816	0.961011	0.000207565
Muller_E	3207603	0.0382471	0.96157	0.000182655
Muller_E	3207708	0.0382429	0.961575	0.000182454
Muller_E	3208070	0.0382284	0.96159	0.00018176
Muller_E	3208369	0.0382165	0.961602	0.000181186
Muller_E	3208507	0.0382109	0.961608	0.000180921
Muller_E	3208706	0.038203	0.961616	0.000180539
Muller_E	3210124	0.0381462	0.961676	0.000177804
Muller_E	3211254	0.038101	0.961723	0.000175613
Muller_E	3212088	0.0380676	0.961758	0.00017399
Muller_E	3216063	0.0379083	0.961925	0.00016618
Muller_E	3216461	0.0378924	0.961942	0.000165391
Muller_E	3217109	0.0378664	0.961969	0.000164104
Muller_E	3217441	0.0378531	0.961983	0.000163443
Muller_E	3217706	0.0378425	0.961995	0.000162916
Muller_E	3217825	0.0378377	0.962	0.000162678
Muller_E	3218354	0.0378165	0.962022	0.000161622
Muller_E	3219292	0.00614684	0.993549	0.000303955
Muller_E	3219763	0.0377858	0.962056	0.000157836
Muller_E	3221459	0.0378106	0.962038	0.000150951
Muller_E	3222112	0.0378201	0.962032	0.000148294
Muller_E	3223012	0.0378333	0.962022	0.000144626
Muller_E	3223549	0.0378411	0.962016	0.000142435
Muller_E	3224815	0.0378596	0.962003	0.00013726
Muller_E	3226800	0.0378885	0.961982	0.000129122
Muller_E	3229718	0.037931	0.961952	0.000117103
Muller_E	3240322	0.038085	0.961842	7.28755e-05
Muller_E	3240918	0.0380936	0.961836	7.0364e-05
Muller_E	3241273	0.0380987	0.961832	6.88668e-05
Muller_E	3247835	0.0381935	0.961765	4.10164e-05
Muller_E	3251442	0.0382455	0.961729	2.55665e-05
Muller_E	3252203	0.0382564	0.961721	2.22941e-05
Muller_E	3254014	0.0382825	0.961703	1.44887e-05
Muller_E	3254518	0.0382897	0.961698	1.2312e-05
Muller_E	3255141	0.0382987	0.961692	9.61861e-06
Muller_E	3255365	0.0695195	0.930479	1.0384e-06
Muller_E	3259142	0.0382953	0.961698	6.79883e-06
Muller_E	3259935	0.0382939	0.9617	6.39618e-06
Muller_E	3262497	0.0703759	0.929624	4.82299e-07
Muller_E	3263708	0.0382664	0.961728	5.41681e-06
Muller_E	3264644	0.0382486	0.961746	5.68333e-06
Muller_E	3266132	0.00612154	0.993867	1.16168e-05
Muller_E	3266579	0.0382358	0.961758	6.11682e-06
Muller_E	3266806	0.0382436	0.96175	6.12831e-06
Muller_E	3269029	0.0383204	0.961673	6.21968e-06
Muller_E	3271700	0.0384127	0.961581	6.2786e-06
Muller_E	3271881	0.0384189	0.961575	6.28058e-06
Muller_E	3273894	0.0699194	0.93008	7.41672e-07
Muller_E	3275081	0.038504	0.961488	7.75312e-06
Muller_E	3275989	0.0385159	0.961475	8.86841e-06
Muller_E	3278049	0.0385429	0.961446	1.13749e-05
Muller_E	3280894	0.0385801	0.961405	1.47823e-05
Muller_E	3282107	0.038596	0.961388	1.6216e-05
Muller_E	3282973	0.0386073	0.961375	1.72325e-05
Muller_E	3284532	0.0386276	0.961353	1.90478e-05
Muller_E	3291321	0.0387161	0.961257	2.67326e-05
Muller_E	3291878	0.0387233	0.961249	2.73471e-05
Muller_E	3293351	0.0387424	0.961229	2.89608e-05
Muller_E	3293759	0.0387477	0.961223	2.94048e-05
Muller_E	3304917	0.0388921	0.961067	4.10452e-05
Muller_E	3306663	0.0389146	0.961043	4.27792e-05
Muller_E	3306880	0.0389174	0.96104	4.2993e-05
Muller_E	3310127	0.0389592	0.960995	4.61491e-05
Muller_E	3312301	0.0389871	0.960965	4.82165e-05
Muller_E	3312718	0.0389925	0.960959	4.86088e-05
Muller_E	3318766	0.03907	0.960876	5.41474e-05
Muller_E	3323588	0.0391316	0.96081	5.83596e-05
Muller_E	3324201	0.0391394	0.960802	5.88821e-05
Muller_E	3324656	0.0391452	0.960796	5.92681e-05
Muller_E	3325091	0.0391507	0.96079	5.96356e-05
Muller_E	3326084	0.0391634	0.960776	6.0469e-05
Muller_E	3326190	0.0391647	0.960775	6.05575e-05
Muller_E	3330218	0.039216	0.96072	6.38562e-05
Muller_E	3334866	0.039275	0.960658	6.75061e-05
Muller_E	3337545	0.0393089	0.960622	6.95336e-05
Muller_E	3340268	0.0393433	0.960585	7.15373e-05
Muller_E	3340480	0.039346	0.960582	7.16909e-05
Muller_E	3410593	0.0402133	0.959683	0.000103349
Muller_E	3431230	0.0404616	0.959433	0.000105404
Muller_E	3437416	0.0405355	0.959359	0.000105377
Muller_E	3456916	0.0407663	0.95913	0.00010335
Muller_E	3457694	0.0407755	0.959121	0.000103208
Muller_E	3459001	0.0407908	0.959106	0.000102959
Muller_E	3462300	0.0408296	0.959068	0.000102272
Muller_E	3464519	0.0408556	0.959043	0.000101762
Muller_E	3464673	0.0408574	0.959041	0.000101725
Muller_E	3477602	0.0410081	0.958894	9.79805e-05
Muller_E	3525631	0.0415573	0.95837	7.27354e-05
Muller_E	3546828	0.0417942	0.95815	5.59154e-05
Muller_E	3557059	0.0419074	0.958046	4.65533e-05
Muller_E	3566467	0.0420108	0.957952	3.72297e-05
Muller_E	3572057	0.0420719	0.957897	3.13657e-05
Muller_E	3572168	0.0758659	0.92413	3.9468e-06
Muller_E	3579272	0.0420345	0.95793	3.55574e-05
Muller_E	3579502	0.0420332	0.957931	3.56904e-05
Muller_E	3582419	0.0420172	0.957945	3.7342e-05
Muller_E	3590131	0.0419747	0.957984	4.13913e-05
Muller_E	3605233	0.0418901	0.958062	4.79866e-05
Muller_E	3610748	0.0418587	0.958091	4.99548e-05
Muller_E	3611776	0.0418529	0.958097	5.02956e-05
Muller_E	3615071	0.041834	0.958115	5.13329e-05
Muller_E	3617701	0.0418189	0.958129	5.21005e-05
Muller_E	3617818	0.0418183	0.95813	5.21334e-05
Muller_E	3617948	0.0418175	0.95813	5.21698e-05
Muller_E	3623404	0.041786	0.95816	5.35809e-05
Muller_E	3630035	0.0417474	0.958198	5.49854e-05
Muller_E	3631532	0.0417387	0.958206	5.52554e-05
Muller_E	3634067	0.0417238	0.958221	5.5673e-05
Muller_E	3642157	0.0416761	0.958267	5.66726e-05
Muller_E	3643438	0.0416684	0.958275	5.67844e-05
Muller_E	3645674	0.0416551	0.958288	5.6949e-05
Muller_E	3652519	0.0416142	0.958329	5.72123e-05
Muller_E	3655257	0.0415977	0.958345	5.7216e-05
Muller_E	3657953	0.0415814	0.958361	5.71628e-05
Muller_E	3660200	0.0415678	0.958375	5.70755e-05
Muller_E	3665461	0.0415358	0.958407	5.6718e-05
Muller_E	3670065	0.0415076	0.958436	5.62292e-05
Muller_E	3757777	0.0748513	0.925147	1.5692e-06
Muller_E	3766114	0.0407228	0.959257	2.00026e-05
Muller_E	3770199	0.0406159	0.959362	2.19957e-05
Muller_E	3771242	0.0405886	0.959389	2.24839e-05
Muller_E	3775369	0.0404805	0.959495	2.43329e-05
Muller_E	3781958	0.0403076	0.959665	2.70113e-05
Muller_E	3788305	0.0401407	0.95983	2.9273e-05
Muller_E	3788531	0.0401348	0.959836	2.93478e-05
Muller_E	3788717	0.0401299	0.959841	2.94091e-05
Muller_E	3791492	0.0400569	0.959913	3.02909e-05
Muller_E	3791929	0.0692678	0.930726	6.37177e-06
Muller_E	3794089	0.0399307	0.960034	3.55793e-05
Muller_E	3798034	0.0397212	0.960234	4.49024e-05
Muller_E	3805877	0.0393044	0.960633	6.30846e-05
Muller_E	3808116	0.0391853	0.960746	6.81889e-05
Muller_E	3837593	0.0376143	0.962254	0.000131815
Muller_E	3889492	0.0348326	0.96494	0.000227655
Muller_E	3892070	0.0346939	0.965074	0.000231876
Muller_E	3892768	0.0346563	0.965111	0.000233011
Muller_E	3893846	0.0345983	0.965167	0.000234755
Muller_E	3895236	0.0345235	0.965239	0.000236991
Muller_E	3896701	0.0344446	0.965316	0.000239331
Muller_E	3964144	0.0307964	0.968874	0.000329161
Muller_E	3964249	0.0307907	0.96888	0.000329273
Muller_E	3964701	0.0307661	0.968904	0.000329756
Muller_E	3965335	0.0307317	0.968938	0.000330431
Muller_E	3965537	0.0307207	0.968949	0.000330646
Muller_E	3971184	0.0304136	0.96925	0.000336512
Muller_E	4005791	0.0835764	0.916373	5.02194e-05
Muller_E	4007537	0.0282206	0.971393	0.000386496
Muller_E	4008073	0.0281267	0.971481	0.000392457
Muller_E	4008732	0.0280112	0.971589	0.000399784
Muller_E	4009275	0.0279161	0.971678	0.000405819
Muller_E	4009794	0.0278251	0.971763	0.000411586
Muller_E	4010462	0.0277081	0.971873	0.000419006
Muller_E	4011246	0.0275707	0.972002	0.000427711
Muller_E	4011350	0.0275525	0.972019	0.000428866
Muller_E	4011743	0.0274836	0.972083	0.000433228
Muller_E	4012926	0.0272763	0.972277	0.000446353
Muller_E	4015010	0.026911	0.97262	0.000469455
Muller_E	4015956	0.0267452	0.972775	0.000479934
Muller_E	4016731	0.0266094	0.972902	0.000488515
Muller_E	4017133	0.0265389	0.972968	0.000492964
Muller_E	4017640	0.0264501	0.973051	0.000498574
Muller_E	4021078	0.0258474	0.973616	0.000536578
Muller_E	4021876	0.0257075	0.973747	0.000545389
Muller_E	4022513	0.0255959	0.973852	0.00055242
Muller_E	4022928	0.0255231	0.97392	0.000556999
Muller_E	4024532	0.0252419	0.974183	0.000574689
Muller_E	4024639	0.0252231	0.974201	0.000575869
Muller_E	4025270	0.0251125	0.974305	0.000582823
Muller_E	4027169	0.0247796	0.974617	0.000603738
Muller_E	4027437	0.0247326	0.974661	0.000606688
Muller_E	4027764	0.0246752	0.974714	0.000610287
Muller_E	4029270	0.0244112	0.974962	0.000626854
Muller_E	4032202	0.023897	0.975444	0.000659069
Muller_E	4032327	0.0238751	0.975464	0.000660441
Muller_E	4033521	0.0236657	0.975661	0.000673545
Muller_E	4033797	0.0236173	0.975706	0.000676573
Muller_E	4036360	0.0231678	0.976127	0.000704668
Muller_E	4037138	0.0230314	0.976255	0.000713189
Muller_E	4037610	0.0229486	0.976333	0.000718356
Muller_E	4040496	0.0224424	0.976808	0.000749925
Muller_E	4040949	0.0223629	0.976882	0.000754875
Muller_E	4045900	0.0214944	0.977697	0.000808904
Muller_E	4046078	0.0214632	0.977726	0.000810844
Muller_E	4046843	0.021329	0.977852	0.000819179
Muller_E	4047581	0.0211995	0.977973	0.000827216
Muller_E	4048275	0.0210777	0.978088	0.000834771
Muller_E	4048700	0.0210032	0.978157	0.000839396
Muller_E	4053592	0.0201448	0.978963	0.000892558
Muller_E	4056223	0.019683	0.979396	0.000921091
Muller_E	4056545	0.0196265	0.979449	0.000924581
Muller_E	4056951	0.0195553	0.979516	0.000928979
Muller_E	4057601	0.0194412	0.979623	0.000936019
Muller_E	4057720	0.0194203	0.979642	0.000937308
Muller_E	4058043	0.0193636	0.979696	0.000940805
Muller_E	4058149	0.019345	0.979713	0.000941953
Muller_E	4058704	0.0192476	0.979804	0.00094796
Muller_E	4059417	0.0191225	0.979922	0.000955675
Muller_E	4059965	0.0190263	0.980012	0.000961603
Muller_E	4061381	0.0187777	0.980245	0.000976911
Muller_E	4061745	0.0187138	0.980305	0.000980844
Muller_E	4062020	0.0186656	0.980351	0.000983815
Muller_E	4062507	0.0185801	0.980431	0.000989075
Muller_E	4062941	0.0185039	0.980502	0.000993762
Muller_E	4064035	0.0183119	0.980683	0.00100557
Muller_E	4064680	0.0181986	0.980789	0.00101253
Muller_E	4064829	0.0181725	0.980813	0.00101414
Muller_E	4065474	0.0180592	0.98092	0.00102109
Muller_E	4065574	0.0180417	0.980936	0.00102217
Muller_E	4066028	0.017962	0.981011	0.00102706
Muller_E	4067541	0.0176964	0.98126	0.00104337
Muller_E	4067967	0.0176216	0.98133	0.00104795
Muller_E	4068535	0.0175218	0.981424	0.00105407
Muller_E	4069245	0.0173972	0.981541	0.00106171
Muller_E	4070105	0.0172462	0.981683	0.00107096
Muller_E	4071088	0.0170736	0.981845	0.00108153
Muller_E	4071641	0.0169765	0.981936	0.00108747
Muller_E	4072126	0.0168913	0.982016	0.00109269
Muller_E	4072768	0.0167786	0.982122	0.00109958
Muller_E	4072973	0.0167426	0.982156	0.00110178
Muller_E	4073359	0.0166748	0.982219	0.00110593
Muller_E	4075135	0.016363	0.982512	0.00112498
Muller_E	4075254	0.0163421	0.982532	0.00112626
Muller_E	4076053	0.0162017	0.982663	0.00113483
Muller_E	4077160	0.0160073	0.982846	0.00114669
Muller_E	4078165	0.0158308	0.983012	0.00115745
Muller_E	4078690	0.0157386	0.983098	0.00116307
Muller_E	4078900	0.0157017	0.983133	0.00116532
Muller_E	4079010	0.0156824	0.983151	0.0011665
Muller_E	4079297	0.00282347	0.995021	0.00215601
Muller_E	4081728	0.0155605	0.983257	0.00118253
Muller_E	4082079	0.0155501	0.983265	0.0011844
Muller_E	4083988	0.0154939	0.983312	0.00119454
Muller_E	4085715	0.015443	0.983353	0.00120369
Muller_E	4089306	0.0153371	0.98344	0.00122264
Muller_E	4089803	0.0153224	0.983452	0.00122526
Muller_E	4092778	0.0152346	0.983525	0.00124087
Muller_E	4092894	0.0152312	0.983527	0.00124148
Muller_E	4098915	0.0150532	0.983674	0.00127286
Muller_E	4109650	0.0147353	0.983937	0.00132812
Muller_E	4113217	0.0146294	0.984024	0.00134628
Muller_E	4113538	0.0146199	0.984032	0.00134791
Muller_E	4114422	0.0145937	0.984054	0.0013524
Muller_E	4114803	0.0145823	0.984063	0.00135433
Muller_E	4115118	0.014573	0.984071	0.00135592
Muller_E	4116856	0.0145213	0.984114	0.00136471
Muller_E	4117074	0.0145149	0.984119	0.00136581
Muller_E	4117473	0.014503	0.984129	0.00136782
Muller_E	4118970	0.0144585	0.984166	0.00137537
Muller_E	4121851	0.0143728	0.984237	0.00138984
Muller_E	4122071	0.0143663	0.984243	0.00139094
Muller_E	4122393	0.0143567	0.984251	0.00139255
Muller_E	4122818	0.0143441	0.984261	0.00139468
Muller_E	4124318	0.0142994	0.984298	0.00140218
Muller_E	4124418	0.0142964	0.984301	0.00140267
Muller_E	4126492	0.0142347	0.984352	0.00141301
Muller_E	4127527	0.0142038	0.984378	0.00141815
Muller_E	4127720	0.0141981	0.984383	0.00141911
Muller_E	4128101	0.0141867	0.984392	0.001421
Muller_E	4128234	0.0141828	0.984396	0.00142166
Muller_E	4130334	0.0141202	0.984448	0.00143207
Muller_E	4132221	0.0140639	0.984495	0.00144138
Muller_E	4134741	0.0139887	0.984558	0.00145378
Muller_E	4134982	0.0139815	0.984564	0.00145497
Muller_E	4136547	0.0139347	0.984603	0.00146264
Muller_E	4140224	0.0138249	0.984695	0.00148059
Muller_E	4140902	0.0138046	0.984712	0.00148389
Muller_E	4141485	0.0137872	0.984726	0.00148673
Muller_E	4143836	0.0137168	0.984785	0.00149813
Muller_E	4144350	0.0137015	0.984798	0.00150061
Muller_E	4144848	0.0136866	0.98481	0.00150302
Muller_E	4150850	0.0135068	0.984961	0.00153188
Muller_E	4151927	0.0134745	0.984988	0.00153703
Muller_E	4154621	0.0133937	0.985056	0.00154988
Muller_E	4159745	0.0132398	0.985186	0.00157414
Muller_E	4159958	0.0132334	0.985191	0.00157515
Muller_E	4160923	0.0132044	0.985216	0.0015797
Muller_E	4161787	0.0131785	0.985238	0.00158376
Muller_E	4162162	0.0131672	0.985247	0.00158552
Muller_E	4163984	0.0131124	0.985294	0.00159407
Muller_E	4164218	0.0131054	0.985299	0.00159516
Muller_E	4164859	0.0130861	0.985316	0.00159816
Muller_E	4165033	0.0130809	0.98532	0.00159898
Muller_E	4165157	0.0130771	0.985323	0.00159956
Muller_E	4165383	0.0130703	0.985329	0.00160061
Muller_E	4165808	0.0130575	0.98534	0.0016026
Muller_E	4165958	0.013053	0.985344	0.0016033
Muller_E	4166062	0.0130499	0.985346	0.00160378
Muller_E	4166243	0.0130445	0.985351	0.00160463
Muller_E	4166628	0.0130329	0.985361	0.00160642
Muller_E	4168755	0.0129688	0.985415	0.00161632
Muller_E	4172546	0.0128546	0.985511	0.00163388
Muller_E	4172827	0.0128462	0.985519	0.00163518
Muller_E	4173860	0.012815	0.985545	0.00163994
Muller_E	4176100	0.0127474	0.985602	0.00165024
Muller_E	4176326	0.0127406	0.985608	0.00165128
Muller_E	4176826	0.0127255	0.985621	0.00165357
Muller_E	4177022	0.0127196	0.985626	0.00165447
Muller_E	4178339	0.0126799	0.98566	0.0016605
Muller_E	4178608	0.0126718	0.985667	0.00166173
Muller_E	4179326	0.0126501	0.985685	0.00166501
Muller_E	4180712	0.0126082	0.98572	0.00167133
Muller_E	4180966	0.0126005	0.985727	0.00167248
Muller_E	4184926	0.0124809	0.985829	0.00169044
Muller_E	4185178	0.0124732	0.985835	0.00169158
Muller_E	4185319	0.012469	0.985839	0.00169222
Muller_E	4185532	0.0124625	0.985844	0.00169318
Muller_E	4187632	0.012399	0.985898	0.00170265
Muller_E	4188227	0.012381	0.985914	0.00170532
Muller_E	4188670	0.0123676	0.985925	0.00170731
Muller_E	4192621	0.012248	0.986027	0.001725
Muller_E	4193546	0.0122199	0.986051	0.00172912
Muller_E	4194407	0.0121938	0.986073	0.00173295
Muller_E	4195783	0.0121521	0.986109	0.00173906
Muller_E	4196010	0.0121452	0.986115	0.00174007
Muller_E	4197440	0.0121019	0.986152	0.0017464
Muller_E	4198223	0.0120781	0.986172	0.00174987
Muller_E	4199021	0.0120539	0.986193	0.00175339
Muller_E	4199203	0.0120484	0.986197	0.00175419
Muller_E	4199424	0.0120417	0.986203	0.00175516
Muller_E	4199639	0.0120351	0.986209	0.00175611
Muller_E	4199983	0.0120247	0.986218	0.00175763
Muller_E	4203293	0.0119242	0.986304	0.00177216
Muller_E	4205814	0.0118476	0.986369	0.00178317
Muller_E	4206134	0.0118379	0.986378	0.00178456
Muller_E	4207588	0.0117936	0.986415	0.00179089
Muller_E	4210680	0.0116996	0.986496	0.00180428
Muller_E	4210928	0.011692	0.986503	0.00180535
Muller_E	4211312	0.0116803	0.986513	0.00180701
Muller_E	4211755	0.0116668	0.986524	0.00180892
Muller_E	4213444	0.0116154	0.986568	0.00181619
Muller_E	4216650	0.0115177	0.986652	0.00182993
Muller_E	4217058	0.0115053	0.986663	0.00183168
Muller_E	4217453	0.0114932	0.986673	0.00183336
Muller_E	4217565	0.0114898	0.986676	0.00183384
Muller_E	4217669	0.0114867	0.986679	0.00183429
Muller_E	4217825	0.0114819	0.986683	0.00183495
Muller_E	4218923	0.0114484	0.986712	0.00183963
Muller_E	4225215	0.0112564	0.986877	0.00186625
Muller_E	4232774	0.0110252	0.987077	0.00189783
Muller_E	4235298	0.010948	0.987144	0.00190827
Muller_E	4245993	0.01062	0.987428	0.00195197
Muller_E	4252835	0.0104097	0.987611	0.00197947
Muller_E	4253725	0.0103823	0.987635	0.00198301
Muller_E	4256197	0.0103062	0.987701	0.00199284
Muller_E	4261234	0.010151	0.987836	0.00201271
Muller_E	4262892	0.0100999	0.987881	0.00201921
Muller_E	4263238	0.0100892	0.98789	0.00202056
Muller_E	4263588	0.0100784	0.9879	0.00202193
Muller_E	4264621	0.0100466	0.987927	0.00202596
Muller_E	4266950	0.0099747	0.98799	0.00203502
Muller_E	4267529	0.00995683	0.988006	0.00203727
Muller_E	4276223	0.0096881	0.988241	0.00207068
Muller_E	4311688	0.00858584	0.989213	0.00220084
Muller_E	4311965	0.00857719	0.989221	0.00220182
Muller_E	4312254	0.00856817	0.989229	0.00220284
Muller_E	4312510	0.00856017	0.989236	0.00220374
Muller_E	4334492	0.00787192	0.989849	0.00227934
Muller_E	4352032	0.00732005	0.990343	0.00233694
Muller_E	4353438	0.00727571	0.990383	0.00234146
Muller_E	4356857	0.00716782	0.99048	0.00235237
Muller_E	4360054	0.00706685	0.990571	0.00236249
Muller_E	4374783	0.00660065	0.990991	0.00240808
Muller_E	4374946	0.00659548	0.990996	0.00240857
Muller_E	4381350	0.00639224	0.99118	0.00242785
Muller_E	4558836	0.000631551	0.996535	0.00283395
Muller_E	4562012	0.000526205	0.996635	0.00283895
Muller_E	4564083	0.000121017	0.994956	0.00492254
Muller_E	4564194	0.000456513	0.996702	0.00284192
Muller_E	4568491	0.000419469	0.996748	0.00283223
Muller_E	4569115	0.000414077	0.996755	0.00283081
Muller_E	4569749	0.000408595	0.996762	0.00282937
Muller_E	4570340	0.000403483	0.996769	0.00282802
Muller_E	4571890	0.000390061	0.996785	0.00282446
Muller_E	4572624	0.000383698	0.996794	0.00282277
Muller_E	4573491	0.000376177	0.996803	0.00282077
Muller_E	4573809	0.000373417	0.996807	0.00282003
Muller_E	4577361	0.000342531	0.996846	0.00281176
Muller_E	4577462	0.000341651	0.996847	0.00281152
Muller_E	4578308	0.000334279	0.996856	0.00280953
Muller_E	4580664	0.000313719	0.996882	0.00280397
Muller_E	4580954	0.000311185	0.996886	0.00280328
Muller_E	4581769	0.000304061	0.996895	0.00280134
Muller_E	4581909	0.000302836	0.996896	0.00280101
Muller_E	4583019	0.000293123	0.996909	0.00279836
Muller_E	4583393	5.95641e-05	0.994931	0.00500894
Muller_E	4583516	0.000289701	0.996914	0.00279658
Muller_E	4584473	0.000288557	0.996922	0.00278966
Muller_E	4589180	0.000282819	0.996962	0.00275553
Muller_E	4590247	0.000281493	0.996971	0.00274777
Muller_E	4591539	0.000279876	0.996982	0.00273835
Muller_E	4593253	0.00027771	0.996996	0.00272585
Muller_E	4593508	0.000277385	0.996999	0.00272398
Muller_E	4593974	0.000276791	0.997003	0.00272058
Muller_E	4595111	0.000275335	0.997012	0.00271226
Muller_E	4595303	0.000275088	0.997014	0.00271086
Muller_E	4597548	0.000272177	0.997033	0.0026944
Muller_E	4597833	0.000271805	0.997036	0.00269231
Muller_E	4600306	0.000268546	0.997057	0.00267413
Muller_E	4607273	0.0002591	0.997118	0.00262266
Muller_E	4607398	0.000258927	0.997119	0.00262173
Muller_E	4610441	0.000254676	0.997146	0.00259912
Muller_E	4611041	0.000253829	0.997152	0.00259466
Muller_E	4611562	0.000253091	0.997156	0.00259078
Muller_E	4611697	0.000252899	0.997157	0.00258977
Muller_E	4612447	0.000251832	0.997164	0.00258418
Muller_E	4612733	0.000251424	0.997167	0.00258205
Muller_E	4612927	0.000251147	0.997168	0.0025806
Muller_E	4613148	0.000250831	0.99717	0.00257895
Muller_E	4614502	0.000248886	0.997182	0.00256884
Muller_E	4615888	0.000246879	0.997195	0.00255847
Muller_E	4616173	0.000246464	0.997197	0.00255633
Muller_E	4616508	0.000245976	0.9972	0.00255382
Muller_E	4616663	0.00024575	0.997202	0.00255266
Muller_E	4618190	0.000243512	0.997215	0.00254121
Muller_E	4619781	0.00024116	0.99723	0.00252926
Muller_E	4622166	0.000237596	0.997251	0.00251131
Muller_E	4626314	0.000231288	0.997289	0.00247998
Muller_E	4626864	0.000230441	0.997294	0.00247582
Muller_E	4627368	0.000229663	0.997298	0.002472
Muller_E	4627488	0.000229477	0.997299	0.00247109
Muller_E	4633961	3.43017e-05	0.99551	0.00445592
Muller_E	4635834	0.000223886	0.997383	0.00239278
Muller_E	4636452	0.000225395	0.997391	0.00238317
Muller_E	4637295	0.000227448	0.997402	0.00237007
Muller_E	4640891	0.000236143	0.99745	0.00231411
Muller_E	4645727	0.000247672	0.997514	0.00223869
Muller_E	4646376	0.000249205	0.997522	0.00222855
Muller_E	4646798	0.0002502	0.997528	0.00222196
Muller_E	4653320	0.000265394	0.997615	0.00211989
Muller_E	4656520	0.000272725	0.997658	0.00206969
Muller_E	4672665	0.000308453	0.997876	0.00181514
Muller_E	4674140	0.000311613	0.997897	0.00179178
Muller_E	4675745	0.000315032	0.997919	0.00176634
Muller_E	4676485	0.000316601	0.997929	0.0017546
Muller_E	4677110	0.000317922	0.997937	0.00174469
Muller_E	4677655	0.000319073	0.997945	0.00173604
Muller_E	4678986	0.000321871	0.997963	0.00171491
Muller_E	4680223	0.000324459	0.99798	0.00169526
Muller_E	4682403	0.000328991	0.99801	0.00166059
Muller_E	4682621	0.000329442	0.998013	0.00165712
Muller_E	4684270	0.000332841	0.998036	0.00163088
Muller_E	4685491	0.000335344	0.998053	0.00161143
Muller_E	4686019	0.000336423	0.998061	0.00160301
Muller_E	4687101	0.000338626	0.998076	0.00158576
Muller_E	4689628	0.000343736	0.998111	0.00154544
Muller_E	4690052	0.000344588	0.998117	0.00153867
Muller_E	4690344	0.000345174	0.998121	0.001534
Muller_E	4690905	0.000346298	0.998129	0.00152504
Muller_E	4691125	0.000346739	0.998132	0.00152153
Muller_E	4691712	0.000347911	0.99814	0.00151214
Muller_E	4691999	0.000348483	0.998144	0.00150756
Muller_E	4692111	0.000348706	0.998146	0.00150577
Muller_E	4693234	0.000350938	0.998161	0.00148781
Muller_E	4693620	0.000351703	0.998167	0.00148163
Muller_E	4693753	0.000351966	0.998169	0.0014795
Muller_E	4694021	0.000352496	0.998172	0.00147522
Muller_E	4694592	0.000353623	0.99818	0.00146608
Muller_E	4696429	0.000357232	0.998206	0.00143666
Muller_E	4696792	0.000357942	0.998211	0.00143084
Muller_E	4699402	0.000363015	0.998248	0.00138899
Muller_E	4700957	0.000366012	0.99827	0.00136403
Muller_E	4702606	0.000369168	0.998293	0.00133754
Muller_E	4708142	0.000379604	0.998372	0.00124844
Muller_E	4712097	0.00038691	0.998428	0.00118464
Muller_E	4713898	0.000390194	0.998454	0.00115554
Muller_E	4714194	0.000390732	0.998459	0.00115076
Muller_E	4717094	0.000395959	0.9985	0.00110385
Muller_E	4717794	0.000397211	0.99851	0.00109251
Muller_E	4720564	0.000402125	0.99855	0.00104763
Muller_E	4722390	0.000405331	0.998577	0.001018
Muller_E	4727534	0.000414218	0.998651	0.000934407
Muller_E	4730688	0.000419562	0.998697	0.000883045
Muller_E	4731377	0.000420719	0.998707	0.000871814
Muller_E	4732944	0.00122477	0.998621	0.000154413
Muller_E	4738342	0.000416436	0.998748	0.000835992
Muller_E	4739398	0.000415059	0.998751	0.000833956
Muller_E	4742492	0.000410972	0.998761	0.000827939
Muller_E	4745718	0.000406629	0.998772	0.000821584
Muller_E	4746457	0.000405622	0.998774	0.000820116
Muller_E	4748015	0.000403484	0.99878	0.000817007
Muller_E	4748352	0.00040302	0.998781	0.000816332
Muller_E	4748630	0.000402635	0.998782	0.000815774
Muller_E	4751071	0.000399235	0.99879	0.000810852
Muller_E	4751685	0.000398373	0.998792	0.000809606
Muller_E	4751817	0.000398187	0.998792	0.000809338
Muller_E	4752607	0.000397071	0.998795	0.00080773
Muller_E	4752773	0.000396836	0.998796	0.000807391
Muller_E	4753826	0.00039534	0.998799	0.000805238
Muller_E	4754671	0.000394133	0.998802	0.000803504
Muller_E	4756619	0.000391329	0.998809	0.000799485
Muller_E	4759191	0.000387579	0.998818	0.000794131
Muller_E	4761262	0.00038452	0.998826	0.000789781
Muller_E	4761866	0.000383622	0.998828	0.000788506
Muller_E	4761985	0.000383444	0.998828	0.000788254
Muller_E	4763545	0.000381109	0.998834	0.000784946
Muller_E	4764509	0.000379656	0.998837	0.000782891
Muller_E	4765595	0.000378009	0.998841	0.000780568
Muller_E	4766291	0.00037695	0.998844	0.000779074
Muller_E	4766501	0.000376629	0.998845	0.000778622
Muller_E	4767354	0.000375323	0.998848	0.000776784
Muller_E	4769627	0.000371815	0.998856	0.000771858
Muller_E	4769950	0.000371313	0.998858	0.000771155
Muller_E	4772288	0.000367654	0.998866	0.000766039
Muller_E	4773763	0.000365323	0.998872	0.000762788
Muller_E	4773963	0.000365006	0.998873	0.000762346
Muller_E	4774375	0.000364351	0.998874	0.000761434
Muller_E	4774957	0.000363424	0.998876	0.000760144
Muller_E	4775479	0.00036259	0.998878	0.000758984
Muller_E	4776619	0.00036076	0.998883	0.000756444
Muller_E	4779373	0.000356298	0.998893	0.000750264
Muller_E	4781913	0.000352128	0.998903	0.00074451
Muller_E	4782620	0.000350958	0.998906	0.000742899
