chrom	position	2,0	1,1	0,2
Muller_E	62882	0.291315	0.333333	0.375352
Muller_E	267432	0.287909	0.339358	0.372733
Muller_E	441230	0.285089	0.344305	0.370606
Muller_E	511157	0.283973	0.346252	0.369774
Muller_E	557879	0.283234	0.34754	0.369226
Muller_E	581000	0.282869	0.348173	0.368958
Muller_E	709108	0.280871	0.351634	0.367495
Muller_E	768129	0.279962	0.353202	0.366837
Muller_E	785241	0.2797	0.353653	0.366648
Muller_E	787322	0.279668	0.353708	0.366625
Muller_E	787424	0.279666	0.35371	0.366623
Muller_E	788173	0.279655	0.35373	0.366615
Muller_E	788750	0.279646	0.353745	0.366609
Muller_E	788860	0.279644	0.353748	0.366608
Muller_E	791823	0.279599	0.353826	0.366575
Muller_E	802257	0.279439	0.3541	0.36646
Muller_E	893794	0.278049	0.356485	0.365466
Muller_E	894300	0.278042	0.356498	0.365461
Muller_E	896281	0.278012	0.356549	0.36544
Muller_E	897287	0.277997	0.356575	0.365429
Muller_E	897987	0.277986	0.356593	0.365421
Muller_E	901015	0.27794	0.356671	0.365389
Muller_E	901718	0.27793	0.356689	0.365381
Muller_E	923408	0.277603	0.357247	0.365149
Muller_E	923675	0.277599	0.357254	0.365147
Muller_E	924320	0.277589	0.357271	0.36514
Muller_E	927795	0.277537	0.35736	0.365103
Muller_E	948021	0.277234	0.357878	0.364888
Muller_E	948230	0.27723	0.357884	0.364886
Muller_E	958531	0.277076	0.358147	0.364777
Muller_E	967701	0.276939	0.358381	0.36468
Muller_E	969142	0.276917	0.358418	0.364665
Muller_E	1033237	0.275963	0.360042	0.363995
Muller_E	1120573	0.274676	0.362224	0.3631
Muller_E	1123171	0.274638	0.362289	0.363073
Muller_E	1146845	0.274292	0.362874	0.362834
Muller_E	1148492	0.274267	0.362915	0.362817
Muller_E	1168315	0.273978	0.363403	0.362618
Muller_E	1213395	0.273323	0.364507	0.362169
Muller_E	1262309	0.272617	0.365695	0.361688
Muller_E	1275111	0.272433	0.366004	0.361563
Muller_E	1275707	0.272424	0.366018	0.361558
Muller_E	1314313	0.271871	0.366946	0.361183
Muller_E	1318297	0.271814	0.367041	0.361145
Muller_E	1358440	0.271241	0.367999	0.36076
Muller_E	1358616	0.271239	0.368003	0.360758
Muller_E	1378824	0.270952	0.368482	0.360566
Muller_E	1480336	0.26952	0.370863	0.359617
Muller_E	1489232	0.269396	0.37107	0.359534
Muller_E	1645912	0.267224	0.374655	0.358121
Muller_E	1673398	0.266847	0.375273	0.35788
Muller_E	1718642	0.26623	0.376285	0.357485
Muller_E	1746815	0.265847	0.376911	0.357243
Muller_E	1763447	0.265621	0.377279	0.3571
Muller_E	1765039	0.2656	0.377314	0.357086
Muller_E	1765159	0.265598	0.377316	0.357085
Muller_E	1765369	0.265595	0.377321	0.357084
Muller_E	1771226	0.265516	0.37745	0.357034
Muller_E	1799036	0.265141	0.378062	0.356797
Muller_E	1802542	0.265093	0.378139	0.356768
Muller_E	1802678	0.265092	0.378142	0.356766
Muller_E	1803039	0.265087	0.37815	0.356763
Muller_E	1803347	0.265083	0.378157	0.356761
Muller_E	1805518	0.265053	0.378204	0.356742
Muller_E	1812938	0.264953	0.378367	0.35668
Muller_E	1813040	0.264952	0.378369	0.356679
Muller_E	1815234	0.264922	0.378417	0.35666
Muller_E	1815907	0.264913	0.378432	0.356655
Muller_E	1816383	0.264907	0.378442	0.356651
Muller_E	1831501	0.264704	0.378773	0.356524
Muller_E	1850978	0.264443	0.379197	0.356361
Muller_E	1851905	0.26443	0.379217	0.356353
Muller_E	1852166	0.264427	0.379223	0.356351
Muller_E	1857635	0.264353	0.379341	0.356305
Muller_E	1861157	0.264306	0.379418	0.356276
Muller_E	1861336	0.264304	0.379422	0.356274
Muller_E	1861880	0.264297	0.379434	0.35627
Muller_E	1866595	0.264234	0.379536	0.356231
Muller_E	1870209	0.264185	0.379614	0.356201
Muller_E	1871973	0.264162	0.379652	0.356186
Muller_E	1880064	0.264054	0.379828	0.356119
Muller_E	1889333	0.26393	0.380028	0.356042
Muller_E	1891195	0.263905	0.380068	0.356027
Muller_E	1894320	0.263863	0.380136	0.356001
Muller_E	1900363	0.263783	0.380266	0.355951
Muller_E	1904375	0.263729	0.380352	0.355918
Muller_E	1915469	0.263582	0.380591	0.355827
Muller_E	1927060	0.263428	0.38084	0.355732
Muller_E	1932459	0.263356	0.380956	0.355688
Muller_E	1944351	0.263198	0.38121	0.355592
Muller_E	1946702	0.263167	0.38126	0.355572
Muller_E	1961660	0.262969	0.38158	0.355451
Muller_E	1975567	0.262786	0.381876	0.355339
Muller_E	2011856	0.262307	0.382645	0.355048
Muller_E	2013122	0.262291	0.382671	0.355038
Muller_E	2044597	0.261878	0.383334	0.354788
Muller_E	2048236	0.26183	0.383411	0.354759
Muller_E	2048434	0.261828	0.383415	0.354758
Muller_E	2086567	0.261329	0.384212	0.354459
Muller_E	2103366	0.261111	0.384562	0.354328
Muller_E	2117584	0.260926	0.384857	0.354217
Muller_E	2126123	0.260815	0.385034	0.354152
Muller_E	2135792	0.26069	0.385233	0.354077
Muller_E	2140907	0.260623	0.385339	0.354038
Muller_E	2141169	0.26062	0.385344	0.354036
Muller_E	2142715	0.2606	0.385376	0.354024
Muller_E	2145389	0.260565	0.385432	0.354003
Muller_E	2146953	0.260545	0.385464	0.353991
Muller_E	2147057	0.260544	0.385466	0.35399
Muller_E	2201852	0.259837	0.38659	0.353574
Muller_E	2204792	0.259799	0.38665	0.353551
Muller_E	2219543	0.259609	0.38695	0.35344
Muller_E	2220290	0.2596	0.386966	0.353435
Muller_E	2241628	0.259326	0.387399	0.353275
Muller_E	2243471	0.259302	0.387436	0.353261
Muller_E	2531559	0.255672	0.393124	0.351204
Muller_E	2693610	0.25368	0.396196	0.350124
Muller_E	2696554	0.253644	0.396251	0.350105
Muller_E	2706179	0.253527	0.396431	0.350042
Muller_E	2713009	0.253444	0.396558	0.349998
Muller_E	2716202	0.253405	0.396618	0.349978
Muller_E	2721440	0.253341	0.396715	0.349944
Muller_E	2735475	0.253171	0.396976	0.349854
Muller_E	2763120	0.252836	0.397487	0.349677
Muller_E	2777976	0.252656	0.397761	0.349583
Muller_E	2779619	0.252636	0.397791	0.349573
Muller_E	2787347	0.252543	0.397933	0.349524
Muller_E	2788916	0.252524	0.397962	0.349514
Muller_E	2795398	0.252446	0.398081	0.349473
Muller_E	2798296	0.252411	0.398134	0.349455
Muller_E	2799305	0.252399	0.398153	0.349449
Muller_E	2800245	0.252387	0.39817	0.349443
Muller_E	2800507	0.252384	0.398175	0.349441
Muller_E	2800780	0.252381	0.39818	0.34944
Muller_E	2800932	0.252379	0.398182	0.349439
Muller_E	2801158	0.252376	0.398186	0.349437
Muller_E	2805736	0.252321	0.39827	0.349409
Muller_E	2807233	0.252303	0.398298	0.349399
Muller_E	2807795	0.252296	0.398308	0.349396
Muller_E	2808363	0.252289	0.398318	0.349392
Muller_E	2809031	0.252281	0.398331	0.349388
Muller_E	2809272	0.252278	0.398335	0.349386
Muller_E	2809909	0.252271	0.398347	0.349383
Muller_E	2811470	0.252252	0.398375	0.349373
Muller_E	2811776	0.252248	0.398381	0.349371
Muller_E	2812117	0.252244	0.398387	0.349369
Muller_E	2815676	0.252201	0.398452	0.349346
Muller_E	2816259	0.252194	0.398463	0.349343
Muller_E	2817070	0.252185	0.398478	0.349338
Muller_E	2817616	0.252178	0.398488	0.349334
Muller_E	2819402	0.252157	0.39852	0.349323
Muller_E	2820166	0.252147	0.398534	0.349318
Muller_E	2820386	0.252145	0.398538	0.349317
Muller_E	2820775	0.25214	0.398545	0.349315
Muller_E	2821135	0.252136	0.398552	0.349312
Muller_E	2821440	0.252132	0.398557	0.349311
Muller_E	2826939	0.252066	0.398658	0.349276
Muller_E	2831172	0.252015	0.398735	0.34925
Muller_E	2831515	0.252011	0.398741	0.349248
Muller_E	2832336	0.252001	0.398756	0.349243
Muller_E	2833070	0.251992	0.39877	0.349238
Muller_E	2850717	0.25178	0.399091	0.349129
Muller_E	2853215	0.251751	0.399136	0.349114
Muller_E	2856496	0.251711	0.399196	0.349093
Muller_E	2856945	0.251706	0.399204	0.349091
Muller_E	2857481	0.251699	0.399213	0.349087
Muller_E	2858163	0.251691	0.399226	0.349083
Muller_E	2859754	0.251672	0.399255	0.349073
Muller_E	2859987	0.251669	0.399259	0.349072
Muller_E	2862604	0.251638	0.399306	0.349056
Muller_E	2866488	0.251592	0.399377	0.349032
Muller_E	2867267	0.251582	0.399391	0.349027
Muller_E	2868557	0.251567	0.399414	0.349019
Muller_E	2870085	0.251548	0.399442	0.34901
Muller_E	2870623	0.251542	0.399451	0.349006
Muller_E	2876155	0.251476	0.399552	0.348973
Muller_E	2877151	0.251464	0.39957	0.348967
Muller_E	2886067	0.251357	0.399731	0.348912
Muller_E	2886534	0.251352	0.399739	0.348909
Muller_E	2887599	0.251339	0.399758	0.348903
Muller_E	2887882	0.251336	0.399763	0.348901
Muller_E	2888492	0.251328	0.399774	0.348897
Muller_E	2888607	0.251327	0.399776	0.348897
Muller_E	2890000	0.25131	0.399802	0.348888
Muller_E	2890387	0.251306	0.399809	0.348886
Muller_E	2890907	0.2513	0.399818	0.348883
Muller_E	2894764	0.251254	0.399887	0.348859
Muller_E	2899098	0.251202	0.399965	0.348833
Muller_E	2901481	0.251173	0.400008	0.348818
Muller_E	2901643	0.251171	0.400011	0.348817
Muller_E	2902627	0.25116	0.400029	0.348811
Muller_E	2903432	0.25115	0.400043	0.348806
Muller_E	2904998	0.251131	0.400072	0.348797
Muller_E	2905994	0.25112	0.40009	0.348791
Muller_E	2907134	0.251106	0.40011	0.348784
Muller_E	2908511	0.25109	0.400135	0.348776
Muller_E	2909452	0.251078	0.400152	0.34877
Muller_E	2910160	0.25107	0.400164	0.348766
Muller_E	2911022	0.25106	0.40018	0.34876
Muller_E	2911252	0.251057	0.400184	0.348759
Muller_E	2911992	0.251048	0.400197	0.348755
Muller_E	2914672	0.251016	0.400246	0.348738
Muller_E	2915489	0.251006	0.40026	0.348733
Muller_E	2918585	0.25097	0.400316	0.348715
Muller_E	2919015	0.250964	0.400323	0.348712
Muller_E	2919728	0.250956	0.400336	0.348708
Muller_E	2919971	0.250953	0.400341	0.348706
Muller_E	2921506	0.250935	0.400368	0.348697
Muller_E	2922564	0.250922	0.400387	0.348691
Muller_E	2922707	0.25092	0.40039	0.34869
Muller_E	2924226	0.250902	0.400417	0.348681
Muller_E	2925108	0.250892	0.400433	0.348675
Muller_E	2925552	0.250887	0.400441	0.348673
Muller_E	2928855	0.250847	0.4005	0.348653
Muller_E	2930674	0.250826	0.400532	0.348642
Muller_E	2931258	0.250819	0.400543	0.348638
Muller_E	2931592	0.250815	0.400549	0.348636
Muller_E	2931798	0.250812	0.400553	0.348635
Muller_E	2932326	0.250806	0.400562	0.348632
Muller_E	2945623	0.250648	0.4008	0.348552
Muller_E	2945753	0.250646	0.400802	0.348552
Muller_E	2945878	0.250645	0.400804	0.348551
Muller_E	2946001	0.250644	0.400806	0.34855
Muller_E	2955783	0.250527	0.400981	0.348492
Muller_E	2957997	0.250501	0.40102	0.348478
Muller_E	2959282	0.250486	0.401043	0.348471
Muller_E	2959697	0.250481	0.401051	0.348468
Muller_E	2959819	0.25048	0.401053	0.348468
Muller_E	2960759	0.250468	0.40107	0.348462
Muller_E	2961667	0.250458	0.401086	0.348457
Muller_E	2961801	0.250456	0.401088	0.348456
Muller_E	2963254	0.250439	0.401114	0.348447
Muller_E	2963568	0.250435	0.40112	0.348445
Muller_E	2975263	0.250297	0.401327	0.348376
Muller_E	2976725	0.250279	0.401353	0.348367
Muller_E	2977784	0.250267	0.401372	0.348361
Muller_E	2982473	0.250211	0.401455	0.348333
Muller_E	2984283	0.25019	0.401488	0.348323
Muller_E	2985483	0.250176	0.401509	0.348315
Muller_E	2985658	0.250174	0.401512	0.348314
Muller_E	2985908	0.250171	0.401516	0.348313
Muller_E	2987685	0.25015	0.401548	0.348302
Muller_E	2992894	0.250088	0.40164	0.348272
Muller_E	2993313	0.250083	0.401648	0.348269
Muller_E	2993798	0.250077	0.401656	0.348266
Muller_E	2994137	0.250073	0.401662	0.348264
Muller_E	2994487	0.250069	0.401668	0.348262
Muller_E	2994615	0.250068	0.401671	0.348262
Muller_E	2995123	0.250062	0.40168	0.348259
Muller_E	2995701	0.250055	0.40169	0.348255
Muller_E	2996048	0.250051	0.401696	0.348253
Muller_E	2996738	0.250043	0.401708	0.348249
Muller_E	2996880	0.250041	0.401711	0.348248
Muller_E	2997113	0.250038	0.401715	0.348247
Muller_E	2999116	0.250015	0.40175	0.348235
Muller_E	2999459	0.250011	0.401756	0.348233
Muller_E	3001420	0.249987	0.401791	0.348222
Muller_E	3001578	0.249986	0.401794	0.348221
Muller_E	3001696	0.249984	0.401796	0.34822
Muller_E	3002579	0.249974	0.401811	0.348215
Muller_E	3003095	0.249968	0.401821	0.348212
Muller_E	3003540	0.249962	0.401828	0.348209
Muller_E	3004120	0.249956	0.401839	0.348206
Muller_E	3005221	0.249943	0.401858	0.348199
Muller_E	3007967	0.24991	0.401907	0.348183
Muller_E	3012773	0.249853	0.401991	0.348155
Muller_E	3013331	0.249847	0.402001	0.348152
Muller_E	3013618	0.249843	0.402006	0.34815
Muller_E	3014080	0.249838	0.402014	0.348148
Muller_E	3014783	0.24983	0.402027	0.348143
Muller_E	3016296	0.249812	0.402054	0.348135
Muller_E	3017214	0.249801	0.40207	0.348129
Muller_E	3018320	0.249788	0.402089	0.348123
Muller_E	3018982	0.24978	0.402101	0.348119
Muller_E	3019303	0.249776	0.402107	0.348117
Muller_E	3019831	0.24977	0.402116	0.348114
Muller_E	3021834	0.249747	0.402151	0.348102
Muller_E	3021944	0.249745	0.402153	0.348102
Muller_E	3023127	0.249731	0.402174	0.348095
Muller_E	3024474	0.249715	0.402198	0.348087
Muller_E	3024813	0.249712	0.402204	0.348085
Muller_E	3029421	0.249657	0.402285	0.348058
Muller_E	3029834	0.249652	0.402292	0.348056
Muller_E	3030101	0.249649	0.402297	0.348054
Muller_E	3033200	0.249613	0.402351	0.348036
Muller_E	3033901	0.249605	0.402363	0.348032
Muller_E	3034073	0.249602	0.402366	0.348031
Muller_E	3036032	0.249579	0.402401	0.34802
Muller_E	3038305	0.249553	0.402441	0.348007
Muller_E	3041816	0.249511	0.402502	0.347986
Muller_E	3044683	0.249478	0.402553	0.34797
Muller_E	3046757	0.249453	0.402589	0.347958
Muller_E	3046887	0.249452	0.402591	0.347957
Muller_E	3047900	0.24944	0.402609	0.347951
Muller_E	3048135	0.249437	0.402613	0.34795
Muller_E	3050664	0.249407	0.402658	0.347935
Muller_E	3051698	0.249395	0.402676	0.347929
Muller_E	3051968	0.249392	0.40268	0.347928
Muller_E	3052635	0.249384	0.402692	0.347924
Muller_E	3053197	0.249378	0.402702	0.34792
Muller_E	3056428	0.24934	0.402758	0.347902
Muller_E	3056712	0.249336	0.402763	0.3479
Muller_E	3058398	0.249317	0.402793	0.34789
Muller_E	3059687	0.249301	0.402815	0.347883
Muller_E	3061511	0.24928	0.402847	0.347873
Muller_E	3062406	0.24927	0.402863	0.347867
Muller_E	3062537	0.249268	0.402865	0.347867
Muller_E	3100018	0.248829	0.403518	0.347653
Muller_E	3100718	0.248821	0.403531	0.347649
Muller_E	3112367	0.248685	0.403733	0.347583
Muller_E	3112987	0.248677	0.403743	0.347579
Muller_E	3113420	0.248672	0.403751	0.347577
Muller_E	3116107	0.248641	0.403797	0.347562
Muller_E	3119432	0.248602	0.403855	0.347543
Muller_E	3119714	0.248599	0.40386	0.347541
Muller_E	3120862	0.248586	0.40388	0.347535
Muller_E	3122265	0.248569	0.403904	0.347527
Muller_E	3123364	0.248556	0.403923	0.347521
Muller_E	3124138	0.248547	0.403936	0.347516
Muller_E	3127464	0.248509	0.403994	0.347498
Muller_E	3128767	0.248493	0.404016	0.34749
Muller_E	3128895	0.248492	0.404019	0.34749
Muller_E	3129611	0.248484	0.404031	0.347486
Muller_E	3129743	0.248482	0.404033	0.347485
Muller_E	3130171	0.248477	0.404041	0.347482
Muller_E	3131529	0.248461	0.404064	0.347475
Muller_E	3137674	0.24839	0.40417	0.34744
Muller_E	3139976	0.248363	0.40421	0.347427
Muller_E	3143168	0.248326	0.404265	0.34741
Muller_E	3169152	0.248024	0.404712	0.347265
Muller_E	3170575	0.248007	0.404736	0.347257
Muller_E	3173857	0.247969	0.404792	0.347239
Muller_E	3192801	0.247749	0.405116	0.347135
Muller_E	3194086	0.247734	0.405138	0.347127
Muller_E	3194230	0.247733	0.405141	0.347127
Muller_E	3207603	0.247578	0.405369	0.347053
Muller_E	3207708	0.247577	0.40537	0.347053
Muller_E	3208070	0.247572	0.405377	0.347051
Muller_E	3208369	0.247569	0.405382	0.347049
Muller_E	3208507	0.247567	0.405384	0.347048
Muller_E	3208706	0.247565	0.405387	0.347047
Muller_E	3210124	0.247549	0.405412	0.34704
Muller_E	3211254	0.247536	0.405431	0.347033
Muller_E	3212088	0.247526	0.405445	0.347029
Muller_E	3216063	0.24748	0.405513	0.347007
Muller_E	3216461	0.247475	0.405519	0.347005
Muller_E	3217109	0.247468	0.40553	0.347002
Muller_E	3217441	0.247464	0.405536	0.347
Muller_E	3217706	0.247461	0.405541	0.346998
Muller_E	3217825	0.24746	0.405543	0.346998
Muller_E	3218354	0.247454	0.405552	0.346995
Muller_E	3219292	0.247443	0.405568	0.34699
Muller_E	3219763	0.247437	0.405576	0.346987
Muller_E	3221459	0.247418	0.405604	0.346978
Muller_E	3222112	0.24741	0.405615	0.346974
Muller_E	3223012	0.2474	0.405631	0.346969
Muller_E	3223549	0.247394	0.40564	0.346967
Muller_E	3224815	0.247379	0.405661	0.34696
Muller_E	3226800	0.247356	0.405695	0.346949
Muller_E	3229718	0.247322	0.405745	0.346933
Muller_E	3240322	0.2472	0.405924	0.346876
Muller_E	3240918	0.247193	0.405934	0.346872
Muller_E	3241273	0.247189	0.40594	0.346871
Muller_E	3247835	0.247113	0.406051	0.346835
Muller_E	3251442	0.247072	0.406112	0.346816
Muller_E	3252203	0.247063	0.406125	0.346812
Muller_E	3254014	0.247042	0.406156	0.346802
Muller_E	3254518	0.247036	0.406164	0.346799
Muller_E	3255141	0.247029	0.406175	0.346796
Muller_E	3255365	0.247027	0.406179	0.346795
Muller_E	3259142	0.246983	0.406242	0.346774
Muller_E	3259935	0.246974	0.406256	0.34677
Muller_E	3262497	0.246945	0.406299	0.346756
Muller_E	3263708	0.246931	0.406319	0.34675
Muller_E	3264644	0.24692	0.406335	0.346745
Muller_E	3266132	0.246903	0.40636	0.346737
Muller_E	3266579	0.246898	0.406368	0.346735
Muller_E	3266806	0.246895	0.406372	0.346733
Muller_E	3269029	0.246869	0.406409	0.346721
Muller_E	3271700	0.246839	0.406454	0.346707
Muller_E	3271881	0.246837	0.406457	0.346706
Muller_E	3273894	0.246814	0.406491	0.346695
Muller_E	3275081	0.2468	0.406511	0.346689
Muller_E	3275989	0.246789	0.406526	0.346684
Muller_E	3278049	0.246766	0.406561	0.346673
Muller_E	3280894	0.246733	0.406609	0.346658
Muller_E	3282107	0.246719	0.406629	0.346652
Muller_E	3282973	0.246709	0.406644	0.346647
Muller_E	3284532	0.246691	0.40667	0.346639
Muller_E	3291321	0.246613	0.406784	0.346603
Muller_E	3291878	0.246607	0.406793	0.3466
Muller_E	3293351	0.24659	0.406818	0.346592
Muller_E	3293759	0.246585	0.406825	0.34659
Muller_E	3304917	0.246457	0.407012	0.346531
Muller_E	3306663	0.246437	0.407041	0.346522
Muller_E	3306880	0.246435	0.407045	0.34652
Muller_E	3310127	0.246398	0.407099	0.346503
Muller_E	3312301	0.246373	0.407135	0.346492
Muller_E	3312718	0.246368	0.407142	0.34649
Muller_E	3318766	0.246299	0.407243	0.346458
Muller_E	3323588	0.246244	0.407324	0.346433
Muller_E	3324201	0.246237	0.407334	0.346429
Muller_E	3324656	0.246232	0.407342	0.346427
Muller_E	3325091	0.246227	0.407349	0.346425
Muller_E	3326084	0.246215	0.407365	0.346419
Muller_E	3326190	0.246214	0.407367	0.346419
Muller_E	3330218	0.246168	0.407434	0.346398
Muller_E	3334866	0.246115	0.407512	0.346374
Muller_E	3337545	0.246084	0.407556	0.34636
Muller_E	3340268	0.246053	0.407602	0.346345
Muller_E	3340480	0.246051	0.407605	0.346344
Muller_E	3410593	0.245253	0.408764	0.345984
Muller_E	3431230	0.245019	0.409102	0.345879
Muller_E	3437416	0.244949	0.409203	0.345848
Muller_E	3456916	0.244728	0.409521	0.345751
Muller_E	3457694	0.244719	0.409534	0.345747
Muller_E	3459001	0.244705	0.409555	0.34574
Muller_E	3462300	0.244667	0.409609	0.345724
Muller_E	3464519	0.244642	0.409645	0.345713
Muller_E	3464673	0.244641	0.409647	0.345712
Muller_E	3477602	0.244495	0.409857	0.345648
Muller_E	3525631	0.243955	0.410633	0.345412
Muller_E	3546828	0.243717	0.410974	0.345309
Muller_E	3557059	0.243602	0.411137	0.34526
Muller_E	3566467	0.243497	0.411288	0.345215
Muller_E	3572057	0.243435	0.411377	0.345188
Muller_E	3572168	0.243433	0.411379	0.345188
Muller_E	3579272	0.243354	0.411492	0.345154
Muller_E	3579502	0.243352	0.411496	0.345153
Muller_E	3582419	0.243319	0.411542	0.345139
Muller_E	3590131	0.243233	0.411665	0.345102
Muller_E	3605233	0.243064	0.411905	0.345031
Muller_E	3610748	0.243003	0.411992	0.345005
Muller_E	3611776	0.242992	0.412008	0.345
Muller_E	3615071	0.242955	0.41206	0.344985
Muller_E	3617701	0.242926	0.412102	0.344972
Muller_E	3617818	0.242924	0.412104	0.344972
Muller_E	3617948	0.242923	0.412106	0.344971
Muller_E	3623404	0.242862	0.412192	0.344946
Muller_E	3630035	0.242788	0.412297	0.344915
Muller_E	3631532	0.242772	0.412321	0.344908
Muller_E	3634067	0.242744	0.412361	0.344896
Muller_E	3642157	0.242654	0.412488	0.344858
Muller_E	3643438	0.24264	0.412508	0.344852
Muller_E	3645674	0.242615	0.412543	0.344842
Muller_E	3652519	0.242539	0.412651	0.34481
Muller_E	3655257	0.242508	0.412694	0.344797
Muller_E	3657953	0.242479	0.412737	0.344785
Muller_E	3660200	0.242454	0.412772	0.344775
Muller_E	3665461	0.242395	0.412854	0.34475
Muller_E	3670065	0.242344	0.412927	0.344729
Muller_E	3757777	0.241377	0.41429	0.344333
Muller_E	3766114	0.241285	0.414419	0.344296
Muller_E	3770199	0.24124	0.414482	0.344278
Muller_E	3771242	0.241229	0.414498	0.344273
Muller_E	3775369	0.241183	0.414561	0.344255
Muller_E	3781958	0.241111	0.414663	0.344226
Muller_E	3788305	0.241041	0.41476	0.344198
Muller_E	3788531	0.241039	0.414764	0.344197
Muller_E	3788717	0.241037	0.414766	0.344197
Muller_E	3791492	0.241007	0.414809	0.344184
Muller_E	3791929	0.241002	0.414816	0.344183
Muller_E	3794089	0.240978	0.414849	0.344173
Muller_E	3798034	0.240935	0.414909	0.344156
Muller_E	3805877	0.240849	0.415029	0.344122
Muller_E	3808116	0.240825	0.415063	0.344112
Muller_E	3837593	0.240502	0.415513	0.343985
Muller_E	3889492	0.239937	0.416298	0.343764
Muller_E	3892070	0.239909	0.416337	0.343753
Muller_E	3892768	0.239902	0.416348	0.343751
Muller_E	3893846	0.23989	0.416364	0.343746
Muller_E	3895236	0.239875	0.416385	0.34374
Muller_E	3896701	0.239859	0.416407	0.343734
Muller_E	3964144	0.239129	0.417416	0.343456
Muller_E	3964249	0.239128	0.417417	0.343455
Muller_E	3964701	0.239123	0.417424	0.343453
Muller_E	3965335	0.239116	0.417433	0.343451
Muller_E	3965537	0.239114	0.417436	0.34345
Muller_E	3971184	0.239053	0.41752	0.343427
Muller_E	4005791	0.23868	0.418032	0.343288
Muller_E	4007537	0.238661	0.418058	0.343281
Muller_E	4008073	0.238655	0.418066	0.343279
Muller_E	4008732	0.238648	0.418076	0.343276
Muller_E	4009275	0.238643	0.418084	0.343274
Muller_E	4009794	0.238637	0.418091	0.343272
Muller_E	4010462	0.23863	0.418101	0.343269
Muller_E	4011246	0.238621	0.418113	0.343266
Muller_E	4011350	0.23862	0.418114	0.343266
Muller_E	4011743	0.238616	0.41812	0.343264
Muller_E	4012926	0.238603	0.418137	0.343259
Muller_E	4015010	0.238581	0.418168	0.343251
Muller_E	4015956	0.238571	0.418182	0.343247
Muller_E	4016731	0.238562	0.418194	0.343244
Muller_E	4017133	0.238558	0.418199	0.343242
Muller_E	4017640	0.238553	0.418207	0.34324
Muller_E	4021078	0.238516	0.418258	0.343227
Muller_E	4021876	0.238507	0.418269	0.343224
Muller_E	4022513	0.2385	0.418279	0.343221
Muller_E	4022928	0.238496	0.418285	0.343219
Muller_E	4024532	0.238479	0.418308	0.343213
Muller_E	4024639	0.238477	0.41831	0.343213
Muller_E	4025270	0.238471	0.418319	0.34321
Muller_E	4027169	0.23845	0.418347	0.343203
Muller_E	4027437	0.238447	0.418351	0.343202
Muller_E	4027764	0.238444	0.418356	0.3432
Muller_E	4029270	0.238428	0.418378	0.343194
Muller_E	4032202	0.238396	0.418421	0.343183
Muller_E	4032327	0.238395	0.418423	0.343182
Muller_E	4033521	0.238382	0.41844	0.343178
Muller_E	4033797	0.238379	0.418444	0.343176
Muller_E	4036360	0.238352	0.418482	0.343166
Muller_E	4037138	0.238343	0.418493	0.343163
Muller_E	4037610	0.238338	0.4185	0.343161
Muller_E	4040496	0.238307	0.418543	0.34315
Muller_E	4040949	0.238302	0.418549	0.343148
Muller_E	4045900	0.238249	0.418622	0.343129
Muller_E	4046078	0.238247	0.418624	0.343128
Muller_E	4046843	0.238239	0.418636	0.343125
Muller_E	4047581	0.238231	0.418647	0.343122
Muller_E	4048275	0.238224	0.418657	0.34312
Muller_E	4048700	0.238219	0.418663	0.343118
Muller_E	4053592	0.238167	0.418734	0.343099
Muller_E	4056223	0.238139	0.418773	0.343088
Muller_E	4056545	0.238135	0.418778	0.343087
Muller_E	4056951	0.238131	0.418784	0.343086
Muller_E	4057601	0.238124	0.418793	0.343083
Muller_E	4057720	0.238123	0.418795	0.343083
Muller_E	4058043	0.238119	0.4188	0.343081
Muller_E	4058149	0.238118	0.418801	0.343081
Muller_E	4058704	0.238112	0.418809	0.343079
Muller_E	4059417	0.238104	0.41882	0.343076
Muller_E	4059965	0.238099	0.418828	0.343074
Muller_E	4061381	0.238083	0.418848	0.343068
Muller_E	4061745	0.238079	0.418854	0.343067
Muller_E	4062020	0.238077	0.418858	0.343066
Muller_E	4062507	0.238071	0.418865	0.343064
Muller_E	4062941	0.238067	0.418871	0.343062
Muller_E	4064035	0.238055	0.418887	0.343058
Muller_E	4064680	0.238048	0.418896	0.343055
Muller_E	4064829	0.238046	0.418899	0.343055
Muller_E	4065474	0.23804	0.418908	0.343052
Muller_E	4065574	0.238039	0.41891	0.343052
Muller_E	4066028	0.238034	0.418916	0.34305
Muller_E	4067541	0.238017	0.418938	0.343044
Muller_E	4067967	0.238013	0.418944	0.343043
Muller_E	4068535	0.238007	0.418953	0.34304
Muller_E	4069245	0.237999	0.418963	0.343038
Muller_E	4070105	0.23799	0.418976	0.343034
Muller_E	4071088	0.237979	0.41899	0.343031
Muller_E	4071641	0.237974	0.418998	0.343028
Muller_E	4072126	0.237968	0.419005	0.343026
Muller_E	4072768	0.237962	0.419014	0.343024
Muller_E	4072973	0.237959	0.419017	0.343023
Muller_E	4073359	0.237955	0.419023	0.343022
Muller_E	4075135	0.237936	0.419049	0.343015
Muller_E	4075254	0.237935	0.419051	0.343014
Muller_E	4076053	0.237926	0.419062	0.343011
Muller_E	4077160	0.237915	0.419078	0.343007
Muller_E	4078165	0.237904	0.419093	0.343003
Muller_E	4078690	0.237898	0.419101	0.343001
Muller_E	4078900	0.237896	0.419104	0.343
Muller_E	4079010	0.237895	0.419105	0.343
Muller_E	4079297	0.237892	0.41911	0.342999
Muller_E	4081728	0.237866	0.419145	0.342989
Muller_E	4082079	0.237862	0.41915	0.342988
Muller_E	4083988	0.237842	0.419178	0.342981
Muller_E	4085715	0.237823	0.419203	0.342974
Muller_E	4089306	0.237785	0.419255	0.34296
Muller_E	4089803	0.237779	0.419262	0.342958
Muller_E	4092778	0.237748	0.419306	0.342947
Muller_E	4092894	0.237746	0.419307	0.342946
Muller_E	4098915	0.237682	0.419395	0.342923
Muller_E	4109650	0.237568	0.41955	0.342882
Muller_E	4113217	0.23753	0.419602	0.342869
Muller_E	4113538	0.237526	0.419607	0.342867
Muller_E	4114422	0.237517	0.419619	0.342864
Muller_E	4114803	0.237513	0.419625	0.342862
Muller_E	4115118	0.237509	0.419629	0.342861
Muller_E	4116856	0.237491	0.419655	0.342855
Muller_E	4117074	0.237488	0.419658	0.342854
Muller_E	4117473	0.237484	0.419663	0.342852
Muller_E	4118970	0.237468	0.419685	0.342847
Muller_E	4121851	0.237438	0.419727	0.342836
Muller_E	4122071	0.237435	0.41973	0.342835
Muller_E	4122393	0.237432	0.419735	0.342834
Muller_E	4122818	0.237427	0.419741	0.342832
Muller_E	4124318	0.237411	0.419762	0.342826
Muller_E	4124418	0.23741	0.419764	0.342826
Muller_E	4126492	0.237388	0.419794	0.342818
Muller_E	4127527	0.237377	0.419809	0.342814
Muller_E	4127720	0.237375	0.419812	0.342813
Muller_E	4128101	0.237371	0.419817	0.342812
Muller_E	4128234	0.23737	0.419819	0.342812
Muller_E	4130334	0.237347	0.419849	0.342804
Muller_E	4132221	0.237327	0.419876	0.342796
Muller_E	4134741	0.2373	0.419913	0.342787
Muller_E	4134982	0.237298	0.419916	0.342786
Muller_E	4136547	0.237281	0.419939	0.34278
Muller_E	4140224	0.237242	0.419992	0.342766
Muller_E	4140902	0.237235	0.420002	0.342764
Muller_E	4141485	0.237228	0.42001	0.342762
Muller_E	4143836	0.237203	0.420044	0.342753
Muller_E	4144350	0.237198	0.420051	0.342751
Muller_E	4144848	0.237193	0.420058	0.342749
Muller_E	4150850	0.237129	0.420145	0.342726
Muller_E	4151927	0.237117	0.42016	0.342722
Muller_E	4154621	0.237089	0.420199	0.342712
Muller_E	4159745	0.237034	0.420272	0.342693
Muller_E	4159958	0.237032	0.420275	0.342692
Muller_E	4160923	0.237022	0.420289	0.342689
Muller_E	4161787	0.237013	0.420302	0.342686
Muller_E	4162162	0.237009	0.420307	0.342684
Muller_E	4163984	0.236989	0.420333	0.342677
Muller_E	4164218	0.236987	0.420337	0.342677
Muller_E	4164859	0.23698	0.420346	0.342674
Muller_E	4165033	0.236978	0.420348	0.342674
Muller_E	4165157	0.236977	0.42035	0.342673
Muller_E	4165383	0.236975	0.420353	0.342672
Muller_E	4165808	0.23697	0.420359	0.342671
Muller_E	4165958	0.236968	0.420362	0.34267
Muller_E	4166062	0.236967	0.420363	0.34267
Muller_E	4166243	0.236965	0.420366	0.342669
Muller_E	4166628	0.236961	0.420371	0.342668
Muller_E	4168755	0.236939	0.420402	0.34266
Muller_E	4172546	0.236898	0.420456	0.342646
Muller_E	4172827	0.236896	0.42046	0.342645
Muller_E	4173860	0.236885	0.420475	0.342641
Muller_E	4176100	0.236861	0.420507	0.342632
Muller_E	4176326	0.236858	0.42051	0.342632
Muller_E	4176826	0.236853	0.420517	0.34263
Muller_E	4177022	0.236851	0.42052	0.342629
Muller_E	4178339	0.236837	0.420539	0.342624
Muller_E	4178608	0.236834	0.420543	0.342623
Muller_E	4179326	0.236827	0.420553	0.342621
Muller_E	4180712	0.236812	0.420573	0.342615
Muller_E	4180966	0.236809	0.420576	0.342614
Muller_E	4184926	0.236767	0.420633	0.3426
Muller_E	4185178	0.236765	0.420637	0.342599
Muller_E	4185319	0.236763	0.420639	0.342598
Muller_E	4185532	0.236761	0.420642	0.342598
Muller_E	4187632	0.236739	0.420672	0.34259
Muller_E	4188227	0.236732	0.42068	0.342588
Muller_E	4188670	0.236728	0.420686	0.342586
Muller_E	4192621	0.236686	0.420743	0.342572
Muller_E	4193546	0.236676	0.420756	0.342568
Muller_E	4194407	0.236667	0.420768	0.342565
Muller_E	4195783	0.236652	0.420788	0.34256
Muller_E	4196010	0.23665	0.420791	0.342559
Muller_E	4197440	0.236635	0.420811	0.342554
Muller_E	4198223	0.236626	0.420823	0.342551
Muller_E	4199021	0.236618	0.420834	0.342548
Muller_E	4199203	0.236616	0.420837	0.342547
Muller_E	4199424	0.236614	0.42084	0.342547
Muller_E	4199639	0.236611	0.420843	0.342546
Muller_E	4199983	0.236608	0.420848	0.342545
Muller_E	4203293	0.236573	0.420895	0.342532
Muller_E	4205814	0.236546	0.420931	0.342523
Muller_E	4206134	0.236543	0.420935	0.342522
Muller_E	4207588	0.236527	0.420956	0.342517
Muller_E	4210680	0.236495	0.421	0.342506
Muller_E	4210928	0.236492	0.421004	0.342505
Muller_E	4211312	0.236488	0.421009	0.342503
Muller_E	4211755	0.236483	0.421015	0.342502
Muller_E	4213444	0.236465	0.421039	0.342495
Muller_E	4216650	0.236431	0.421085	0.342484
Muller_E	4217058	0.236427	0.421091	0.342482
Muller_E	4217453	0.236423	0.421096	0.342481
Muller_E	4217565	0.236422	0.421098	0.34248
Muller_E	4217669	0.236421	0.421099	0.34248
Muller_E	4217825	0.236419	0.421102	0.34248
Muller_E	4218923	0.236407	0.421117	0.342476
Muller_E	4225215	0.236341	0.421206	0.342453
Muller_E	4232774	0.236261	0.421314	0.342425
Muller_E	4235298	0.236234	0.421349	0.342416
Muller_E	4245993	0.236121	0.4215	0.342378
Muller_E	4252835	0.236049	0.421597	0.342354
Muller_E	4253725	0.23604	0.42161	0.34235
Muller_E	4256197	0.236014	0.421645	0.342342
Muller_E	4261234	0.235961	0.421716	0.342324
Muller_E	4262892	0.235943	0.421739	0.342318
Muller_E	4263238	0.23594	0.421744	0.342317
Muller_E	4263588	0.235936	0.421749	0.342315
Muller_E	4264621	0.235925	0.421763	0.342312
Muller_E	4266950	0.235901	0.421796	0.342303
Muller_E	4267529	0.235895	0.421804	0.342301
Muller_E	4276223	0.235803	0.421926	0.342271
Muller_E	4311688	0.23543	0.422423	0.342146
Muller_E	4311965	0.235427	0.422427	0.342145
Muller_E	4312254	0.235424	0.422431	0.342144
Muller_E	4312510	0.235422	0.422435	0.342144
Muller_E	4334492	0.235191	0.422741	0.342068
Muller_E	4352032	0.235008	0.422985	0.342008
Muller_E	4353438	0.234993	0.423004	0.342003
Muller_E	4356857	0.234957	0.423051	0.341991
Muller_E	4360054	0.234924	0.423096	0.341981
Muller_E	4374783	0.23477	0.423299	0.341931
Muller_E	4374946	0.234768	0.423301	0.34193
Muller_E	4381350	0.234701	0.42339	0.341909
Muller_E	4558836	0.232861	0.425798	0.34134
Muller_E	4562012	0.232829	0.425841	0.34133
Muller_E	4564083	0.232807	0.425869	0.341324
Muller_E	4564194	0.232806	0.42587	0.341324
Muller_E	4568491	0.232762	0.425927	0.341311
Muller_E	4569115	0.232756	0.425936	0.341309
Muller_E	4569749	0.232749	0.425944	0.341307
Muller_E	4570340	0.232743	0.425952	0.341305
Muller_E	4571890	0.232727	0.425973	0.3413
Muller_E	4572624	0.23272	0.425982	0.341298
Muller_E	4573491	0.232711	0.425994	0.341295
Muller_E	4573809	0.232707	0.425998	0.341294
Muller_E	4577361	0.232671	0.426045	0.341284
Muller_E	4577462	0.23267	0.426047	0.341283
Muller_E	4578308	0.232661	0.426058	0.341281
Muller_E	4580664	0.232637	0.426089	0.341274
Muller_E	4580954	0.232634	0.426093	0.341273
Muller_E	4581769	0.232626	0.426104	0.34127
Muller_E	4581909	0.232624	0.426106	0.34127
Muller_E	4583019	0.232613	0.426121	0.341267
Muller_E	4583393	0.232609	0.426126	0.341265
Muller_E	4583516	0.232608	0.426127	0.341265
Muller_E	4584473	0.232598	0.42614	0.341262
Muller_E	4589180	0.232549	0.426203	0.341248
Muller_E	4590247	0.232538	0.426217	0.341245
Muller_E	4591539	0.232525	0.426234	0.341241
Muller_E	4593253	0.232508	0.426257	0.341236
Muller_E	4593508	0.232505	0.42626	0.341235
Muller_E	4593974	0.2325	0.426266	0.341234
Muller_E	4595111	0.232488	0.426281	0.34123
Muller_E	4595303	0.232486	0.426284	0.34123
Muller_E	4597548	0.232463	0.426314	0.341223
Muller_E	4597833	0.23246	0.426317	0.341222
Muller_E	4600306	0.232435	0.42635	0.341215
Muller_E	4607273	0.232364	0.426443	0.341194
Muller_E	4607398	0.232362	0.426444	0.341193
Muller_E	4610441	0.232331	0.426484	0.341184
Muller_E	4611041	0.232325	0.426492	0.341183
Muller_E	4611562	0.23232	0.426499	0.341181
Muller_E	4611697	0.232318	0.426501	0.341181
Muller_E	4612447	0.232311	0.426511	0.341178
Muller_E	4612733	0.232308	0.426515	0.341178
Muller_E	4612927	0.232306	0.426517	0.341177
Muller_E	4613148	0.232303	0.42652	0.341176
Muller_E	4614502	0.232289	0.426538	0.341172
Muller_E	4615888	0.232275	0.426557	0.341168
Muller_E	4616173	0.232272	0.42656	0.341167
Muller_E	4616508	0.232269	0.426565	0.341166
Muller_E	4616663	0.232267	0.426567	0.341166
Muller_E	4618190	0.232252	0.426587	0.341161
Muller_E	4619781	0.232235	0.426608	0.341157
Muller_E	4622166	0.232211	0.426639	0.34115
Muller_E	4626314	0.232168	0.426694	0.341137
Muller_E	4626864	0.232163	0.426701	0.341136
Muller_E	4627368	0.232158	0.426708	0.341134
Muller_E	4627488	0.232156	0.42671	0.341134
Muller_E	4633961	0.23209	0.426795	0.341115
Muller_E	4635834	0.232071	0.42682	0.341109
Muller_E	4636452	0.232065	0.426828	0.341108
Muller_E	4637295	0.232056	0.426839	0.341105
Muller_E	4640891	0.232019	0.426886	0.341095
Muller_E	4645727	0.23197	0.42695	0.341081
Muller_E	4646376	0.231963	0.426958	0.341079
Muller_E	4646798	0.231959	0.426964	0.341077
Muller_E	4653320	0.231892	0.42705	0.341058
Muller_E	4656520	0.231859	0.427092	0.341049
Muller_E	4672665	0.231694	0.427303	0.341003
Muller_E	4674140	0.231679	0.427323	0.340998
Muller_E	4675745	0.231663	0.427344	0.340994
Muller_E	4676485	0.231655	0.427353	0.340992
Muller_E	4677110	0.231649	0.427361	0.34099
Muller_E	4677655	0.231643	0.427368	0.340988
Muller_E	4678986	0.23163	0.427386	0.340984
Muller_E	4680223	0.231617	0.427402	0.340981
Muller_E	4682403	0.231595	0.427431	0.340975
Muller_E	4682621	0.231593	0.427433	0.340974
Muller_E	4684270	0.231576	0.427455	0.340969
Muller_E	4685491	0.231563	0.427471	0.340966
Muller_E	4686019	0.231558	0.427478	0.340964
Muller_E	4687101	0.231547	0.427492	0.340961
Muller_E	4689628	0.231521	0.427525	0.340954
Muller_E	4690052	0.231517	0.42753	0.340953
Muller_E	4690344	0.231514	0.427534	0.340952
Muller_E	4690905	0.231508	0.427541	0.34095
Muller_E	4691125	0.231506	0.427544	0.34095
Muller_E	4691712	0.2315	0.427552	0.340948
Muller_E	4691999	0.231497	0.427556	0.340947
Muller_E	4692111	0.231496	0.427557	0.340947
Muller_E	4693234	0.231484	0.427572	0.340944
Muller_E	4693620	0.23148	0.427577	0.340943
Muller_E	4693753	0.231479	0.427579	0.340942
Muller_E	4694021	0.231476	0.427582	0.340942
Muller_E	4694592	0.23147	0.42759	0.34094
Muller_E	4696429	0.231452	0.427613	0.340935
Muller_E	4696792	0.231448	0.427618	0.340934
Muller_E	4699402	0.231421	0.427652	0.340926
Muller_E	4700957	0.231406	0.427672	0.340922
Muller_E	4702606	0.231389	0.427694	0.340917
Muller_E	4708142	0.231332	0.427766	0.340902
Muller_E	4712097	0.231292	0.427817	0.340891
Muller_E	4713898	0.231274	0.427841	0.340885
Muller_E	4714194	0.231271	0.427845	0.340885
Muller_E	4717094	0.231241	0.427882	0.340877
Muller_E	4717794	0.231234	0.427891	0.340875
Muller_E	4720564	0.231206	0.427927	0.340867
Muller_E	4722390	0.231187	0.427951	0.340862
Muller_E	4727534	0.231135	0.428018	0.340847
Muller_E	4730688	0.231103	0.428058	0.340839
Muller_E	4731377	0.231096	0.428067	0.340837
Muller_E	4732944	0.23108	0.428088	0.340832
Muller_E	4738342	0.231025	0.428158	0.340817
Muller_E	4739398	0.231014	0.428171	0.340814
Muller_E	4742492	0.230983	0.428211	0.340806
Muller_E	4745718	0.23095	0.428253	0.340797
Muller_E	4746457	0.230943	0.428262	0.340795
Muller_E	4748015	0.230927	0.428282	0.340791
Muller_E	4748352	0.230923	0.428287	0.34079
Muller_E	4748630	0.230921	0.42829	0.340789
Muller_E	4751071	0.230896	0.428322	0.340782
Muller_E	4751685	0.23089	0.42833	0.340781
Muller_E	4751817	0.230888	0.428332	0.34078
Muller_E	4752607	0.23088	0.428342	0.340778
Muller_E	4752773	0.230879	0.428344	0.340778
Muller_E	4753826	0.230868	0.428357	0.340775
Muller_E	4754671	0.230859	0.428368	0.340772
Muller_E	4756619	0.230839	0.428393	0.340767
Muller_E	4759191	0.230813	0.428427	0.34076
Muller_E	4761262	0.230792	0.428453	0.340754
Muller_E	4761866	0.230786	0.428461	0.340753
Muller_E	4761985	0.230785	0.428463	0.340752
Muller_E	4763545	0.230769	0.428483	0.340748
Muller_E	4764509	0.230759	0.428495	0.340746
Muller_E	4765595	0.230748	0.428509	0.340743
Muller_E	4766291	0.230741	0.428518	0.340741
Muller_E	4766501	0.230739	0.428521	0.34074
Muller_E	4767354	0.230731	0.428532	0.340738
Muller_E	4769627	0.230707	0.428561	0.340732
Muller_E	4769950	0.230704	0.428565	0.340731
Muller_E	4772288	0.23068	0.428595	0.340724
Muller_E	4773763	0.230666	0.428614	0.34072
Muller_E	4773963	0.230664	0.428617	0.34072
Muller_E	4774375	0.230659	0.428622	0.340719
Muller_E	4774957	0.230653	0.428629	0.340717
Muller_E	4775479	0.230648	0.428636	0.340716
Muller_E	4776619	0.230637	0.428651	0.340713
Muller_E	4779373	0.230609	0.428686	0.340705
Muller_E	4781913	0.230583	0.428719	0.340698
Muller_E	4782620	0.230576	0.428728	0.340696
Muller_E	4783326	0.230569	0.428737	0.340695
Muller_E	4786044	0.230541	0.428772	0.340687
Muller_E	4786690	0.230535	0.42878	0.340686
Muller_E	4789453	0.230507	0.428815	0.340678
Muller_E	4790377	0.230497	0.428827	0.340676
Muller_E	4792360	0.230477	0.428853	0.34067
Muller_E	4792549	0.230475	0.428855	0.34067
Muller_E	4792702	0.230474	0.428857	0.340669
Muller_E	4822723	0.23017	0.42924	0.34059
Muller_E	4832155	0.230075	0.42936	0.340565
Muller_E	4834924	0.230047	0.429396	0.340558
Muller_E	4838041	0.230015	0.429435	0.34055
Muller_E	4839031	0.230005	0.429448	0.340547
Muller_E	4840034	0.229995	0.42946	0.340544
Muller_E	4843722	0.229958	0.429507	0.340535
Muller_E	4844215	0.229953	0.429514	0.340533
Muller_E	4846930	0.229926	0.429548	0.340526
Muller_E	4847984	0.229915	0.429561	0.340524
Muller_E	4849699	0.229898	0.429583	0.340519
Muller_E	4849916	0.229895	0.429586	0.340519
Muller_E	4850646	0.229888	0.429595	0.340517
Muller_E	4851102	0.229883	0.429601	0.340516
Muller_E	4851280	0.229882	0.429603	0.340515
Muller_E	4852753	0.229867	0.429622	0.340511
Muller_E	4853630	0.229858	0.429633	0.340509
Muller_E	4855355	0.229841	0.429655	0.340505
Muller_E	4859608	0.229798	0.429709	0.340494
Muller_E	4860728	0.229786	0.429723	0.340491
Muller_E	4862947	0.229764	0.429751	0.340485
Muller_E	4865598	0.229737	0.429784	0.340478
Muller_E	4865718	0.229736	0.429786	0.340478
Muller_E	4866182	0.229731	0.429792	0.340477
Muller_E	4867670	0.229717	0.42981	0.340473
Muller_E	4869382	0.229699	0.429832	0.340469
Muller_E	4875634	0.229636	0.429911	0.340453
Muller_E	4875860	0.229634	0.429914	0.340452
Muller_E	4876983	0.229623	0.429928	0.340449
Muller_E	4877350	0.229619	0.429933	0.340448
Muller_E	4878065	0.229612	0.429942	0.340446
Muller_E	4879381	0.229599	0.429958	0.340443
Muller_E	4880635	0.229586	0.429974	0.34044
Muller_E	4881487	0.229577	0.429985	0.340438
Muller_E	4881936	0.229573	0.42999	0.340437
Muller_E	4884468	0.229547	0.430022	0.34043
Muller_E	4888342	0.229508	0.430071	0.34042
Muller_E	4889910	0.229493	0.430091	0.340416
Muller_E	4890915	0.229483	0.430104	0.340414
Muller_E	4891113	0.229481	0.430106	0.340413
Muller_E	4891366	0.229478	0.430109	0.340413
Muller_E	4891615	0.229476	0.430112	0.340412
Muller_E	4892655	0.229465	0.430125	0.34041
Muller_E	4894761	0.229444	0.430152	0.340404
Muller_E	4895681	0.229435	0.430163	0.340402
Muller_E	4895913	0.229432	0.430166	0.340401
Muller_E	4896016	0.229431	0.430168	0.340401
Muller_E	4896306	0.229428	0.430171	0.3404
Muller_E	4896909	0.229422	0.430179	0.340399
Muller_E	4897149	0.22942	0.430182	0.340398
Muller_E	4897396	0.229417	0.430185	0.340398
Muller_E	4899238	0.229399	0.430208	0.340393
Muller_E	4899448	0.229397	0.430211	0.340392
Muller_E	4899730	0.229394	0.430214	0.340392
Muller_E	4900388	0.229387	0.430223	0.34039
Muller_E	4901136	0.22938	0.430232	0.340388
Muller_E	4901310	0.229378	0.430234	0.340388
Muller_E	4902057	0.229371	0.430244	0.340386
Muller_E	4902851	0.229363	0.430254	0.340384
Muller_E	4903242	0.229359	0.430258	0.340383
Muller_E	4905649	0.229334	0.430289	0.340377
Muller_E	4906999	0.229321	0.430306	0.340374
