chrom	position	2,0	1,1	0,2
Muller_E	62882	0.194247	0.425951	0.379801
Muller_E	267432	0.188202	0.436302	0.375496
Muller_E	441230	0.183076	0.445028	0.371897
Muller_E	511157	0.181014	0.448523	0.370463
Muller_E	557879	0.179637	0.450854	0.369509
Muller_E	581000	0.178955	0.452006	0.369039
Muller_E	709108	0.175179	0.458375	0.366446
Muller_E	768129	0.173439	0.461302	0.365259
Muller_E	785241	0.172935	0.462149	0.364916
Muller_E	787322	0.172873	0.462252	0.364874
Muller_E	787424	0.17287	0.462258	0.364872
Muller_E	788173	0.172848	0.462295	0.364857
Muller_E	788750	0.172831	0.462323	0.364846
Muller_E	788860	0.172828	0.462329	0.364844
Muller_E	791823	0.17274	0.462475	0.364784
Muller_E	802257	0.172433	0.462992	0.364575
Muller_E	893794	0.169732	0.467519	0.362749
Muller_E	894300	0.169717	0.467544	0.362739
Muller_E	896281	0.169659	0.467642	0.3627
Muller_E	897287	0.169629	0.467691	0.36268
Muller_E	897987	0.169608	0.467726	0.362666
Muller_E	901015	0.169519	0.467876	0.362605
Muller_E	901718	0.169498	0.46791	0.362591
Muller_E	923408	0.168858	0.468981	0.362161
Muller_E	923675	0.16885	0.468995	0.362155
Muller_E	924320	0.168831	0.469027	0.362142
Muller_E	927795	0.168728	0.469198	0.362073
Muller_E	948021	0.168131	0.470196	0.361672
Muller_E	948230	0.168125	0.470207	0.361668
Muller_E	958531	0.167821	0.470715	0.361464
Muller_E	967701	0.16755	0.471167	0.361282
Muller_E	969142	0.167508	0.471239	0.361254
Muller_E	1033237	0.165614	0.474398	0.359988
Muller_E	1120573	0.163031	0.478699	0.35827
Muller_E	1123171	0.162954	0.478827	0.358219
Muller_E	1146845	0.162253	0.479991	0.357755
Muller_E	1148492	0.162205	0.480072	0.357723
Muller_E	1168315	0.161618	0.481047	0.357335
Muller_E	1213395	0.160282	0.483263	0.356455
Muller_E	1262309	0.158832	0.485667	0.355501
Muller_E	1275111	0.158452	0.486296	0.355252
Muller_E	1275707	0.158434	0.486325	0.355241
Muller_E	1314313	0.157288	0.488221	0.354491
Muller_E	1318297	0.15717	0.488417	0.354413
Muller_E	1358440	0.155977	0.490387	0.353635
Muller_E	1358616	0.155972	0.490396	0.353632
Muller_E	1378824	0.155371	0.491388	0.353241
Muller_E	1480336	0.152349	0.496369	0.351282
Muller_E	1489232	0.152084	0.496806	0.35111
Muller_E	1645912	0.147403	0.504492	0.348105
Muller_E	1673398	0.14658	0.505841	0.34758
Muller_E	1718642	0.145223	0.508061	0.346716
Muller_E	1746815	0.144377	0.509444	0.346179
Muller_E	1763447	0.143877	0.51026	0.345862
Muller_E	1765039	0.143829	0.510338	0.345832
Muller_E	1765159	0.143826	0.510344	0.34583
Muller_E	1765369	0.14382	0.510355	0.345826
Muller_E	1771226	0.143643	0.510642	0.345714
Muller_E	1799036	0.142807	0.512008	0.345185
Muller_E	1802542	0.142702	0.51218	0.345119
Muller_E	1802678	0.142698	0.512186	0.345116
Muller_E	1803039	0.142687	0.512204	0.345109
Muller_E	1803347	0.142677	0.512219	0.345103
Muller_E	1805518	0.142612	0.512326	0.345062
Muller_E	1812938	0.142389	0.51269	0.344921
Muller_E	1813040	0.142386	0.512695	0.344919
Muller_E	1815234	0.14232	0.512803	0.344877
Muller_E	1815907	0.142299	0.512836	0.344864
Muller_E	1816383	0.142285	0.51286	0.344855
Muller_E	1831501	0.14183	0.513602	0.344568
Muller_E	1850978	0.141243	0.514559	0.344198
Muller_E	1851905	0.141215	0.514604	0.344181
Muller_E	1852166	0.141207	0.514617	0.344176
Muller_E	1857635	0.141042	0.514886	0.344072
Muller_E	1861157	0.140936	0.515059	0.344005
Muller_E	1861336	0.140931	0.515068	0.344002
Muller_E	1861880	0.140914	0.515094	0.343991
Muller_E	1866595	0.140772	0.515326	0.343902
Muller_E	1870209	0.140663	0.515504	0.343833
Muller_E	1871973	0.14061	0.51559	0.3438
Muller_E	1880064	0.140366	0.515988	0.343646
Muller_E	1889333	0.140086	0.516443	0.343471
Muller_E	1891195	0.14003	0.516535	0.343435
Muller_E	1894320	0.139936	0.516689	0.343376
Muller_E	1900363	0.139753	0.516986	0.343261
Muller_E	1904375	0.139632	0.517183	0.343185
Muller_E	1915469	0.139297	0.517728	0.342975
Muller_E	1927060	0.138947	0.518298	0.342755
Muller_E	1932459	0.138783	0.518563	0.342653
Muller_E	1944351	0.138424	0.519148	0.342428
Muller_E	1946702	0.138353	0.519264	0.342384
Muller_E	1961660	0.1379	0.52	0.3421
Muller_E	1975567	0.137479	0.520684	0.341837
Muller_E	2011856	0.13638	0.522469	0.341151
Muller_E	2013122	0.136341	0.522532	0.341127
Muller_E	2044597	0.135386	0.524081	0.340532
Muller_E	2048236	0.135276	0.524261	0.340464
Muller_E	2048434	0.13527	0.52427	0.34046
Muller_E	2086567	0.134111	0.526149	0.33974
Muller_E	2103366	0.1336	0.526977	0.339423
Muller_E	2117584	0.133167	0.527678	0.339155
Muller_E	2126123	0.132907	0.528099	0.338994
Muller_E	2135792	0.132612	0.528576	0.338812
Muller_E	2140907	0.132456	0.528828	0.338715
Muller_E	2141169	0.132448	0.528841	0.338711
Muller_E	2142715	0.132401	0.528918	0.338681
Muller_E	2145389	0.132319	0.52905	0.338631
Muller_E	2146953	0.132272	0.529127	0.338602
Muller_E	2147057	0.132269	0.529132	0.3386
Muller_E	2201852	0.130596	0.531837	0.337567
Muller_E	2204792	0.130506	0.531982	0.337512
Muller_E	2219543	0.130055	0.532711	0.337234
Muller_E	2220290	0.130032	0.532748	0.33722
Muller_E	2241628	0.129379	0.533802	0.336819
Muller_E	2243471	0.129323	0.533893	0.336784
Muller_E	2531559	0.12044	0.548187	0.331373
Muller_E	2693610	0.115385	0.556281	0.328334
Muller_E	2696554	0.115293	0.556429	0.328279
Muller_E	2706179	0.114991	0.556911	0.328098
Muller_E	2713009	0.114777	0.557253	0.32797
Muller_E	2716202	0.114677	0.557414	0.32791
Muller_E	2721440	0.114512	0.557676	0.327812
Muller_E	2735475	0.114072	0.55838	0.327548
Muller_E	2763120	0.113203	0.559768	0.32703
Muller_E	2777976	0.112735	0.560514	0.326751
Muller_E	2779619	0.112683	0.560597	0.32672
Muller_E	2787347	0.11244	0.560985	0.326575
Muller_E	2788916	0.11239	0.561064	0.326546
Muller_E	2795398	0.112186	0.56139	0.326424
Muller_E	2798296	0.112095	0.561536	0.32637
Muller_E	2799305	0.112063	0.561586	0.326351
Muller_E	2800245	0.112033	0.561634	0.326333
Muller_E	2800507	0.112025	0.561647	0.326328
Muller_E	2800780	0.112017	0.561661	0.326323
Muller_E	2800932	0.112012	0.561668	0.32632
Muller_E	2801158	0.112005	0.56168	0.326316
Muller_E	2805736	0.11186	0.56191	0.32623
Muller_E	2807233	0.0317874	0.490977	0.477235
Muller_E	2807795	0.111818	0.56201	0.326172
Muller_E	2808363	0.111822	0.562035	0.326143
Muller_E	2809031	0.111827	0.562065	0.326108
Muller_E	2809272	0.111829	0.562076	0.326095
Muller_E	2809909	0.111835	0.562104	0.326062
Muller_E	2811470	0.111847	0.562173	0.32598
Muller_E	2811776	0.11185	0.562187	0.325964
Muller_E	2812117	0.111852	0.562202	0.325946
Muller_E	2815676	0.111881	0.562359	0.32576
Muller_E	2816259	0.111886	0.562385	0.325729
Muller_E	2817070	0.111892	0.562421	0.325687
Muller_E	2817616	0.111896	0.562445	0.325658
Muller_E	2819402	0.111911	0.562525	0.325565
Muller_E	2820166	0.111917	0.562558	0.325525
Muller_E	2820386	0.111919	0.562568	0.325513
Muller_E	2820775	0.111922	0.562585	0.325493
Muller_E	2821135	0.111925	0.562601	0.325474
Muller_E	2821440	0.111927	0.562615	0.325458
Muller_E	2826939	0.111971	0.562859	0.32517
Muller_E	2831172	0.112005	0.563046	0.324948
Muller_E	2831515	0.112008	0.563062	0.32493
Muller_E	2832336	0.112014	0.563098	0.324887
Muller_E	2833070	0.11202	0.563131	0.324849
Muller_E	2850717	0.112162	0.563913	0.323925
Muller_E	2853215	0.112182	0.564024	0.323795
Muller_E	2856496	0.112208	0.564169	0.323623
Muller_E	2856945	0.112211	0.564189	0.323599
Muller_E	2857481	0.112216	0.564213	0.323571
Muller_E	2858163	0.112221	0.564243	0.323536
Muller_E	2859754	0.112234	0.564314	0.323452
Muller_E	2859987	0.112236	0.564324	0.32344
Muller_E	2862604	0.112256	0.56444	0.323303
Muller_E	2866488	0.112287	0.564613	0.3231
Muller_E	2867267	0.112294	0.564647	0.323059
Muller_E	2868557	0.112304	0.564704	0.322992
Muller_E	2870085	0.112316	0.564772	0.322912
Muller_E	2870623	0.11232	0.564796	0.322884
Muller_E	2876155	0.112364	0.565041	0.322594
Muller_E	2877151	0.112372	0.565086	0.322542
Muller_E	2886067	0.112443	0.565481	0.322076
Muller_E	2886534	0.112447	0.565502	0.322051
Muller_E	2887599	0.112456	0.565549	0.321995
Muller_E	2887882	0.112458	0.565562	0.321981
Muller_E	2888492	0.112463	0.565589	0.321949
Muller_E	2888607	0.112464	0.565594	0.321943
Muller_E	2890000	0.112475	0.565656	0.32187
Muller_E	2890387	0.112478	0.565673	0.32185
Muller_E	2890907	0.112482	0.565696	0.321822
Muller_E	2894764	0.112513	0.565867	0.321621
Muller_E	2899098	0.112547	0.566059	0.321394
Muller_E	2901481	0.112566	0.566165	0.321269
Muller_E	2901643	0.112567	0.566172	0.321261
Muller_E	2902627	0.112575	0.566216	0.321209
Muller_E	2903432	0.112581	0.566252	0.321167
Muller_E	2904998	0.112594	0.566321	0.321085
Muller_E	2905994	0.112602	0.566365	0.321033
Muller_E	2907134	0.112611	0.566416	0.320973
Muller_E	2908511	0.112622	0.566477	0.320901
Muller_E	2909452	0.112629	0.566519	0.320852
Muller_E	2910160	0.112635	0.56655	0.320815
Muller_E	2911022	0.112642	0.566588	0.32077
Muller_E	2911252	0.112643	0.566599	0.320758
Muller_E	2911992	0.112649	0.566631	0.320719
Muller_E	2914672	0.11267	0.56675	0.320579
Muller_E	2915489	0.112677	0.566787	0.320536
Muller_E	2918585	0.112701	0.566924	0.320375
Muller_E	2919015	0.112705	0.566943	0.320352
Muller_E	2919728	0.11271	0.566975	0.320315
Muller_E	2919971	0.112712	0.566986	0.320302
Muller_E	2921506	0.112725	0.567054	0.320222
Muller_E	2922564	0.112733	0.567101	0.320166
Muller_E	2922707	0.112734	0.567107	0.320159
Muller_E	2924226	0.112746	0.567174	0.32008
Muller_E	2925108	0.112753	0.567214	0.320033
Muller_E	2925552	0.112757	0.567233	0.32001
Muller_E	2928855	0.112783	0.56738	0.319838
Muller_E	2930674	0.112797	0.567461	0.319742
Muller_E	2931258	0.112802	0.567486	0.319712
Muller_E	2931592	0.112804	0.567501	0.319694
Muller_E	2931798	0.112806	0.56751	0.319684
Muller_E	2932326	0.11281	0.567534	0.319656
Muller_E	2945623	0.112915	0.568124	0.318961
Muller_E	2945753	0.112916	0.56813	0.318954
Muller_E	2945878	0.112917	0.568135	0.318947
Muller_E	2946001	0.112918	0.568141	0.318941
Muller_E	2955783	0.112995	0.568575	0.31843
Muller_E	2957997	0.113013	0.568674	0.318314
Muller_E	2959282	0.113023	0.568731	0.318247
Muller_E	2959697	0.113026	0.568749	0.318225
Muller_E	2959819	0.113027	0.568754	0.318219
Muller_E	2960759	0.113034	0.568796	0.318169
Muller_E	2961667	0.113041	0.568837	0.318122
Muller_E	2961801	0.113043	0.568842	0.318115
Muller_E	2963254	0.113054	0.568907	0.318039
Muller_E	2963568	0.113056	0.568921	0.318023
Muller_E	2975263	0.113148	0.56944	0.317411
Muller_E	2976725	0.11316	0.569505	0.317335
Muller_E	2977784	0.113168	0.569552	0.31728
Muller_E	2982473	0.113205	0.569761	0.317034
Muller_E	2984283	0.113219	0.569841	0.31694
Muller_E	2985483	0.113229	0.569894	0.316877
Muller_E	2985658	0.11323	0.569902	0.316868
Muller_E	2985908	0.113232	0.569913	0.316855
Muller_E	2987685	0.113246	0.569992	0.316762
Muller_E	2992894	0.113287	0.570223	0.31649
Muller_E	2993313	0.11329	0.570242	0.316468
Muller_E	2993798	0.113294	0.570264	0.316443
Muller_E	2994137	0.113296	0.570279	0.316425
Muller_E	2994487	0.113299	0.570294	0.316407
Muller_E	2994615	0.1133	0.5703	0.3164
Muller_E	2995123	0.113304	0.570323	0.316373
Muller_E	2995701	0.113309	0.570348	0.316343
Muller_E	2996048	0.113311	0.570364	0.316325
Muller_E	2996738	0.113317	0.570394	0.316289
Muller_E	2996880	0.113318	0.570401	0.316282
Muller_E	2997113	0.11332	0.570411	0.316269
Muller_E	2999116	0.113335	0.5705	0.316165
Muller_E	2999459	0.113338	0.570515	0.316147
Muller_E	3001420	0.113353	0.570602	0.316044
Muller_E	3001578	0.113355	0.570609	0.316036
Muller_E	3001696	0.113356	0.570615	0.31603
Muller_E	3002579	0.113362	0.570654	0.315984
Muller_E	3003095	0.113367	0.570677	0.315957
Muller_E	3003540	0.11337	0.570696	0.315934
Muller_E	3004120	0.113375	0.570722	0.315903
Muller_E	3005221	0.113383	0.570771	0.315846
Muller_E	3007967	0.113405	0.570893	0.315702
Muller_E	3012773	0.113442	0.571107	0.315451
Muller_E	3013331	0.113447	0.571132	0.315422
Muller_E	3013618	0.113449	0.571144	0.315407
Muller_E	3014080	0.113452	0.571165	0.315383
Muller_E	3014783	0.113458	0.571196	0.315346
Muller_E	3016296	0.11347	0.571263	0.315267
Muller_E	3017214	0.113477	0.571304	0.315219
Muller_E	3018320	0.113485	0.571353	0.315161
Muller_E	3018982	0.113491	0.571383	0.315127
Muller_E	3019303	0.113493	0.571397	0.31511
Muller_E	3019831	0.113497	0.57142	0.315082
Muller_E	3021834	0.113513	0.571509	0.314978
Muller_E	3021944	0.113514	0.571514	0.314972
Muller_E	3023127	0.113523	0.571567	0.31491
Muller_E	3024474	0.113533	0.571627	0.31484
Muller_E	3024813	0.113536	0.571642	0.314822
Muller_E	3029421	0.113572	0.571847	0.314581
Muller_E	3029834	0.113575	0.571865	0.31456
Muller_E	3030101	0.113577	0.571877	0.314546
Muller_E	3033200	0.113601	0.572015	0.314384
Muller_E	3033901	0.113607	0.572046	0.314347
Muller_E	3034073	0.113608	0.572053	0.314338
Muller_E	3036032	0.113624	0.572141	0.314236
Muller_E	3038305	0.113641	0.572242	0.314117
Muller_E	3041816	0.113669	0.572398	0.313934
Muller_E	3044683	0.113691	0.572525	0.313784
Muller_E	3046757	0.113707	0.572617	0.313676
Muller_E	3046887	0.113708	0.572623	0.313669
Muller_E	3047900	0.113716	0.572668	0.313616
Muller_E	3048135	0.113718	0.572679	0.313604
Muller_E	3050664	0.113737	0.572791	0.313472
Muller_E	3051698	0.113745	0.572837	0.313418
Muller_E	3051968	0.113747	0.572849	0.313404
Muller_E	3052635	0.113753	0.572879	0.313369
Muller_E	3053197	0.113757	0.572904	0.313339
Muller_E	3056428	0.113782	0.573047	0.313171
Muller_E	3056712	0.113784	0.57306	0.313156
Muller_E	3058398	0.113797	0.573135	0.313068
Muller_E	3059687	0.113807	0.573192	0.313
Muller_E	3061511	0.113821	0.573273	0.312905
Muller_E	3062406	0.113828	0.573313	0.312858
Muller_E	3062537	0.113829	0.573319	0.312852
Muller_E	3100018	0.114119	0.574986	0.310894
Muller_E	3100718	0.114125	0.575018	0.310858
Muller_E	3112367	0.114214	0.575536	0.31025
Muller_E	3112987	0.114219	0.575564	0.310217
Muller_E	3113420	0.114222	0.575583	0.310195
Muller_E	3116107	0.114243	0.575703	0.310054
Muller_E	3119432	0.114269	0.575851	0.309881
Muller_E	3119714	0.114271	0.575863	0.309866
Muller_E	3120862	0.11428	0.575914	0.309806
Muller_E	3122265	0.11429	0.575977	0.309733
Muller_E	3123364	0.114299	0.576026	0.309676
Muller_E	3124138	0.114305	0.57606	0.309635
Muller_E	3127464	0.11433	0.576208	0.309462
Muller_E	3128767	0.11434	0.576266	0.309394
Muller_E	3128895	0.114341	0.576272	0.309387
Muller_E	3129611	0.114347	0.576304	0.309349
Muller_E	3129743	0.114348	0.57631	0.309343
Muller_E	3130171	0.114351	0.576329	0.30932
Muller_E	3131529	0.114361	0.576389	0.309249
Muller_E	3137674	0.114409	0.576663	0.308929
Muller_E	3139976	0.114426	0.576765	0.308808
Muller_E	3143168	0.114451	0.576908	0.308642
Muller_E	3169152	0.114649	0.578065	0.307286
Muller_E	3170575	0.11466	0.578129	0.307211
Muller_E	3173857	0.114685	0.578275	0.30704
Muller_E	3192801	0.114829	0.579119	0.306052
Muller_E	3194086	0.114839	0.579177	0.305985
Muller_E	3194230	0.11484	0.579183	0.305977
Muller_E	3207603	0.114941	0.579779	0.305279
Muller_E	3207708	0.114942	0.579784	0.305274
Muller_E	3208070	0.114945	0.5798	0.305255
Muller_E	3208369	0.114947	0.579813	0.305239
Muller_E	3208507	0.114948	0.57982	0.305232
Muller_E	3208706	0.11495	0.579828	0.305222
Muller_E	3210124	0.11496	0.579892	0.305148
Muller_E	3211254	0.114969	0.579942	0.305089
Muller_E	3212088	0.114975	0.579979	0.305045
Muller_E	3216063	0.115005	0.580157	0.304838
Muller_E	3216461	0.115008	0.580174	0.304817
Muller_E	3217109	0.115013	0.580203	0.304783
Muller_E	3217441	0.115016	0.580218	0.304766
Muller_E	3217706	0.115018	0.58023	0.304752
Muller_E	3217825	0.115019	0.580235	0.304746
Muller_E	3218354	0.115023	0.580259	0.304719
Muller_E	3219292	0.11503	0.580301	0.30467
Muller_E	3219763	0.115033	0.580322	0.304645
Muller_E	3221459	0.115046	0.580397	0.304557
Muller_E	3222112	0.115051	0.580426	0.304522
Muller_E	3223012	0.115058	0.580467	0.304475
Muller_E	3223549	0.115062	0.580491	0.304447
Muller_E	3224815	0.115072	0.580547	0.304381
Muller_E	3226800	0.115087	0.580636	0.304278
Muller_E	3229718	0.115109	0.580766	0.304126
Muller_E	3240322	0.115189	0.581239	0.303572
Muller_E	3240918	0.115193	0.581266	0.303541
Muller_E	3241273	0.115196	0.581281	0.303523
Muller_E	3247835	0.115245	0.581574	0.303181
Muller_E	3251442	0.115272	0.581735	0.302992
Muller_E	3252203	0.115278	0.581769	0.302953
Muller_E	3254014	0.115292	0.58185	0.302858
Muller_E	3254518	0.115295	0.581873	0.302832
Muller_E	3255141	0.1153	0.5819	0.302799
Muller_E	3255365	0.115302	0.58191	0.302788
Muller_E	3259142	0.11533	0.582079	0.302591
Muller_E	3259935	0.115336	0.582114	0.302549
Muller_E	3262497	0.115355	0.582229	0.302416
Muller_E	3263708	0.115364	0.582283	0.302353
Muller_E	3264644	0.115371	0.582325	0.302304
Muller_E	3266132	0.115383	0.582391	0.302226
Muller_E	3266579	0.115386	0.582411	0.302203
Muller_E	3266806	0.115388	0.582421	0.302191
Muller_E	3269029	0.115404	0.582521	0.302075
Muller_E	3271700	0.115424	0.58264	0.301936
Muller_E	3271881	0.115426	0.582648	0.301926
Muller_E	3273894	0.115441	0.582738	0.301821
Muller_E	3275081	0.11545	0.582791	0.301759
Muller_E	3275989	0.115456	0.582831	0.301712
Muller_E	3278049	0.115472	0.582923	0.301605
Muller_E	3280894	0.115493	0.583051	0.301456
Muller_E	3282107	0.115502	0.583105	0.301393
Muller_E	3282973	0.115509	0.583143	0.301348
Muller_E	3284532	0.11552	0.583213	0.301267
Muller_E	3291321	0.115571	0.583516	0.300912
Muller_E	3291878	0.115575	0.583541	0.300883
Muller_E	3293351	0.115586	0.583607	0.300807
Muller_E	3293759	0.115589	0.583625	0.300785
Muller_E	3304917	0.115673	0.584124	0.300203
Muller_E	3306663	0.115686	0.584202	0.300112
Muller_E	3306880	0.115687	0.584212	0.300101
Muller_E	3310127	0.115711	0.584357	0.299932
Muller_E	3312301	0.115728	0.584454	0.299818
Muller_E	3312718	0.115731	0.584473	0.299797
Muller_E	3318766	0.115776	0.584743	0.299481
Muller_E	3323588	0.115812	0.584959	0.29923
Muller_E	3324201	0.115816	0.584986	0.299198
Muller_E	3324656	0.115819	0.585006	0.299174
Muller_E	3325091	0.115823	0.585026	0.299151
Muller_E	3326084	0.11583	0.58507	0.2991
Muller_E	3326190	0.115831	0.585075	0.299094
Muller_E	3330218	0.115861	0.585255	0.298884
Muller_E	3334866	0.115895	0.585463	0.298642
Muller_E	3337545	0.115915	0.585583	0.298502
Muller_E	3340268	0.115935	0.585705	0.29836
Muller_E	3340480	0.115937	0.585714	0.298349
Muller_E	3410593	0.116453	0.588854	0.294693
Muller_E	3431230	0.116603	0.589779	0.293617
Muller_E	3437416	0.116648	0.590057	0.293295
Muller_E	3456916	0.11679	0.590932	0.292278
Muller_E	3457694	0.116796	0.590966	0.292238
Muller_E	3459001	0.116805	0.591025	0.29217
Muller_E	3462300	0.116829	0.591173	0.291998
Muller_E	3464519	0.116845	0.591273	0.291882
Muller_E	3464673	0.116846	0.59128	0.291874
Muller_E	3477602	0.11694	0.59186	0.2912
Muller_E	3525631	0.117285	0.594019	0.288696
Muller_E	3546828	0.117436	0.594972	0.287591
Muller_E	3557059	0.117509	0.595433	0.287058
Muller_E	3566467	0.117576	0.595857	0.286568
Muller_E	3572057	0.117616	0.596108	0.286276
Muller_E	3572168	0.117616	0.596113	0.28627
Muller_E	3579272	0.117667	0.596433	0.2859
Muller_E	3579502	0.117668	0.596444	0.285888
Muller_E	3582419	0.117689	0.596575	0.285736
Muller_E	3590131	0.117743	0.596923	0.285334
Muller_E	3605233	0.11785	0.597603	0.284547
Muller_E	3610748	0.117889	0.597852	0.284259
Muller_E	3611776	0.117896	0.597899	0.284205
Muller_E	3615071	0.117919	0.598047	0.284034
Muller_E	3617701	0.117938	0.598166	0.283897
Muller_E	3617818	0.117938	0.598171	0.28389
Muller_E	3617948	0.117939	0.598177	0.283884
Muller_E	3623404	0.117978	0.598423	0.283599
Muller_E	3630035	0.118024	0.598722	0.283253
Muller_E	3631532	0.118035	0.59879	0.283175
Muller_E	3634067	0.118052	0.598904	0.283043
Muller_E	3642157	0.118109	0.59927	0.282621
Muller_E	3643438	0.118118	0.599327	0.282555
Muller_E	3645674	0.118134	0.599428	0.282438
Muller_E	3652519	0.118181	0.599738	0.282081
Muller_E	3655257	0.1182	0.599861	0.281938
Muller_E	3657953	0.118219	0.599983	0.281798
Muller_E	3660200	0.118235	0.600084	0.281681
Muller_E	3665461	0.118271	0.600322	0.281406
Muller_E	3670065	0.118303	0.60053	0.281166
Muller_E	3757777	0.118907	0.604501	0.276592
Muller_E	3766114	0.118964	0.604879	0.276157
Muller_E	3770199	0.118991	0.605064	0.275944
Muller_E	3771242	0.118999	0.605112	0.27589
Muller_E	3775369	0.119027	0.605299	0.275675
Muller_E	3781958	0.119071	0.605598	0.275331
Muller_E	3788305	0.119114	0.605886	0.275
Muller_E	3788531	0.119116	0.605896	0.274988
Muller_E	3788717	0.119117	0.605905	0.274978
Muller_E	3791492	0.119136	0.606031	0.274833
Muller_E	3791929	0.119139	0.606051	0.274811
Muller_E	3794089	0.119153	0.606149	0.274698
Muller_E	3798034	0.11918	0.606328	0.274492
Muller_E	3805877	0.119233	0.606684	0.274083
Muller_E	3808116	0.119248	0.606786	0.273966
Muller_E	3837593	0.119446	0.608126	0.272428
Muller_E	3889492	0.119791	0.610489	0.26972
Muller_E	3892070	0.119808	0.610607	0.269585
Muller_E	3892768	0.119813	0.610639	0.269548
Muller_E	3893846	0.11982	0.610688	0.269492
Muller_E	3895236	0.119829	0.610751	0.26942
Muller_E	3896701	0.119839	0.610818	0.269343
Muller_E	3964144	0.12028	0.613898	0.265822
Muller_E	3964249	0.120281	0.613903	0.265816
Muller_E	3964701	0.120284	0.613924	0.265792
Muller_E	3965335	0.120288	0.613953	0.265759
Muller_E	3965537	0.120289	0.613962	0.265749
Muller_E	3971184	0.120326	0.61422	0.265454
Muller_E	4005791	0.120549	0.615805	0.263646
Muller_E	4007537	0.12056	0.615885	0.263555
Muller_E	4008073	0.120564	0.615909	0.263527
Muller_E	4008732	0.120568	0.61594	0.263492
Muller_E	4009275	0.120572	0.615965	0.263464
Muller_E	4009794	0.120575	0.615988	0.263437
Muller_E	4010462	0.120579	0.616019	0.263402
Muller_E	4011246	0.120584	0.616055	0.263361
Muller_E	4011350	0.120585	0.61606	0.263356
Muller_E	4011743	0.120587	0.616078	0.263335
Muller_E	4012926	0.120595	0.616132	0.263273
Muller_E	4015010	0.120608	0.616227	0.263164
Muller_E	4015956	0.120614	0.616271	0.263115
Muller_E	4016731	0.120619	0.616306	0.263074
Muller_E	4017133	0.120622	0.616325	0.263053
Muller_E	4017640	0.120625	0.616348	0.263027
Muller_E	4021078	0.120647	0.616506	0.262847
Muller_E	4021876	0.120652	0.616542	0.262805
Muller_E	4022513	0.120656	0.616571	0.262772
Muller_E	4022928	0.120659	0.61659	0.262751
Muller_E	4024532	0.120669	0.616664	0.262667
Muller_E	4024639	0.12067	0.616669	0.262661
Muller_E	4025270	0.120674	0.616698	0.262628
Muller_E	4027169	0.120686	0.616785	0.262529
Muller_E	4027437	0.120688	0.616797	0.262515
Muller_E	4027764	0.12069	0.616812	0.262498
Muller_E	4029270	0.1207	0.616881	0.262419
Muller_E	4032202	0.120718	0.617016	0.262266
Muller_E	4032327	0.120719	0.617022	0.262259
Muller_E	4033521	0.120727	0.617076	0.262197
Muller_E	4033797	0.120728	0.617089	0.262182
Muller_E	4036360	0.120745	0.617207	0.262049
Muller_E	4037138	0.12075	0.617242	0.262008
Muller_E	4037610	0.120753	0.617264	0.261983
Muller_E	4040496	0.120771	0.617397	0.261832
Muller_E	4040949	0.120774	0.617417	0.261809
Muller_E	4045900	0.120806	0.617645	0.26155
Muller_E	4046078	0.120807	0.617653	0.261541
Muller_E	4046843	0.120811	0.617688	0.261501
Muller_E	4047581	0.120816	0.617722	0.261462
Muller_E	4048275	0.120821	0.617754	0.261426
Muller_E	4048700	0.120823	0.617773	0.261404
Muller_E	4053592	0.120854	0.617998	0.261148
Muller_E	4056223	0.120871	0.618119	0.26101
Muller_E	4056545	0.120873	0.618133	0.260993
Muller_E	4056951	0.120876	0.618152	0.260972
Muller_E	4057601	0.12088	0.618182	0.260938
Muller_E	4057720	0.120881	0.618187	0.260932
Muller_E	4058043	0.120883	0.618202	0.260915
Muller_E	4058149	0.120883	0.618207	0.26091
Muller_E	4058704	0.120887	0.618233	0.260881
Muller_E	4059417	0.120891	0.618265	0.260843
Muller_E	4059965	0.120895	0.618291	0.260815
Muller_E	4061381	0.120904	0.618356	0.260741
Muller_E	4061745	0.120906	0.618372	0.260722
Muller_E	4062020	0.120908	0.618385	0.260707
Muller_E	4062507	0.120911	0.618407	0.260682
Muller_E	4062941	0.120914	0.618427	0.260659
Muller_E	4064035	0.120921	0.618478	0.260602
Muller_E	4064680	0.120925	0.618507	0.260568
Muller_E	4064829	0.120926	0.618514	0.26056
Muller_E	4065474	0.12093	0.618544	0.260527
Muller_E	4065574	0.12093	0.618548	0.260521
Muller_E	4066028	0.120933	0.618569	0.260498
Muller_E	4067541	0.120943	0.618639	0.260419
Muller_E	4067967	0.120945	0.618658	0.260396
Muller_E	4068535	0.120949	0.618684	0.260367
Muller_E	4069245	0.120953	0.618717	0.26033
Muller_E	4070105	0.120959	0.618757	0.260285
Muller_E	4071088	0.120965	0.618802	0.260233
Muller_E	4071641	0.120969	0.618827	0.260204
Muller_E	4072126	0.120972	0.618849	0.260179
Muller_E	4072768	0.120976	0.618879	0.260145
Muller_E	4072973	0.120977	0.618888	0.260135
Muller_E	4073359	0.120979	0.618906	0.260114
Muller_E	4075135	0.120991	0.618988	0.260022
Muller_E	4075254	0.120991	0.618993	0.260015
Muller_E	4076053	0.120996	0.61903	0.259974
Muller_E	4077160	0.121003	0.619081	0.259916
Muller_E	4078165	0.12101	0.619127	0.259863
Muller_E	4078690	0.121013	0.619151	0.259836
Muller_E	4078900	0.121014	0.619161	0.259825
Muller_E	4079010	0.121015	0.619166	0.259819
Muller_E	4079297	0.121017	0.619179	0.259804
Muller_E	4081728	0.121032	0.619291	0.259677
Muller_E	4082079	0.121034	0.619307	0.259658
Muller_E	4083988	0.121046	0.619395	0.259559
Muller_E	4085715	0.121057	0.619474	0.259468
Muller_E	4089306	0.12108	0.61964	0.259281
Muller_E	4089803	0.121083	0.619662	0.259255
Muller_E	4092778	0.121102	0.619799	0.259099
Muller_E	4092894	0.121102	0.619805	0.259093
Muller_E	4098915	0.12114	0.620082	0.258778
Muller_E	4109650	0.121207	0.620576	0.258217
Muller_E	4113217	0.12123	0.62074	0.25803
Muller_E	4113538	0.121232	0.620755	0.258013
Muller_E	4114422	0.121237	0.620796	0.257967
Muller_E	4114803	0.12124	0.620813	0.257947
Muller_E	4115118	0.121242	0.620828	0.257931
Muller_E	4116856	0.121252	0.620908	0.25784
Muller_E	4117074	0.121254	0.620918	0.257828
Muller_E	4117473	0.121256	0.620936	0.257807
Muller_E	4118970	0.121266	0.621005	0.257729
Muller_E	4121851	0.121283	0.621138	0.257578
Muller_E	4122071	0.121285	0.621148	0.257567
Muller_E	4122393	0.121287	0.621163	0.25755
Muller_E	4122818	0.12129	0.621183	0.257528
Muller_E	4124318	0.121299	0.621252	0.257449
Muller_E	4124418	0.121299	0.621256	0.257444
Muller_E	4126492	0.121312	0.621352	0.257336
Muller_E	4127527	0.121319	0.6214	0.257281
Muller_E	4127720	0.12132	0.621409	0.257271
Muller_E	4128101	0.121322	0.621426	0.257251
Muller_E	4128234	0.121323	0.621432	0.257244
Muller_E	4130334	0.121336	0.621529	0.257135
Muller_E	4132221	0.121348	0.621616	0.257036
Muller_E	4134741	0.121364	0.621732	0.256904
Muller_E	4134982	0.121365	0.621743	0.256891
Muller_E	4136547	0.121375	0.621816	0.25681
Muller_E	4140224	0.121398	0.621985	0.256617
Muller_E	4140902	0.121402	0.622016	0.256582
Muller_E	4141485	0.121405	0.622043	0.256551
Muller_E	4143836	0.12142	0.622152	0.256428
Muller_E	4144350	0.121423	0.622176	0.256401
Muller_E	4144848	0.121426	0.622198	0.256375
Muller_E	4150850	0.121463	0.622475	0.256061
Muller_E	4151927	0.12147	0.622525	0.256005
Muller_E	4154621	0.121487	0.622649	0.255864
Muller_E	4159745	0.121518	0.622886	0.255596
Muller_E	4159958	0.12152	0.622896	0.255585
Muller_E	4160923	0.121526	0.62294	0.255534
Muller_E	4161787	0.121531	0.62298	0.255489
Muller_E	4162162	0.121533	0.622998	0.255469
Muller_E	4163984	0.121544	0.623082	0.255374
Muller_E	4164218	0.121546	0.623093	0.255362
Muller_E	4164859	0.12155	0.623122	0.255328
Muller_E	4165033	0.121551	0.62313	0.255319
Muller_E	4165157	0.121552	0.623136	0.255312
Muller_E	4165383	0.121553	0.623146	0.255301
Muller_E	4165808	0.121556	0.623166	0.255278
Muller_E	4165958	0.121557	0.623173	0.25527
Muller_E	4166062	0.121557	0.623178	0.255265
Muller_E	4166243	0.121558	0.623186	0.255256
Muller_E	4166628	0.121561	0.623204	0.255235
Muller_E	4168755	0.121574	0.623302	0.255124
Muller_E	4172546	0.121597	0.623477	0.254926
Muller_E	4172827	0.121599	0.62349	0.254911
Muller_E	4173860	0.121605	0.623538	0.254857
Muller_E	4176100	0.121619	0.623641	0.25474
Muller_E	4176326	0.12162	0.623652	0.254728
Muller_E	4176826	0.121623	0.623675	0.254702
Muller_E	4177022	0.121625	0.623684	0.254691
Muller_E	4178339	0.121633	0.623745	0.254622
Muller_E	4178608	0.121634	0.623757	0.254608
Muller_E	4179326	0.121639	0.623791	0.254571
Muller_E	4180712	0.121647	0.623855	0.254498
Muller_E	4180966	0.121649	0.623866	0.254485
Muller_E	4184926	0.121673	0.624049	0.254278
Muller_E	4185178	0.121675	0.624061	0.254264
Muller_E	4185319	0.121675	0.624068	0.254257
Muller_E	4185532	0.121677	0.624077	0.254246
Muller_E	4187632	0.12169	0.624175	0.254136
Muller_E	4188227	0.121693	0.624202	0.254105
Muller_E	4188670	0.121696	0.624223	0.254082
Muller_E	4192621	0.12172	0.624405	0.253875
Muller_E	4193546	0.121726	0.624448	0.253826
Muller_E	4194407	0.121731	0.624488	0.253781
Muller_E	4195783	0.121739	0.624551	0.253709
Muller_E	4196010	0.121741	0.624562	0.253697
Muller_E	4197440	0.121749	0.624628	0.253622
Muller_E	4198223	0.121754	0.624664	0.253581
Muller_E	4199021	0.121759	0.624701	0.25354
Muller_E	4199203	0.12176	0.62471	0.25353
Muller_E	4199424	0.121762	0.62472	0.253519
Muller_E	4199639	0.121763	0.62473	0.253507
Muller_E	4199983	0.121765	0.624746	0.253489
Muller_E	4203293	0.121785	0.624899	0.253316
Muller_E	4205814	0.1218	0.625016	0.253184
Muller_E	4206134	0.121802	0.62503	0.253167
Muller_E	4207588	0.121811	0.625098	0.253091
Muller_E	4210680	0.12183	0.625241	0.252929
Muller_E	4210928	0.121832	0.625252	0.252916
Muller_E	4211312	0.121834	0.62527	0.252896
Muller_E	4211755	0.121837	0.625291	0.252873
Muller_E	4213444	0.121847	0.625369	0.252784
Muller_E	4216650	0.121866	0.625517	0.252616
Muller_E	4217058	0.121869	0.625536	0.252595
Muller_E	4217453	0.121871	0.625554	0.252574
Muller_E	4217565	0.121872	0.62556	0.252569
Muller_E	4217669	0.121872	0.625564	0.252563
Muller_E	4217825	0.121873	0.625572	0.252555
Muller_E	4218923	0.12188	0.625623	0.252497
Muller_E	4225215	0.121918	0.625914	0.252168
Muller_E	4232774	0.121964	0.626264	0.251772
Muller_E	4235298	0.121979	0.626381	0.25164
Muller_E	4245993	0.122044	0.626877	0.251079
Muller_E	4252835	0.122085	0.627194	0.250721
Muller_E	4253725	0.12209	0.627236	0.250674
Muller_E	4256197	0.122105	0.62735	0.250545
Muller_E	4261234	0.122135	0.627584	0.250281
Muller_E	4262892	0.122145	0.627661	0.250194
Muller_E	4263238	0.122147	0.627677	0.250176
Muller_E	4263588	0.122149	0.627694	0.250157
Muller_E	4264621	0.122155	0.627742	0.250103
Muller_E	4266950	0.122169	0.62785	0.249981
Muller_E	4267529	0.122173	0.627877	0.249951
Muller_E	4276223	0.122225	0.62828	0.249495
Muller_E	4311688	0.122435	0.629929	0.247636
Muller_E	4311965	0.122436	0.629942	0.247621
Muller_E	4312254	0.122438	0.629956	0.247606
Muller_E	4312510	0.12244	0.629968	0.247593
Muller_E	4334492	0.122569	0.630992	0.24644
Muller_E	4352032	0.122671	0.631809	0.245519
Muller_E	4353438	0.122679	0.631875	0.245446
Muller_E	4356857	0.122699	0.632035	0.245266
Muller_E	4360054	0.122718	0.632184	0.245098
Muller_E	4374783	0.122803	0.632871	0.244325
Muller_E	4374946	0.122804	0.632879	0.244317
Muller_E	4381350	0.122841	0.633178	0.243981
Muller_E	4558836	0.123836	0.641516	0.234648
Muller_E	4562012	0.123853	0.641666	0.234481
Muller_E	4564083	0.123864	0.641764	0.234372
Muller_E	4564194	0.123865	0.641769	0.234366
Muller_E	4568491	0.123888	0.641972	0.23414
Muller_E	4569115	0.123892	0.642002	0.234107
Muller_E	4569749	0.123895	0.642032	0.234073
Muller_E	4570340	0.123898	0.642059	0.234042
Muller_E	4571890	0.123907	0.642133	0.23396
Muller_E	4572624	0.123911	0.642167	0.233922
Muller_E	4573491	0.123915	0.642208	0.233876
Muller_E	4573809	0.123917	0.642223	0.233859
Muller_E	4577361	0.123936	0.642391	0.233672
Muller_E	4577462	0.123937	0.642396	0.233667
Muller_E	4578308	0.123941	0.642436	0.233622
Muller_E	4580664	0.123954	0.642548	0.233498
Muller_E	4580954	0.123956	0.642561	0.233483
Muller_E	4581769	0.12396	0.6426	0.23344
Muller_E	4581909	0.123961	0.642606	0.233433
Muller_E	4583019	0.123967	0.642659	0.233374
Muller_E	4583393	0.123969	0.642677	0.233354
Muller_E	4583516	0.12397	0.642682	0.233348
Muller_E	4584473	0.123975	0.642728	0.233298
Muller_E	4589180	0.124	0.64295	0.233049
Muller_E	4590247	0.124006	0.643001	0.232993
Muller_E	4591539	0.124013	0.643062	0.232925
Muller_E	4593253	0.124022	0.643143	0.232835
Muller_E	4593508	0.124023	0.643155	0.232821
Muller_E	4593974	0.124026	0.643177	0.232797
Muller_E	4595111	0.124032	0.643231	0.232737
Muller_E	4595303	0.124033	0.64324	0.232727
Muller_E	4597548	0.124045	0.643347	0.232608
Muller_E	4597833	0.124047	0.64336	0.232593
Muller_E	4600306	0.12406	0.643477	0.232463
Muller_E	4607273	0.124097	0.643807	0.232096
Muller_E	4607398	0.124098	0.643813	0.232089
Muller_E	4610441	0.124114	0.643957	0.231929
Muller_E	4611041	0.124117	0.643986	0.231897
Muller_E	4611562	0.12412	0.64401	0.23187
Muller_E	4611697	0.124121	0.644017	0.231863
Muller_E	4612447	0.124125	0.644052	0.231823
Muller_E	4612733	0.124126	0.644066	0.231808
Muller_E	4612927	0.124127	0.644075	0.231798
Muller_E	4613148	0.124128	0.644086	0.231786
Muller_E	4614502	0.124136	0.64415	0.231715
Muller_E	4615888	0.124143	0.644215	0.231642
Muller_E	4616173	0.124145	0.644229	0.231627
Muller_E	4616508	0.124146	0.644245	0.231609
Muller_E	4616663	0.124147	0.644252	0.231601
Muller_E	4618190	0.124155	0.644325	0.23152
Muller_E	4619781	0.124164	0.6444	0.231436
Muller_E	4622166	0.124176	0.644513	0.231311
Muller_E	4626314	0.124198	0.64471	0.231092
Muller_E	4626864	0.124201	0.644736	0.231063
Muller_E	4627368	0.124204	0.64476	0.231036
Muller_E	4627488	0.124205	0.644765	0.23103
Muller_E	4633961	0.124239	0.645073	0.230688
Muller_E	4635834	0.124249	0.645161	0.23059
Muller_E	4636452	0.124252	0.645191	0.230557
Muller_E	4637295	0.124257	0.645231	0.230513
Muller_E	4640891	0.124276	0.645402	0.230323
Muller_E	4645727	0.124301	0.645631	0.230068
Muller_E	4646376	0.124304	0.645662	0.230034
Muller_E	4646798	0.124307	0.645682	0.230011
Muller_E	4653320	0.124341	0.645992	0.229667
Muller_E	4656520	0.124358	0.646144	0.229498
Muller_E	4672665	0.124442	0.646912	0.228646
Muller_E	4674140	0.12445	0.646982	0.228568
Muller_E	4675745	0.124458	0.647058	0.228484
Muller_E	4676485	0.124462	0.647093	0.228444
Muller_E	4677110	0.124465	0.647123	0.228411
Muller_E	4677655	0.124468	0.647149	0.228383
Muller_E	4678986	0.124475	0.647212	0.228312
Muller_E	4680223	0.124482	0.647271	0.228247
Muller_E	4682403	0.124493	0.647375	0.228132
Muller_E	4682621	0.124494	0.647386	0.22812
Muller_E	4684270	0.124503	0.647464	0.228033
Muller_E	4685491	0.124509	0.647522	0.227969
Muller_E	4686019	0.124512	0.647547	0.227941
Muller_E	4687101	0.124517	0.647599	0.227884
Muller_E	4689628	0.12453	0.647719	0.22775
Muller_E	4690052	0.124533	0.647739	0.227728
Muller_E	4690344	0.124534	0.647753	0.227713
Muller_E	4690905	0.124537	0.64778	0.227683
Muller_E	4691125	0.124538	0.647791	0.227671
Muller_E	4691712	0.124541	0.647818	0.22764
Muller_E	4691999	0.124543	0.647832	0.227625
Muller_E	4692111	0.124543	0.647837	0.227619
Muller_E	4693234	0.124549	0.647891	0.22756
Muller_E	4693620	0.124551	0.647909	0.22754
Muller_E	4693753	0.124552	0.647916	0.227533
Muller_E	4694021	0.124553	0.647928	0.227518
Muller_E	4694592	0.124556	0.647956	0.227488
Muller_E	4696429	0.124566	0.648043	0.227391
Muller_E	4696792	0.124567	0.648061	0.227372
Muller_E	4699402	0.124581	0.648185	0.227234
Muller_E	4700957	0.124589	0.648259	0.227152
Muller_E	4702606	0.124597	0.648338	0.227065
Muller_E	4708142	0.124626	0.648602	0.226773
Muller_E	4712097	0.124646	0.64879	0.226564
Muller_E	4713898	0.124655	0.648876	0.226468
Muller_E	4714194	0.124657	0.64889	0.226453
Muller_E	4717094	0.124672	0.649029	0.2263
Muller_E	4717794	0.124675	0.649062	0.226263
Muller_E	4720564	0.12469	0.649194	0.226116
Muller_E	4722390	0.124699	0.649281	0.22602
Muller_E	4727534	0.124725	0.649527	0.225748
Muller_E	4730688	0.124741	0.649678	0.225581
Muller_E	4731377	0.124745	0.649711	0.225545
Muller_E	4732944	0.124753	0.649785	0.225462
Muller_E	4738342	0.12478	0.650043	0.225176
Muller_E	4739398	0.124786	0.650094	0.225121
Muller_E	4742492	0.124801	0.650242	0.224957
Muller_E	4745718	0.124818	0.650396	0.224786
Muller_E	4746457	0.124821	0.650431	0.224747
Muller_E	4748015	0.124829	0.650506	0.224665
Muller_E	4748352	0.124831	0.650522	0.224647
Muller_E	4748630	0.124832	0.650535	0.224632
Muller_E	4751071	0.124845	0.650652	0.224503
Muller_E	4751685	0.124848	0.650681	0.224471
Muller_E	4751817	0.124849	0.650687	0.224464
Muller_E	4752607	0.124853	0.650725	0.224422
Muller_E	4752773	0.124853	0.650733	0.224413
Muller_E	4753826	0.124859	0.650784	0.224358
Muller_E	4754671	0.124863	0.650824	0.224313
Muller_E	4756619	0.124873	0.650917	0.22421
Muller_E	4759191	0.124886	0.65104	0.224074
Muller_E	4761262	0.124896	0.651139	0.223964
Muller_E	4761866	0.124899	0.651168	0.223932
Muller_E	4761985	0.1249	0.651174	0.223926
Muller_E	4763545	0.124908	0.651249	0.223844
Muller_E	4764509	0.124913	0.651295	0.223793
Muller_E	4765595	0.124918	0.651347	0.223735
Muller_E	4766291	0.124922	0.65138	0.223698
Muller_E	4766501	0.124923	0.65139	0.223687
Muller_E	4767354	0.124927	0.651431	0.223642
Muller_E	4769627	0.124938	0.65154	0.223522
Muller_E	4769950	0.12494	0.651555	0.223505
Muller_E	4772288	0.124952	0.651667	0.223381
Muller_E	4773763	0.124959	0.651738	0.223303
Muller_E	4773963	0.12496	0.651748	0.223292
Muller_E	4774375	0.124962	0.651767	0.223271
Muller_E	4774957	0.124965	0.651795	0.22324
Muller_E	4775479	0.124968	0.65182	0.223212
Muller_E	4776619	0.124973	0.651875	0.223152
Muller_E	4779373	0.124987	0.652007	0.223006
Muller_E	4781913	0.125	0.652128	0.222872
Muller_E	4782620	0.125003	0.652162	0.222834
Muller_E	4783326	0.125007	0.652196	0.222797
Muller_E	4786044	0.12502	0.652326	0.222653
Muller_E	4786690	0.125024	0.652357	0.222619
Muller_E	4789453	0.125037	0.65249	0.222473
Muller_E	4790377	0.125042	0.652534	0.222424
Muller_E	4792360	0.125052	0.652629	0.222319
Muller_E	4792549	0.125053	0.652638	0.222309
Muller_E	4792702	0.125054	0.652646	0.222301
Muller_E	4822723	0.125202	0.654087	0.220711
Muller_E	4832155	0.125248	0.654541	0.220211
Muller_E	4834924	0.125262	0.654674	0.220064
Muller_E	4838041	0.125277	0.654824	0.219899
Muller_E	4839031	0.125282	0.654871	0.219847
Muller_E	4840034	0.125287	0.65492	0.219794
Muller_E	4843722	0.125305	0.655097	0.219598
Muller_E	4844215	0.125307	0.655121	0.219572
Muller_E	4846930	0.12532	0.655252	0.219428
Muller_E	4847984	0.125325	0.655302	0.219372
Muller_E	4849699	0.125334	0.655385	0.219281
Muller_E	4849916	0.125335	0.655395	0.21927
Muller_E	4850646	0.125338	0.655431	0.219231
Muller_E	4851102	0.12534	0.655453	0.219207
Muller_E	4851280	0.125341	0.655461	0.219198
Muller_E	4852753	0.125348	0.655532	0.21912
Muller_E	4853630	0.125353	0.655574	0.219073
Muller_E	4855355	0.125361	0.655657	0.218982
Muller_E	4859608	0.125382	0.655862	0.218756
Muller_E	4860728	0.125387	0.655916	0.218697
Muller_E	4862947	0.125398	0.656023	0.218579
Muller_E	4865598	0.12541	0.656151	0.218438
Muller_E	4865718	0.125411	0.656157	0.218432
Muller_E	4866182	0.125413	0.656179	0.218407
Muller_E	4867670	0.12542	0.656251	0.218329
Muller_E	4869382	0.125429	0.656334	0.218238
Muller_E	4875634	0.125459	0.656635	0.217906
Muller_E	4875860	0.12546	0.656646	0.217894
Muller_E	4876983	0.125465	0.6567	0.217835
Muller_E	4877350	0.125467	0.656718	0.217815
Muller_E	4878065	0.12547	0.656752	0.217777
Muller_E	4879381	0.125477	0.656816	0.217707
Muller_E	4880635	0.125483	0.656876	0.217641
Muller_E	4881487	0.125487	0.656918	0.217596
Muller_E	4881936	0.125489	0.656939	0.217572
Muller_E	4884468	0.125501	0.657061	0.217438
Muller_E	4888342	0.12552	0.657249	0.217232
Muller_E	4889910	0.125527	0.657324	0.217149
Muller_E	4890915	0.125532	0.657373	0.217095
Muller_E	4891113	0.125533	0.657382	0.217085
Muller_E	4891366	0.125534	0.657395	0.217071
Muller_E	4891615	0.125535	0.657407	0.217058
Muller_E	4892655	0.12554	0.657457	0.217003
Muller_E	4894761	0.12555	0.657559	0.216891
Muller_E	4895681	0.125555	0.657603	0.216843
Muller_E	4895913	0.125556	0.657614	0.21683
Muller_E	4896016	0.125556	0.657619	0.216825
Muller_E	4896306	0.125557	0.657633	0.216809
Muller_E	4896909	0.12556	0.657662	0.216777
Muller_E	4897149	0.125561	0.657674	0.216765
Muller_E	4897396	0.125563	0.657686	0.216751
Muller_E	4899238	0.125571	0.657775	0.216654
Muller_E	4899448	0.125572	0.657785	0.216643
Muller_E	4899730	0.125574	0.657799	0.216628
Muller_E	4900388	0.125577	0.65783	0.216593
Muller_E	4901136	0.12558	0.657867	0.216553
Muller_E	4901310	0.125581	0.657875	0.216544
Muller_E	4902057	0.125585	0.657911	0.216504
Muller_E	4902851	0.125589	0.657949	0.216462
Muller_E	4903242	0.12559	0.657968	0.216441
Muller_E	4905649	0.125602	0.658085	0.216313
Muller_E	4906999	0.125608	0.65815	0.216242
