chrom	position	2,0	1,1	0,2
Muller_E	62882	0.0114864	0.147667	0.840847
Muller_E	267432	0.00892304	0.145019	0.846058
Muller_E	441230	0.00682265	0.142391	0.850786
Muller_E	511157	0.00599778	0.141235	0.852767
Muller_E	557879	0.00545312	0.140431	0.854115
Muller_E	581000	0.00518552	0.140024	0.85479
Muller_E	709108	0.003726	0.137655	0.858619
Muller_E	768129	0.00306686	0.136498	0.860435
Muller_E	785241	0.00287733	0.136155	0.860967
Muller_E	787322	0.00285433	0.136113	0.861032
Muller_E	787424	0.0028532	0.136111	0.861035
Muller_E	788173	0.000432135	0.082788	0.91678
Muller_E	788750	0.00284364	0.136095	0.861061
Muller_E	788860	0.00284339	0.136095	0.861062
Muller_E	791823	0.00283677	0.136087	0.861076
Muller_E	802257	0.00281343	0.136062	0.861125
Muller_E	893794	0.00260632	0.135808	0.861586
Muller_E	894300	0.00260516	0.135806	0.861589
Muller_E	896281	0.00260064	0.1358	0.861599
Muller_E	897287	0.00259833	0.135797	0.861604
Muller_E	897987	0.00259673	0.135795	0.861608
Muller_E	901015	0.0025898	0.135786	0.861624
Muller_E	901718	0.0025882	0.135784	0.861628
Muller_E	923408	0.00253842	0.135715	0.861747
Muller_E	923675	0.00253781	0.135714	0.861748
Muller_E	924320	0.00253632	0.135712	0.861752
Muller_E	927795	0.00252832	0.135701	0.861771
Muller_E	948021	0.00248165	0.135634	0.861884
Muller_E	948230	0.00248117	0.135633	0.861886
Muller_E	958531	0.00245732	0.135598	0.861944
Muller_E	967701	0.00243605	0.135567	0.861997
Muller_E	969142	0.0024327	0.135561	0.862006
Muller_E	1033237	0.00228278	0.135325	0.862392
Muller_E	1120573	0.00207523	0.134964	0.862961
Muller_E	1123171	0.002069	0.134952	0.862979
Muller_E	1146845	0.00201206	0.134846	0.863142
Muller_E	1148492	0.00200808	0.134839	0.863153
Muller_E	1168315	0.00196018	0.134747	0.863293
Muller_E	1213395	0.00185051	0.13453	0.86362
Muller_E	1262309	0.00173039	0.13428	0.863989
Muller_E	1275111	0.00169876	0.134212	0.864089
Muller_E	1275707	0.00169729	0.134209	0.864093
Muller_E	1314313	0.00160141	0.133999	0.8644
Muller_E	1318297	0.00159147	0.133977	0.864432
Muller_E	1358440	0.00149093	0.133748	0.864761
Muller_E	1358616	0.00149048	0.133747	0.864763
Muller_E	1378824	0.00143957	0.133628	0.864933
Muller_E	1480336	0.00118086	0.132993	0.865827
Muller_E	1489232	0.00942159	0.572867	0.417711
Muller_E	1645912	0.000453192	0.0964225	0.903124
Muller_E	1673398	0.000351643	0.0899549	0.909693
Muller_E	1718642	0.000199197	0.0792672	0.920534
Muller_E	1746815	0.000113616	0.0725857	0.927301
Muller_E	1763447	6.64918e-05	0.0686317	0.931302
Muller_E	1765039	6.21141e-05	0.0682528	0.931685
Muller_E	1765159	6.17851e-05	0.0682243	0.931714
Muller_E	1765369	8.93072e-06	0.0400899	0.959901
Muller_E	1771226	5.73792e-05	0.0673805	0.932562
Muller_E	1799036	3.95898e-05	0.063607	0.936353
Muller_E	1802542	3.73948e-05	0.0631307	0.936832
Muller_E	1802678	3.73099e-05	0.0631123	0.93685
Muller_E	1803039	3.70846e-05	0.0630632	0.9369
Muller_E	1803347	3.68924e-05	0.0630214	0.936942
Muller_E	1805518	6.9588e-06	0.0383218	0.961671
Muller_E	1812938	3.43498e-05	0.0621382	0.937827
Muller_E	1813040	3.43334e-05	0.0621301	0.937836
Muller_E	1815234	3.39789e-05	0.0619561	0.93801
Muller_E	1815907	3.38699e-05	0.0619027	0.938063
Muller_E	1816383	3.37928e-05	0.061865	0.938101
Muller_E	1831501	3.13168e-05	0.0606649	0.939304
Muller_E	1850978	2.80556e-05	0.0591164	0.940856
Muller_E	1851905	2.78985e-05	0.0590427	0.940929
Muller_E	1852166	2.78542e-05	0.0590219	0.94095
Muller_E	1857635	2.69237e-05	0.0585866	0.941387
Muller_E	1861157	2.63214e-05	0.0583061	0.941668
Muller_E	1861336	2.62907e-05	0.0582918	0.941682
Muller_E	1861880	2.61975e-05	0.0582485	0.941725
Muller_E	1866595	2.5387e-05	0.0578729	0.942102
Muller_E	1870209	2.47631e-05	0.0575848	0.94239
Muller_E	1871973	2.88035e-06	0.0328546	0.967142
Muller_E	1880064	2.52178e-05	0.0571094	0.942865
Muller_E	1889333	2.6055e-05	0.0567254	0.943249
Muller_E	1891195	2.62189e-05	0.0566482	0.943326
Muller_E	1894320	2.64908e-05	0.0565185	0.943455
Muller_E	1900363	2.70052e-05	0.0562676	0.943705
Muller_E	1904375	2.73385e-05	0.0561009	0.943872
Muller_E	1915469	2.82265e-05	0.0556394	0.944332
Muller_E	1927060	2.91019e-05	0.0551562	0.944815
Muller_E	1932459	2.94916e-05	0.0549309	0.94504
Muller_E	1944351	3.031e-05	0.0544338	0.945536
Muller_E	1946702	3.04653e-05	0.0543354	0.945634
Muller_E	1961660	3.14044e-05	0.0537085	0.94626
Muller_E	1975567	3.22021e-05	0.0531243	0.946843
Muller_E	2011856	3.39523e-05	0.0515936	0.948372
Muller_E	2013122	3.40049e-05	0.05154	0.948426
Muller_E	2044597	3.5136e-05	0.0502046	0.94976
Muller_E	2048236	3.52452e-05	0.0500497	0.949915
Muller_E	2048434	3.5251e-05	0.0500413	0.949923
Muller_E	2086567	3.61347e-05	0.048413	0.951551
Muller_E	2103366	3.63789e-05	0.0476924	0.952271
Muller_E	2117584	3.6519e-05	0.047081	0.952882
Muller_E	2126123	3.65744e-05	0.0467131	0.95325
Muller_E	2135792	3.66117e-05	0.0462959	0.953668
Muller_E	2140907	3.66206e-05	0.0460749	0.953888
Muller_E	2141169	3.66209e-05	0.0460636	0.9539
Muller_E	2142715	3.6622e-05	0.0459967	0.953967
Muller_E	2145389	3.66223e-05	0.0458811	0.954082
Muller_E	2146953	3.66216e-05	0.0458134	0.95415
Muller_E	2147057	3.66215e-05	0.0458089	0.954154
Muller_E	2201852	3.61783e-05	0.0434274	0.956536
Muller_E	2204792	3.61326e-05	0.043299	0.956665
Muller_E	2219543	3.58707e-05	0.0426539	0.95731
Muller_E	2220290	3.58561e-05	0.0426211	0.957343
Muller_E	2241628	3.53814e-05	0.041685	0.95828
Muller_E	2243471	3.53354e-05	0.041604	0.958361
Muller_E	2531559	2.07853e-05	0.0286297	0.971349
Muller_E	2693610	9.19259e-06	0.0210521	0.978939
Muller_E	2696554	8.97985e-06	0.0209125	0.979078
Muller_E	2706179	8.28584e-06	0.0204557	0.979536
Muller_E	2713009	7.79495e-06	0.0201311	0.979861
Muller_E	2716202	7.56598e-06	0.0199792	0.980013
Muller_E	2721440	7.19112e-06	0.0197299	0.980263
Muller_E	2735475	6.19202e-06	0.0190607	0.980933
Muller_E	2763120	4.25194e-06	0.017738	0.982258
Muller_E	2777976	3.22809e-06	0.0170247	0.982972
Muller_E	2779619	3.11578e-06	0.0169457	0.983051
Muller_E	2787347	2.59013e-06	0.0165738	0.983424
Muller_E	2788916	2.48396e-06	0.0164982	0.983499
Muller_E	2795398	2.04734e-06	0.0161858	0.983812
Muller_E	2798296	1.85322e-06	0.016046	0.983952
Muller_E	2799305	1.7858e-06	0.0159974	0.984001
Muller_E	2800245	1.72306e-06	0.015952	0.984046
Muller_E	2800507	1.70559e-06	0.0159394	0.984059
Muller_E	2800780	1.68739e-06	0.0159262	0.984072
Muller_E	2800932	1.27336e-07	0.00862272	0.991377
Muller_E	2801158	1.67765e-06	0.0159134	0.984085
Muller_E	2805736	1.68435e-06	0.015802	0.984196
Muller_E	2807233	1.68604e-06	0.0157656	0.984233
Muller_E	2807795	1.68661e-06	0.0157519	0.984246
Muller_E	2808363	1.68715e-06	0.0157381	0.98426
Muller_E	2809031	1.68775e-06	0.0157218	0.984277
Muller_E	2809272	1.68795e-06	0.0157159	0.984282
Muller_E	2809909	1.68845e-06	0.0157004	0.984298
Muller_E	2811470	1.6895e-06	0.0156624	0.984336
Muller_E	2811776	1.68968e-06	0.0156549	0.984343
Muller_E	2812117	1.68986e-06	0.0156466	0.984352
Muller_E	2815676	1.69102e-06	0.0155598	0.984439
Muller_E	2816259	1.69108e-06	0.0155455	0.984453
Muller_E	2817070	1.69111e-06	0.0155257	0.984473
Muller_E	2817616	1.69108e-06	0.0155124	0.984486
Muller_E	2819402	1.69079e-06	0.0154687	0.98453
Muller_E	2820166	1.69056e-06	0.0154501	0.984548
Muller_E	2820386	1.69048e-06	0.0154447	0.984554
Muller_E	2820775	1.69033e-06	0.0154352	0.984563
Muller_E	2821135	1.69018e-06	0.0154264	0.984572
Muller_E	2821440	1.69004e-06	0.0154189	0.984579
Muller_E	2826939	1.68584e-06	0.0152843	0.984714
Muller_E	2831172	1.68048e-06	0.0151805	0.984818
Muller_E	2831515	1.67996e-06	0.0151721	0.984826
Muller_E	2832336	1.67868e-06	0.015152	0.984846
Muller_E	2833070	1.67747e-06	0.015134	0.984864
Muller_E	2850717	1.63231e-06	0.0146996	0.985299
Muller_E	2853215	1.62345e-06	0.0146379	0.98536
Muller_E	2856496	1.61091e-06	0.0145568	0.985442
Muller_E	2856945	1.60912e-06	0.0145457	0.985453
Muller_E	2857481	1.60695e-06	0.0145324	0.985466
Muller_E	2858163	1.60415e-06	0.0145155	0.985483
Muller_E	2859754	1.59745e-06	0.0144762	0.985522
Muller_E	2859987	1.59645e-06	0.0144704	0.985528
Muller_E	2862604	1.58486e-06	0.0144056	0.985593
Muller_E	2866488	1.56649e-06	0.0143093	0.985689
Muller_E	2867267	1.56264e-06	0.01429	0.985708
Muller_E	2868557	1.55614e-06	0.014258	0.98574
Muller_E	2870085	1.54825e-06	0.01422	0.985778
Muller_E	2870623	1.54542e-06	0.0142067	0.985792
Muller_E	2876155	1.51481e-06	0.0140691	0.985929
Muller_E	2877151	1.50901e-06	0.0140443	0.985954
Muller_E	2886067	1.45321e-06	0.0138221	0.986176
Muller_E	2886534	1.4501e-06	0.0138104	0.986188
Muller_E	2887599	1.44293e-06	0.0137839	0.986215
Muller_E	2887882	1.44101e-06	0.0137768	0.986222
Muller_E	2888492	1.43684e-06	0.0137615	0.986237
Muller_E	2888607	1.43606e-06	0.0137587	0.98624
Muller_E	2890000	1.42642e-06	0.0137239	0.986275
Muller_E	2890387	1.42371e-06	0.0137142	0.986284
Muller_E	2890907	1.42005e-06	0.0137012	0.986297
Muller_E	2894764	1.39221e-06	0.0136047	0.986394
Muller_E	2899098	1.35946e-06	0.0134962	0.986502
Muller_E	2901481	1.34079e-06	0.0134364	0.986562
Muller_E	2901643	1.3395e-06	0.0134324	0.986566
Muller_E	2902627	1.33165e-06	0.0134077	0.986591
Muller_E	2903432	1.32516e-06	0.0133875	0.986611
Muller_E	2904998	1.3124e-06	0.0133482	0.986651
Muller_E	2905994	1.30418e-06	0.0133232	0.986676
Muller_E	2907134	1.29468e-06	0.0132945	0.986704
Muller_E	2908511	1.28306e-06	0.0132599	0.986739
Muller_E	2909452	1.27503e-06	0.0132363	0.986762
Muller_E	2910160	1.26895e-06	0.0132185	0.98678
Muller_E	2911022	1.26149e-06	0.0131968	0.986802
Muller_E	2911252	1.25949e-06	0.013191	0.986808
Muller_E	2911992	1.25302e-06	0.0131724	0.986826
Muller_E	2914672	1.22925e-06	0.0131049	0.986894
Muller_E	2915489	1.2219e-06	0.0130843	0.986914
Muller_E	2918585	1.19356e-06	0.0130063	0.986992
Muller_E	2919015	1.18956e-06	0.0129955	0.987003
Muller_E	2919728	1.18291e-06	0.0129775	0.987021
Muller_E	2919971	1.18063e-06	0.0129714	0.987027
Muller_E	2921506	1.16615e-06	0.0129326	0.987066
Muller_E	2922564	1.15607e-06	0.0129059	0.987093
Muller_E	2922707	1.1547e-06	0.0129023	0.987097
Muller_E	2924226	1.14006e-06	0.0128639	0.987135
Muller_E	2925108	1.13148e-06	0.0128417	0.987157
Muller_E	2925552	1.12714e-06	0.0128304	0.987168
Muller_E	2928855	1.0944e-06	0.0127469	0.987252
Muller_E	2930674	1.07602e-06	0.0127009	0.987298
Muller_E	2931258	1.07007e-06	0.0126861	0.987313
Muller_E	2931592	1.06666e-06	0.0126777	0.987321
Muller_E	2931798	1.06455e-06	0.0126725	0.987326
Muller_E	2932326	1.05913e-06	0.0126591	0.98734
Muller_E	2945623	9.16172e-07	0.0123217	0.987677
Muller_E	2945753	9.14714e-07	0.0123184	0.987681
Muller_E	2945878	9.13311e-07	0.0123152	0.987684
Muller_E	2946001	9.1193e-07	0.0123121	0.987687
Muller_E	2955783	7.98857e-07	0.0120629	0.987936
Muller_E	2957997	7.72399e-07	0.0120064	0.987993
Muller_E	2959282	7.569e-07	0.0119736	0.988026
Muller_E	2959697	7.51872e-07	0.011963	0.988036
Muller_E	2959819	7.50392e-07	0.0119599	0.988039
Muller_E	2960759	7.38956e-07	0.0119359	0.988063
Muller_E	2961667	7.27857e-07	0.0119127	0.988087
Muller_E	2961801	7.26214e-07	0.0119093	0.98809
Muller_E	2963254	7.08333e-07	0.0118722	0.988127
Muller_E	2963568	7.04452e-07	0.0118641	0.988135
Muller_E	2975263	5.55623e-07	0.0115646	0.988435
Muller_E	2976725	5.36447e-07	0.011527	0.988472
Muller_E	2977784	5.22479e-07	0.0114999	0.9885
Muller_E	2982473	4.59864e-07	0.0113794	0.98862
Muller_E	2984283	4.35362e-07	0.0113328	0.988667
Muller_E	2985483	4.19018e-07	0.0113019	0.988698
Muller_E	2985658	4.16627e-07	0.0112974	0.988702
Muller_E	2985908	4.1321e-07	0.011291	0.988709
Muller_E	2987685	3.88819e-07	0.0112452	0.988754
Muller_E	2992894	3.16339e-07	0.0111109	0.988889
Muller_E	2993313	3.10446e-07	0.0111001	0.9889
Muller_E	2993798	3.03613e-07	0.0110876	0.988912
Muller_E	2994137	2.98829e-07	0.0110788	0.988921
Muller_E	2994487	2.93885e-07	0.0110698	0.98893
Muller_E	2994615	2.92075e-07	0.0110665	0.988933
Muller_E	2995123	2.84883e-07	0.0110534	0.988946
Muller_E	2995701	2.76684e-07	0.0110385	0.988961
Muller_E	2996048	2.71753e-07	0.0110295	0.98897
Muller_E	2996738	1.79458e-08	0.00591147	0.994089
Muller_E	2996880	2.62521e-07	0.01101	0.98899
Muller_E	2997113	2.63488e-07	0.0110073	0.988992
Muller_E	2999116	2.71606e-07	0.0109839	0.989016
Muller_E	2999459	2.72962e-07	0.0109799	0.98902
Muller_E	3001420	2.80525e-07	0.010957	0.989043
Muller_E	3001578	2.8112e-07	0.0109552	0.989045
Muller_E	3001696	2.81563e-07	0.0109538	0.989046
Muller_E	3002579	2.84842e-07	0.0109435	0.989056
Muller_E	3003095	2.86728e-07	0.0109374	0.989062
Muller_E	3003540	2.88336e-07	0.0109322	0.989067
Muller_E	3004120	2.90407e-07	0.0109254	0.989074
Muller_E	3005221	2.94261e-07	0.0109125	0.989087
Muller_E	3007967	3.03432e-07	0.0108803	0.989119
Muller_E	3012773	3.17971e-07	0.0108238	0.989176
Muller_E	3013331	3.19535e-07	0.0108172	0.989182
Muller_E	3013618	3.20329e-07	0.0108138	0.989186
Muller_E	3014080	3.21593e-07	0.0108084	0.989191
Muller_E	3014783	3.23484e-07	0.0108001	0.9892
Muller_E	3016296	3.27414e-07	0.0107822	0.989217
Muller_E	3017214	3.29707e-07	0.0107714	0.989228
Muller_E	3018320	3.32378e-07	0.0107583	0.989241
Muller_E	3018982	3.33929e-07	0.0107504	0.989249
Muller_E	3019303	3.34668e-07	0.0107466	0.989253
Muller_E	3019831	3.35865e-07	0.0107404	0.989259
Muller_E	3021834	3.402e-07	0.0107167	0.989283
Muller_E	3021944	3.40428e-07	0.0107154	0.989284
Muller_E	3023127	3.42825e-07	0.0107013	0.989298
Muller_E	3024474	3.45415e-07	0.0106853	0.989314
Muller_E	3024813	3.46044e-07	0.0106813	0.989318
Muller_E	3029421	3.53669e-07	0.0106265	0.989373
Muller_E	3029834	3.54269e-07	0.0106216	0.989378
Muller_E	3030101	3.5465e-07	0.0106184	0.989381
Muller_E	3033200	3.5865e-07	0.0105814	0.989418
Muller_E	3033901	3.59449e-07	0.0105731	0.989427
Muller_E	3034073	3.59638e-07	0.010571	0.989429
Muller_E	3036032	3.61636e-07	0.0105476	0.989452
Muller_E	3038305	3.63572e-07	0.0105204	0.989479
Muller_E	3041816	3.65761e-07	0.0104782	0.989521
Muller_E	3044683	3.66831e-07	0.0104438	0.989556
Muller_E	3046757	3.67205e-07	0.0104188	0.989581
Muller_E	3046887	3.67217e-07	0.0104172	0.989582
Muller_E	3047900	3.67268e-07	0.010405	0.989595
Muller_E	3048135	3.67268e-07	0.0104022	0.989597
Muller_E	3050664	3.67001e-07	0.0103717	0.989628
Muller_E	3051698	3.6675e-07	0.0103592	0.98964
Muller_E	3051968	3.66671e-07	0.0103559	0.989644
Muller_E	3052635	3.66451e-07	0.0103478	0.989652
Muller_E	3053197	3.66239e-07	0.010341	0.989659
Muller_E	3056428	3.64552e-07	0.0103019	0.989698
Muller_E	3056712	3.64366e-07	0.0102984	0.989701
Muller_E	3058398	3.63132e-07	0.010278	0.989722
Muller_E	3059687	3.62043e-07	0.0102623	0.989737
Muller_E	3061511	3.60287e-07	0.0102402	0.989759
Muller_E	3062406	3.59333e-07	0.0102293	0.98977
Muller_E	3062537	3.59189e-07	0.0102277	0.989772
Muller_E	3100018	2.65929e-07	0.00976585	0.990234
Muller_E	3100718	2.63229e-07	0.00975712	0.990243
Muller_E	3112367	2.13331e-07	0.00961127	0.990389
Muller_E	3112987	2.10414e-07	0.00960348	0.990396
Muller_E	3113420	2.08362e-07	0.00959803	0.990402
Muller_E	3116107	1.95343e-07	0.00956422	0.990436
Muller_E	3119432	1.7856e-07	0.00952229	0.990478
Muller_E	3119714	1.51224e-08	0.00518658	0.994813
Muller_E	3120862	1.83907e-07	0.00951462	0.990485
Muller_E	3122265	1.92092e-07	0.00950958	0.99049
Muller_E	3123364	1.98403e-07	0.00950562	0.990494
Muller_E	3124138	2.02796e-07	0.00950282	0.990497
Muller_E	3127464	2.21175e-07	0.00949076	0.990509
Muller_E	3128767	2.28157e-07	0.00948601	0.990514
Muller_E	3128895	2.28836e-07	0.00948554	0.990514
Muller_E	3129611	2.32614e-07	0.00948292	0.990517
Muller_E	3129743	2.33306e-07	0.00948244	0.990517
Muller_E	3130171	2.35542e-07	0.00948087	0.990519
Muller_E	3131529	2.4255e-07	0.00947589	0.990524
Muller_E	3137674	2.72593e-07	0.00945318	0.990547
Muller_E	3139976	2.83147e-07	0.00944459	0.990555
Muller_E	3143168	2.9715e-07	0.00943262	0.990567
Muller_E	3169152	3.84056e-07	0.00933215	0.990667
Muller_E	3170575	3.87431e-07	0.00932649	0.990673
Muller_E	3173857	3.94672e-07	0.00931339	0.990686
Muller_E	3192801	4.21711e-07	0.00923608	0.990763
Muller_E	3194086	4.22639e-07	0.00923073	0.990769
Muller_E	3194230	4.22736e-07	0.00923014	0.990769
Muller_E	3207603	4.25485e-07	0.00917371	0.990826
Muller_E	3207708	4.25458e-07	0.00917326	0.990826
Muller_E	3208070	4.25358e-07	0.00917171	0.990828
Muller_E	3208369	3.45918e-06	0.0417311	0.958265
Muller_E	3208507	4.24545e-07	0.009165	0.990835
Muller_E	3208706	4.23499e-07	0.00915715	0.990842
Muller_E	3210124	4.16001e-07	0.00910125	0.990898
Muller_E	3211254	4.09967e-07	0.0090567	0.990943
Muller_E	3212088	4.05481e-07	0.00902381	0.990976
Muller_E	3216063	3.83722e-07	0.00886696	0.991133
Muller_E	3216461	3.8151e-07	0.00885125	0.991148
Muller_E	3217109	3.77895e-07	0.00882567	0.991174
Muller_E	3217441	3.76038e-07	0.00881256	0.991187
Muller_E	3217706	3.74552e-07	0.0088021	0.991198
Muller_E	3217825	3.73884e-07	0.0087974	0.991202
Muller_E	3218354	3.70907e-07	0.00877651	0.991223
Muller_E	3219292	3.65604e-07	0.00873946	0.99126
Muller_E	3219763	3.6293e-07	0.00872086	0.991279
Muller_E	3221459	3.53232e-07	0.00865385	0.991346
Muller_E	3222112	3.49471e-07	0.00862804	0.991372
Muller_E	3223012	3.44263e-07	0.00859247	0.991407
Muller_E	3223549	3.41143e-07	0.00857124	0.991428
Muller_E	3224815	3.33746e-07	0.00852119	0.991478
Muller_E	3226800	3.22041e-07	0.00844268	0.991557
Muller_E	3229718	3.04601e-07	0.00832721	0.991672
Muller_E	3240322	2.39064e-07	0.00790704	0.992093
Muller_E	3240918	2.35288e-07	0.0078834	0.992116
Muller_E	3241273	2.33034e-07	0.00786931	0.99213
Muller_E	3247835	1.90812e-07	0.0076088	0.992391
Muller_E	3251442	1.6718e-07	0.00746545	0.992534
Muller_E	3252203	1.62159e-07	0.0074352	0.992565
Muller_E	3254014	1.50162e-07	0.00736318	0.992637
Muller_E	3254518	1.46812e-07	0.00734313	0.992657
Muller_E	3255141	1.42663e-07	0.00731834	0.992682
Muller_E	3255365	1.4117e-07	0.00730943	0.99269
Muller_E	3259142	1.15852e-07	0.0071591	0.992841
Muller_E	3259935	1.10504e-07	0.00712752	0.992872
Muller_E	3262497	9.31566e-08	0.00702547	0.992974
Muller_E	3263708	8.49208e-08	0.00697721	0.993023
Muller_E	3264644	7.85401e-08	0.00693991	0.99306
Muller_E	3266132	6.83704e-08	0.00688058	0.993119
Muller_E	3266579	6.53094e-08	0.00686276	0.993137
Muller_E	3266806	6.37539e-08	0.00685371	0.993146
Muller_E	3269029	4.84851e-08	0.00676504	0.993235
Muller_E	3271700	3.00589e-08	0.00665845	0.993342
Muller_E	3271881	2.88073e-08	0.00665122	0.993349
Muller_E	3273894	1.45225e-09	0.00361619	0.996384
Muller_E	3275081	1.37337e-08	0.00654581	0.993454
Muller_E	3275989	9.69269e-10	0.00351987	0.99648
Muller_E	3278049	1.62079e-08	0.00650647	0.993494
Muller_E	3280894	2.05225e-08	0.00647854	0.993521
Muller_E	3282107	2.22356e-08	0.00646661	0.993533
Muller_E	3282973	2.34126e-08	0.00645808	0.993542
Muller_E	3284532	2.5435e-08	0.00644272	0.993557
Muller_E	3291321	3.28062e-08	0.00637561	0.993624
Muller_E	3291878	3.3308e-08	0.00637009	0.99363
Muller_E	3293351	3.45604e-08	0.00635547	0.993644
Muller_E	3293759	3.48882e-08	0.00635142	0.993649
Muller_E	3304917	4.06687e-08	0.0062401	0.99376
Muller_E	3306663	8.21729e-09	0.00374228	0.996258
Muller_E	3306880	4.16715e-08	0.00622176	0.993778
Muller_E	3310127	5.10959e-08	0.00620933	0.993791
Muller_E	3312301	5.71227e-08	0.00620096	0.993799
Muller_E	3312718	5.82528e-08	0.00619935	0.993801
Muller_E	3318766	7.37085e-08	0.00617584	0.993824
Muller_E	3323588	7.16603e-09	0.00334734	0.996653
Muller_E	3324201	9.61764e-08	0.00615826	0.993842
Muller_E	3324656	1.04626e-07	0.00615928	0.993841
Muller_E	3325091	1.12699e-07	0.00616025	0.99384
Muller_E	3326084	1.31104e-07	0.00616246	0.993837
Muller_E	3326190	1.33067e-07	0.0061627	0.993837
Muller_E	3330218	2.07401e-07	0.00617159	0.993828
Muller_E	3334866	2.92551e-07	0.00618169	0.993818
Muller_E	3337545	3.41324e-07	0.00618744	0.993812
Muller_E	3340268	3.90668e-07	0.00619321	0.993806
Muller_E	3340480	3.945e-07	0.00619366	0.993806
Muller_E	3410593	1.58334e-06	0.00632196	0.993676
Muller_E	3431230	1.90284e-06	0.00635225	0.993646
Muller_E	3437416	1.99586e-06	0.00636067	0.993637
Muller_E	3456916	2.28074e-06	0.0063852	0.993613
Muller_E	3457694	2.29184e-06	0.00638612	0.993612
Muller_E	3459001	2.31045e-06	0.00638764	0.99361
Muller_E	3462300	2.35715e-06	0.00639144	0.993606
Muller_E	3464519	2.38836e-06	0.00639394	0.993604
Muller_E	3464673	2.39052e-06	0.00639412	0.993603
Muller_E	3477602	2.56898e-06	0.00640791	0.99359
Muller_E	3525631	3.18217e-06	0.00644747	0.993549
Muller_E	3546828	3.42766e-06	0.00645908	0.993537
Muller_E	3557059	3.54061e-06	0.0064634	0.993533
Muller_E	3566467	3.64128e-06	0.00646663	0.99353
Muller_E	3572057	3.69965e-06	0.00646822	0.993528
Muller_E	3572168	3.7008e-06	0.00646825	0.993528
Muller_E	3579272	3.77339e-06	0.0064699	0.993526
Muller_E	3579502	3.77571e-06	0.00646995	0.993526
Muller_E	3582419	3.80499e-06	0.0064705	0.993526
Muller_E	3590131	3.88097e-06	0.00647165	0.993524
Muller_E	3605233	4.0238e-06	0.00647251	0.993523
Muller_E	3610748	4.07399e-06	0.00647237	0.993524
Muller_E	3611776	4.08323e-06	0.00647232	0.993524
Muller_E	3615071	4.11259e-06	0.0064721	0.993524
Muller_E	3617701	4.13576e-06	0.00647186	0.993524
Muller_E	3617818	4.13679e-06	0.00647184	0.993524
Muller_E	3617948	4.13793e-06	0.00647183	0.993524
Muller_E	3623404	4.18518e-06	0.00647114	0.993525
Muller_E	3630035	4.24123e-06	0.00646999	0.993526
Muller_E	3631532	4.25367e-06	0.00646968	0.993526
Muller_E	3634067	4.27456e-06	0.00646911	0.993527
Muller_E	3642157	4.33975e-06	0.00646697	0.993529
Muller_E	3643438	4.34986e-06	0.00646658	0.993529
Muller_E	3645674	4.36738e-06	0.00646587	0.99353
Muller_E	3652519	4.41994e-06	0.00646346	0.993532
Muller_E	3655257	4.44051e-06	0.00646238	0.993533
Muller_E	3657953	4.46051e-06	0.00646127	0.993534
Muller_E	3660200	4.47699e-06	0.0064603	0.993535
Muller_E	3665461	4.51489e-06	0.00645787	0.993538
Muller_E	3670065	4.54728e-06	0.00645556	0.99354
Muller_E	3757777	5.02582e-06	0.00637925	0.993616
Muller_E	3766114	5.05776e-06	0.0063688	0.993626
Muller_E	3770199	5.07256e-06	0.00636348	0.993631
Muller_E	3771242	5.07625e-06	0.0063621	0.993633
Muller_E	3775369	5.09049e-06	0.00635655	0.993638
Muller_E	3781958	5.11207e-06	0.00634742	0.993647
Muller_E	3788305	5.13149e-06	0.00633829	0.993657
Muller_E	3788531	5.13216e-06	0.00633796	0.993657
Muller_E	3788717	5.1327e-06	0.00633768	0.993657
Muller_E	3791492	5.14074e-06	0.00633358	0.993661
Muller_E	3791929	5.14198e-06	0.00633293	0.993662
Muller_E	3794089	5.14803e-06	0.00632969	0.993665
Muller_E	3798034	5.15868e-06	0.00632367	0.993671
Muller_E	3805877	5.17834e-06	0.00631134	0.993683
Muller_E	3808116	5.18358e-06	0.00630773	0.993687
Muller_E	3837593	5.23743e-06	0.00625646	0.993738
Muller_E	3889492	5.26506e-06	0.00614933	0.993845
Muller_E	3892070	5.26424e-06	0.00614344	0.993851
Muller_E	3892768	5.26399e-06	0.00614184	0.993853
Muller_E	3893846	5.26356e-06	0.00613936	0.993855
Muller_E	3895236	5.26296e-06	0.00613615	0.993859
Muller_E	3896701	5.26227e-06	0.00613274	0.993862
Muller_E	3964144	5.16091e-06	0.0059575	0.994037
Muller_E	3964249	5.16065e-06	0.00595719	0.994038
Muller_E	3964701	5.15952e-06	0.0059559	0.994039
Muller_E	3965335	5.15793e-06	0.00595407	0.994041
Muller_E	3965537	5.15742e-06	0.00595349	0.994041
Muller_E	3971184	5.14271e-06	0.00593711	0.994058
Muller_E	4005791	5.03324e-06	0.00583112	0.994164
Muller_E	4007537	5.02686e-06	0.00582552	0.994169
Muller_E	4008073	5.02488e-06	0.00582379	0.994171
Muller_E	4008732	5.02244e-06	0.00582167	0.994173
Muller_E	4009275	5.02042e-06	0.00581992	0.994175
Muller_E	4009794	5.01848e-06	0.00581824	0.994177
Muller_E	4010462	5.01597e-06	0.00581608	0.994179
Muller_E	4011246	5.01301e-06	0.00581354	0.994181
Muller_E	4011350	5.01262e-06	0.0058132	0.994182
Muller_E	4011743	5.01113e-06	0.00581193	0.994183
Muller_E	4012926	5.00662e-06	0.00580808	0.994187
Muller_E	4015010	4.99859e-06	0.00580127	0.994194
Muller_E	4015956	4.99491e-06	0.00579817	0.994197
Muller_E	4016731	4.99188e-06	0.00579562	0.994199
Muller_E	4017133	4.9903e-06	0.0057943	0.994201
Muller_E	4017640	4.9883e-06	0.00579263	0.994202
Muller_E	4021078	4.97456e-06	0.00578125	0.994214
Muller_E	4021876	4.97133e-06	0.0057786	0.994216
Muller_E	4022513	4.96873e-06	0.00577647	0.994219
Muller_E	4022928	4.96704e-06	0.00577509	0.99422
Muller_E	4024532	4.96044e-06	0.00576973	0.994225
Muller_E	4024639	4.96e-06	0.00576937	0.994226
Muller_E	4025270	4.95739e-06	0.00576725	0.994228
Muller_E	4027169	4.94946e-06	0.00576086	0.994234
Muller_E	4027437	4.94833e-06	0.00575996	0.994235
Muller_E	4027764	4.94696e-06	0.00575885	0.994236
Muller_E	4029270	4.94058e-06	0.00575376	0.994241
Muller_E	4032202	4.92799e-06	0.00574379	0.994251
Muller_E	4032327	4.92745e-06	0.00574336	0.994252
Muller_E	4033521	4.92226e-06	0.00573928	0.994256
Muller_E	4033797	4.92105e-06	0.00573834	0.994257
Muller_E	4036360	4.90976e-06	0.00572953	0.994266
Muller_E	4037138	4.90631e-06	0.00572685	0.994268
Muller_E	4037610	4.9042e-06	0.00572522	0.99427
Muller_E	4040496	4.89119e-06	0.00571521	0.99428
Muller_E	4040949	4.88913e-06	0.00571364	0.994281
Muller_E	4045900	4.86628e-06	0.0056963	0.994299
Muller_E	4046078	4.86544e-06	0.00569567	0.994299
Muller_E	4046843	4.86185e-06	0.00569297	0.994302
Muller_E	4047581	4.85837e-06	0.00569037	0.994305
Muller_E	4048275	4.85509e-06	0.00568791	0.994307
Muller_E	4048700	4.85307e-06	0.00568641	0.994309
Muller_E	4053592	4.82954e-06	0.00566897	0.994326
Muller_E	4056223	4.81663e-06	0.00565952	0.994336
Muller_E	4056545	4.81504e-06	0.00565835	0.994337
Muller_E	4056951	4.81303e-06	0.00565689	0.994338
Muller_E	4057601	4.80981e-06	0.00565454	0.994341
Muller_E	4057720	4.80922e-06	0.00565411	0.994341
Muller_E	4058043	4.80761e-06	0.00565294	0.994342
Muller_E	4058149	4.80708e-06	0.00565256	0.994343
Muller_E	4058704	4.80431e-06	0.00565055	0.994345
Muller_E	4059417	4.80074e-06	0.00564796	0.994347
Muller_E	4059965	4.79799e-06	0.00564597	0.994349
Muller_E	4061381	4.79084e-06	0.00564082	0.994354
Muller_E	4061745	4.78899e-06	0.00563949	0.994356
Muller_E	4062020	4.7876e-06	0.00563849	0.994357
Muller_E	4062507	4.78512e-06	0.00563671	0.994359
Muller_E	4062941	4.78291e-06	0.00563512	0.99436
Muller_E	4064035	4.77731e-06	0.00563111	0.994364
Muller_E	4064680	4.774e-06	0.00562875	0.994366
Muller_E	4064829	4.77323e-06	0.0056282	0.994367
Muller_E	4065474	4.7699e-06	0.00562583	0.994369
Muller_E	4065574	4.76939e-06	0.00562546	0.99437
Muller_E	4066028	4.76704e-06	0.00562379	0.994371
Muller_E	4067541	4.75918e-06	0.00561821	0.994377
Muller_E	4067967	4.75695e-06	0.00561663	0.994379
Muller_E	4068535	4.75398e-06	0.00561453	0.994381
Muller_E	4069245	4.75026e-06	0.0056119	0.994383
Muller_E	4070105	4.74573e-06	0.00560871	0.994387
Muller_E	4071088	4.74053e-06	0.00560505	0.99439
Muller_E	4071641	4.73759e-06	0.00560299	0.994392
Muller_E	4072126	4.73501e-06	0.00560118	0.994394
Muller_E	4072768	4.73159e-06	0.00559878	0.994396
Muller_E	4072973	4.73049e-06	0.00559802	0.994397
Muller_E	4073359	4.72843e-06	0.00559657	0.994399
Muller_E	4075135	4.71888e-06	0.00558992	0.994405
Muller_E	4075254	4.71824e-06	0.00558947	0.994406
Muller_E	4076053	4.71392e-06	0.00558647	0.994409
Muller_E	4077160	4.7079e-06	0.0055823	0.994413
Muller_E	4078165	4.70242e-06	0.0055785	0.994417
Muller_E	4078690	4.69954e-06	0.00557651	0.994419
Muller_E	4078900	4.69839e-06	0.00557572	0.99442
Muller_E	4079010	4.69779e-06	0.0055753	0.99442
Muller_E	4079297	4.69621e-06	0.00557422	0.994421
Muller_E	4081728	4.68278e-06	0.00556498	0.99443
Muller_E	4082079	4.68083e-06	0.00556364	0.994432
Muller_E	4083988	4.67016e-06	0.00555635	0.994439
Muller_E	4085715	4.66044e-06	0.00554973	0.994446
Muller_E	4089306	4.64001e-06	0.00553589	0.994459
Muller_E	4089803	4.63716e-06	0.00553397	0.994461
Muller_E	4092778	4.61997e-06	0.00552241	0.994473
Muller_E	4092894	4.6193e-06	0.00552196	0.994473
Muller_E	4098915	4.58387e-06	0.00549834	0.994497
Muller_E	4109650	4.51866e-06	0.00545552	0.99454
Muller_E	4113217	4.49642e-06	0.00544108	0.994554
Muller_E	4113538	4.4944e-06	0.00543978	0.994556
Muller_E	4114422	4.48884e-06	0.00543618	0.994559
Muller_E	4114803	4.48644e-06	0.00543463	0.994561
Muller_E	4115118	4.48445e-06	0.00543335	0.994562
Muller_E	4116856	4.47344e-06	0.00542625	0.994569
Muller_E	4117074	4.47205e-06	0.00542536	0.99457
Muller_E	4117473	4.46951e-06	0.00542373	0.994572
Muller_E	4118970	4.45995e-06	0.00541759	0.994578
Muller_E	4121851	4.44142e-06	0.00540572	0.99459
Muller_E	4122071	4.44e-06	0.00540481	0.994591
Muller_E	4122393	4.43792e-06	0.00540348	0.994592
Muller_E	4122818	4.43516e-06	0.00540173	0.994594
Muller_E	4124318	4.42541e-06	0.00539551	0.9946
Muller_E	4124418	4.42476e-06	0.00539509	0.9946
Muller_E	4126492	4.41119e-06	0.00538647	0.994609
Muller_E	4127527	4.40439e-06	0.00538215	0.994613
Muller_E	4127720	4.40312e-06	0.00538135	0.994614
Muller_E	4128101	4.40061e-06	0.00537975	0.994616
Muller_E	4128234	4.39973e-06	0.0053792	0.994616
Muller_E	4130334	4.38582e-06	0.0053704	0.994625
Muller_E	4132221	4.37324e-06	0.00536246	0.994633
Muller_E	4134741	4.35633e-06	0.00535182	0.994644
Muller_E	4134982	4.3547e-06	0.0053508	0.994645
Muller_E	4136547	4.34412e-06	0.00534416	0.994651
Muller_E	4140224	4.31907e-06	0.00532849	0.994667
Muller_E	4140902	4.31441e-06	0.00532559	0.99467
Muller_E	4141485	4.31041e-06	0.00532309	0.994673
Muller_E	4143836	4.29418e-06	0.00531299	0.994683
Muller_E	4144350	4.29061e-06	0.00531077	0.994685
Muller_E	4144848	4.28716e-06	0.00530863	0.994687
Muller_E	4150850	4.24508e-06	0.00528259	0.994713
Muller_E	4151927	4.23746e-06	0.00527789	0.994718
Muller_E	4154621	4.21828e-06	0.00526608	0.99473
Muller_E	4159745	4.1814e-06	0.00524347	0.994752
Muller_E	4159958	4.17985e-06	0.00524252	0.994753
Muller_E	4160923	4.17285e-06	0.00523824	0.994758
Muller_E	4161787	4.16656e-06	0.0052344	0.994761
Muller_E	4162162	4.16382e-06	0.00523273	0.994763
Muller_E	4163984	4.1505e-06	0.0052246	0.994771
Muller_E	4164218	4.14878e-06	0.00522356	0.994772
Muller_E	4164859	4.14408e-06	0.00522069	0.994775
Muller_E	4165033	4.1428e-06	0.00521991	0.994776
Muller_E	4165157	4.14189e-06	0.00521936	0.994777
Muller_E	4165383	4.14022e-06	0.00521834	0.994778
Muller_E	4165808	4.13709e-06	0.00521644	0.994779
Muller_E	4165958	4.13599e-06	0.00521577	0.99478
Muller_E	4166062	4.13522e-06	0.0052153	0.994781
Muller_E	4166243	4.13389e-06	0.00521449	0.994781
Muller_E	4166628	4.13105e-06	0.00521276	0.994783
Muller_E	4168755	4.1153e-06	0.0052032	0.994793
Muller_E	4172546	4.08702e-06	0.00518606	0.99481
Muller_E	4172827	4.08491e-06	0.00518478	0.994811
Muller_E	4173860	4.07716e-06	0.00518009	0.994816
Muller_E	4176100	4.06026e-06	0.00516988	0.994826
Muller_E	4176326	4.05855e-06	0.00516885	0.994827
Muller_E	4176826	4.05477e-06	0.00516657	0.994829
Muller_E	4177022	4.05328e-06	0.00516567	0.99483
Muller_E	4178339	4.04328e-06	0.00515964	0.994836
Muller_E	4178608	4.04123e-06	0.00515841	0.994838
Muller_E	4179326	4.03577e-06	0.00515512	0.994841
Muller_E	4180712	4.02518e-06	0.00514875	0.994847
Muller_E	4180966	4.02324e-06	0.00514758	0.994848
Muller_E	4184926	3.99278e-06	0.00512928	0.994867
Muller_E	4185178	3.99084e-06	0.00512811	0.994868
Muller_E	4185319	3.98975e-06	0.00512746	0.994869
Muller_E	4185532	3.9881e-06	0.00512647	0.99487
Muller_E	4187632	3.97181e-06	0.00511671	0.994879
Muller_E	4188227	3.96718e-06	0.00511394	0.994882
Muller_E	4188670	3.96373e-06	0.00511187	0.994884
Muller_E	4192621	3.93279e-06	0.00509338	0.994903
Muller_E	4193546	3.9255e-06	0.00508903	0.994907
Muller_E	4194407	3.91871e-06	0.00508497	0.994911
Muller_E	4195783	3.90783e-06	0.00507848	0.994918
Muller_E	4196010	3.90603e-06	0.00507741	0.994919
Muller_E	4197440	3.89467e-06	0.00507065	0.994925
Muller_E	4198223	3.88844e-06	0.00506694	0.994929
Muller_E	4199021	3.88208e-06	0.00506315	0.994933
Muller_E	4199203	3.88063e-06	0.00506228	0.994934
Muller_E	4199424	3.87886e-06	0.00506123	0.994935
Muller_E	4199639	3.87714e-06	0.00506021	0.994936
Muller_E	4199983	3.87439e-06	0.00505858	0.994938
Muller_E	4203293	3.84783e-06	0.00504279	0.994953
Muller_E	4205814	3.82747e-06	0.00503071	0.994965
Muller_E	4206134	3.82488e-06	0.00502917	0.994967
Muller_E	4207588	3.81308e-06	0.00502217	0.994974
Muller_E	4210680	3.78787e-06	0.00500724	0.994989
Muller_E	4210928	3.78584e-06	0.00500604	0.99499
Muller_E	4211312	3.7827e-06	0.00500418	0.994992
Muller_E	4211755	3.77907e-06	0.00500203	0.994994
Muller_E	4213444	3.7652e-06	0.00499382	0.995002
Muller_E	4216650	3.73874e-06	0.00497819	0.995018
Muller_E	4217058	3.73536e-06	0.00497619	0.99502
Muller_E	4217453	3.73208e-06	0.00497426	0.995022
Muller_E	4217565	3.73116e-06	0.00497371	0.995023
Muller_E	4217669	3.73029e-06	0.0049732	0.995023
Muller_E	4217825	3.729e-06	0.00497244	0.995024
Muller_E	4218923	3.71988e-06	0.00496705	0.995029
Muller_E	4225215	3.66723e-06	0.00493601	0.99506
Muller_E	4232774	3.60314e-06	0.0048983	0.995098
Muller_E	4235298	3.58154e-06	0.0048856	0.995111
Muller_E	4245993	3.48895e-06	0.00483124	0.995165
Muller_E	4252835	3.42883e-06	0.00479599	0.995201
Muller_E	4253725	3.42096e-06	0.00479137	0.995205
Muller_E	4256197	3.39904e-06	0.00477852	0.995218
Muller_E	4261234	3.35411e-06	0.00475219	0.995244
Muller_E	4262892	3.33925e-06	0.00474348	0.995253
Muller_E	4263238	3.33614e-06	0.00474166	0.995255
Muller_E	4263588	3.333e-06	0.00473981	0.995257
Muller_E	4264621	3.32371e-06	0.00473437	0.995262
Muller_E	4266950	3.30271e-06	0.00472206	0.995275
Muller_E	4267529	3.29748e-06	0.00471899	0.995278
Muller_E	4276223	3.21839e-06	0.00467263	0.995324
Muller_E	4311688	2.88623e-06	0.00447718	0.99552
Muller_E	4311965	2.88358e-06	0.00447561	0.995522
Muller_E	4312254	2.88082e-06	0.00447398	0.995523
Muller_E	4312510	2.87837e-06	0.00447253	0.995525
Muller_E	4334492	2.66555e-06	0.00434616	0.995651
Muller_E	4352032	2.49265e-06	0.00424254	0.995755
Muller_E	4353438	2.47868e-06	0.00423413	0.995763
Muller_E	4356857	2.44466e-06	0.00421361	0.995784
Muller_E	4360054	2.41277e-06	0.00419433	0.995803
Muller_E	4374783	2.26497e-06	0.00410445	0.995893
Muller_E	4374946	2.26333e-06	0.00410345	0.995894
Muller_E	4381350	2.19865e-06	0.00406382	0.995934
Muller_E	4558836	3.92237e-07	0.00283381	0.997166
Muller_E	4562012	3.61173e-07	0.00280948	0.99719
Muller_E	4564083	3.40971e-07	0.00279358	0.997206
Muller_E	4564194	3.39889e-07	0.00279272	0.997207
Muller_E	4568491	2.98114e-07	0.0027596	0.99724
Muller_E	4569115	2.92063e-07	0.00275478	0.997245
Muller_E	4569749	2.8592e-07	0.00274988	0.99725
Muller_E	4570340	2.80197e-07	0.0027453	0.997254
Muller_E	4571890	2.65205e-07	0.00273329	0.997266
Muller_E	4572624	2.58115e-07	0.0027276	0.997272
Muller_E	4573491	2.49748e-07	0.00272087	0.997279
Muller_E	4573809	2.46681e-07	0.0027184	0.997281
Muller_E	4577361	2.12499e-07	0.00269076	0.997309
Muller_E	4577462	2.11529e-07	0.00268997	0.99731
Muller_E	4578308	2.03409e-07	0.00268337	0.997316
Muller_E	4580664	1.54826e-08	0.00144819	0.998552
Muller_E	4580954	1.80761e-07	0.00266417	0.997336
Muller_E	4581769	1.80531e-07	0.00266197	0.997338
Muller_E	4581909	1.8049e-07	0.00266159	0.997338
Muller_E	4583019	1.80155e-07	0.00265857	0.997341
Muller_E	4583393	1.80037e-07	0.00265756	0.997342
Muller_E	4583516	1.79998e-07	0.00265722	0.997343
Muller_E	4584473	1.79683e-07	0.00265461	0.997345
Muller_E	4589180	1.77901e-07	0.00264166	0.997358
Muller_E	4590247	1.77443e-07	0.0026387	0.997361
Muller_E	4591539	1.76862e-07	0.0026351	0.997365
Muller_E	4593253	1.76047e-07	0.00263031	0.99737
Muller_E	4593508	1.75922e-07	0.00262959	0.99737
Muller_E	4593974	1.75689e-07	0.00262829	0.997372
Muller_E	4595111	1.75106e-07	0.00262509	0.997375
Muller_E	4595303	1.75006e-07	0.00262455	0.997375
Muller_E	4597548	1.73782e-07	0.0026182	0.997382
Muller_E	4597833	1.7362e-07	0.00261739	0.997382
Muller_E	4600306	1.7216e-07	0.00261034	0.997389
Muller_E	4607273	1.67488e-07	0.00259022	0.99741
Muller_E	4607398	1.67397e-07	0.00258986	0.99741
Muller_E	4610441	1.65093e-07	0.00258094	0.997419
Muller_E	4611041	1.64621e-07	0.00257918	0.997421
Muller_E	4611562	1.64206e-07	0.00257764	0.997422
Muller_E	4611697	1.64097e-07	0.00257724	0.997423
Muller_E	4612447	1.6349e-07	0.00257503	0.997425
Muller_E	4612733	1.63256e-07	0.00257418	0.997426
Muller_E	4612927	1.63097e-07	0.00257361	0.997426
Muller_E	4613148	1.62914e-07	0.00257295	0.997427
Muller_E	4614502	1.61779e-07	0.00256893	0.997431
Muller_E	4615888	1.60585e-07	0.0025648	0.997435
Muller_E	4616173	1.60335e-07	0.00256395	0.997436
Muller_E	4616508	1.6004e-07	0.00256295	0.997437
Muller_E	4616663	1.59903e-07	0.00256249	0.997437
Muller_E	4618190	1.58532e-07	0.00255791	0.997442
Muller_E	4619781	1.57062e-07	0.00255312	0.997447
Muller_E	4622166	1.54782e-07	0.00254591	0.997454
Muller_E	4626314	1.50595e-07	0.00253325	0.997467
Muller_E	4626864	1.50019e-07	0.00253156	0.997468
Muller_E	4627368	1.49487e-07	0.00253001	0.99747
Muller_E	4627488	1.4936e-07	0.00252964	0.99747
Muller_E	4633961	1.42153e-07	0.00250954	0.99749
Muller_E	4635834	1.39944e-07	0.00250367	0.997496
Muller_E	4636452	1.39203e-07	0.00250172	0.997498
Muller_E	4637295	1.38182e-07	0.00249906	0.997501
Muller_E	4640891	1.33703e-07	0.00248766	0.997512
Muller_E	4645727	1.27363e-07	0.00247215	0.997528
Muller_E	4646376	1.26485e-07	0.00247006	0.99753
Muller_E	4646798	1.2591e-07	0.00246869	0.997531
Muller_E	4653320	1.16685e-07	0.00244743	0.997552
Muller_E	4656520	1.11924e-07	0.00243688	0.997563
Muller_E	4672665	8.5597e-08	0.00238235	0.997618
Muller_E	4674140	8.30036e-08	0.00237727	0.997623
Muller_E	4675745	8.01466e-08	0.00237172	0.997628
Muller_E	4676485	7.8817e-08	0.00236915	0.997631
Muller_E	4677110	7.76881e-08	0.00236698	0.997633
Muller_E	4677655	7.66991e-08	0.00236508	0.997635
Muller_E	4678986	7.42664e-08	0.00236044	0.997639
Muller_E	4680223	7.19832e-08	0.00235611	0.997644
Muller_E	4682403	6.79075e-08	0.00234846	0.997651
Muller_E	4682621	6.74963e-08	0.00234769	0.997652
Muller_E	4684270	6.43646e-08	0.00234187	0.997658
Muller_E	4685491	6.20216e-08	0.00233755	0.997662
Muller_E	4686019	6.10021e-08	0.00233567	0.997664
Muller_E	4687101	1.14564e-08	0.00139378	0.998606
Muller_E	4689628	5.89976e-08	0.00233124	0.997669
Muller_E	4690052	5.90033e-08	0.00233114	0.997669
Muller_E	4690344	5.90054e-08	0.00233107	0.997669
Muller_E	4690905	5.90054e-08	0.00233093	0.997669
Muller_E	4691125	5.9004e-08	0.00233087	0.997669
Muller_E	4691712	5.89961e-08	0.00233072	0.997669
Muller_E	4691999	5.89902e-08	0.00233065	0.997669
Muller_E	4692111	5.89875e-08	0.00233062	0.997669
Muller_E	4693234	5.89487e-08	0.00233032	0.99767
Muller_E	4693620	5.89304e-08	0.00233022	0.99767
Muller_E	4693753	5.89235e-08	0.00233018	0.99767
Muller_E	4694021	5.89087e-08	0.00233011	0.99767
Muller_E	4694592	5.88732e-08	0.00232995	0.99767
Muller_E	4696429	5.87216e-08	0.00232942	0.997671
Muller_E	4696792	5.86849e-08	0.00232931	0.997671
Muller_E	4699402	5.83555e-08	0.0023285	0.997671
Muller_E	4700957	5.81046e-08	0.00232799	0.997672
Muller_E	4702606	5.77939e-08	0.00232743	0.997673
Muller_E	4708142	5.64156e-08	0.00232539	0.997675
Muller_E	4712097	5.51147e-08	0.00232379	0.997676
Muller_E	4713898	5.44351e-08	0.00232301	0.997677
Muller_E	4714194	5.43182e-08	0.00232289	0.997677
Muller_E	4717094	5.30948e-08	0.00232158	0.997678
Muller_E	4717794	5.27784e-08	0.00232125	0.997679
Muller_E	4720564	5.14454e-08	0.00231992	0.99768
Muller_E	4722390	5.04963e-08	0.00231902	0.997681
Muller_E	4727534	4.75222e-08	0.00231631	0.997684
Muller_E	4730688	4.54796e-08	0.00231455	0.997685
Muller_E	4731377	4.50113e-08	0.00231415	0.997686
Muller_E	4732944	4.39166e-08	0.00231324	0.997687
Muller_E	4738342	5.01001e-07	0.0156665	0.984333
Muller_E	4739398	3.78059e-08	0.00228576	0.997714
Muller_E	4742492	3.18886e-08	0.00221487	0.997785
Muller_E	4745718	2.5756e-08	0.00214088	0.997859
Muller_E	4746457	2.43574e-08	0.00212392	0.997876
Muller_E	4748015	2.54887e-09	0.00116929	0.998831
Muller_E	4748352	2.14207e-08	0.00208396	0.997916
Muller_E	4748630	2.14222e-08	0.00208051	0.997919
Muller_E	4751071	2.13883e-08	0.00205019	0.99795
Muller_E	4751685	2.13669e-08	0.00204256	0.997957
Muller_E	4751817	2.13616e-08	0.00204092	0.997959
Muller_E	4752607	2.1325e-08	0.00203109	0.997969
Muller_E	4752773	2.13163e-08	0.00202902	0.997971
Muller_E	4753826	2.12522e-08	0.00201591	0.997984
Muller_E	4754671	2.11901e-08	0.00200539	0.997995
Muller_E	4756619	2.10114e-08	0.0019811	0.998019
Muller_E	4759191	2.07008e-08	0.00194898	0.998051
Muller_E	4761262	2.03908e-08	0.00192309	0.998077
Muller_E	4761866	2.02904e-08	0.00191553	0.998084
Muller_E	4761985	2.02702e-08	0.00191404	0.998086
Muller_E	4763545	1.99886e-08	0.0018945	0.998105
Muller_E	4764509	1.98002e-08	0.00188241	0.998118
