chrom	position	2,0	1,1	0,2
Muller_E	62882	0.615315	0.262916	0.121769
Muller_E	267432	0.61626	0.265652	0.118088
Muller_E	441230	0.617255	0.267726	0.115019
Muller_E	511157	0.617704	0.268496	0.113799
Muller_E	557879	0.618021	0.268991	0.112989
Muller_E	581000	0.618182	0.269229	0.112589
Muller_E	709108	0.619131	0.270479	0.110391
Muller_E	768129	0.6196	0.271013	0.109387
Muller_E	785241	0.619739	0.271163	0.109097
Muller_E	787322	0.619756	0.271182	0.109062
Muller_E	787424	0.619757	0.271182	0.10906
Muller_E	788173	0.619763	0.271189	0.109048
Muller_E	788750	0.619768	0.271194	0.109038
Muller_E	788860	0.619769	0.271195	0.109036
Muller_E	791823	0.619794	0.271221	0.108986
Muller_E	802257	0.61988	0.271311	0.108809
Muller_E	893794	0.620665	0.272065	0.107269
Muller_E	894300	0.62067	0.272069	0.107261
Muller_E	896281	0.620687	0.272085	0.107228
Muller_E	897287	0.620696	0.272093	0.107211
Muller_E	897987	0.620702	0.272099	0.107199
Muller_E	901015	0.620729	0.272122	0.107148
Muller_E	901718	0.620736	0.272128	0.107137
Muller_E	923408	0.62093	0.272296	0.106774
Muller_E	923675	0.620932	0.272298	0.106769
Muller_E	924320	0.620938	0.272303	0.106759
Muller_E	927795	0.620969	0.27233	0.106701
Muller_E	948021	0.621153	0.272483	0.106363
Muller_E	948230	0.621155	0.272485	0.10636
Muller_E	958531	0.62125	0.272562	0.106188
Muller_E	967701	0.621335	0.27263	0.106036
Muller_E	969142	0.621348	0.27264	0.106012
Muller_E	1033237	0.621955	0.273096	0.104949
Muller_E	1120573	0.622819	0.273669	0.103511
Muller_E	1123171	0.622846	0.273686	0.103469
Muller_E	1146845	0.623088	0.273831	0.103081
Muller_E	1148492	0.623105	0.273841	0.103054
Muller_E	1168315	0.62331	0.273959	0.102731
Muller_E	1213395	0.623786	0.274217	0.101997
Muller_E	1262309	0.624316	0.27448	0.101204
Muller_E	1275111	0.624457	0.274546	0.100997
Muller_E	1275707	0.624463	0.274549	0.100987
Muller_E	1314313	0.624894	0.274741	0.100365
Muller_E	1318297	0.624939	0.27476	0.100301
Muller_E	1358440	0.625397	0.274947	0.0996563
Muller_E	1358616	0.625399	0.274947	0.0996535
Muller_E	1378824	0.625633	0.275037	0.09933
Muller_E	1480336	0.626845	0.275441	0.0977141
Muller_E	1489232	0.626954	0.275473	0.0975733
Muller_E	1645912	0.628949	0.27594	0.0951115
Muller_E	1673398	0.629313	0.276003	0.0946834
Muller_E	1718642	0.629923	0.276096	0.0939811
Muller_E	1746815	0.630309	0.276146	0.0935452
Muller_E	1763447	0.630539	0.276173	0.0932885
Muller_E	1765039	0.630561	0.276175	0.0932639
Muller_E	1765159	0.630562	0.276176	0.0932621
Muller_E	1765369	0.630565	0.276176	0.0932588
Muller_E	1771226	0.630647	0.276185	0.0931685
Muller_E	1799036	0.631036	0.276224	0.0927404
Muller_E	1802542	0.631085	0.276228	0.0926866
Muller_E	1802678	0.631087	0.276228	0.0926845
Muller_E	1803039	0.631092	0.276229	0.0926789
Muller_E	1803347	0.631097	0.276229	0.0926742
Muller_E	1805518	0.631127	0.276232	0.0926408
Muller_E	1812938	0.631232	0.276241	0.0925269
Muller_E	1813040	0.631233	0.276241	0.0925253
Muller_E	1815234	0.631265	0.276244	0.0924916
Muller_E	1815907	0.631274	0.276245	0.0924813
Muller_E	1816383	0.631281	0.276245	0.092474
Muller_E	1831501	0.631496	0.276262	0.0922421
Muller_E	1850978	0.631775	0.276281	0.0919439
Muller_E	1851905	0.631788	0.276282	0.0919297
Muller_E	1852166	0.631792	0.276283	0.0919257
Muller_E	1857635	0.63187	0.276287	0.0918421
Muller_E	1861157	0.631921	0.276291	0.0917882
Muller_E	1861336	0.631924	0.276291	0.0917855
Muller_E	1861880	0.631932	0.276291	0.0917772
Muller_E	1866595	0.632	0.276295	0.0917051
Muller_E	1870209	0.632052	0.276298	0.0916499
Muller_E	1871973	0.1271	0.290923	0.581977
Muller_E	1880064	0.633524	0.275835	0.0906408
Muller_E	1889333	0.635188	0.27529	0.089522
Muller_E	1891195	0.635523	0.275179	0.0892981
Muller_E	1894320	0.636086	0.274992	0.0889229
Muller_E	1900363	0.637176	0.274624	0.0881995
Muller_E	1904375	0.637902	0.274377	0.0877209
Muller_E	1915469	0.639917	0.273679	0.086404
Muller_E	1927060	0.642033	0.272929	0.0850386
Muller_E	1932459	0.643022	0.272572	0.0844062
Muller_E	1944351	0.64521	0.271769	0.0830215
Muller_E	1946702	0.645644	0.271607	0.0827491
Muller_E	1961660	0.648416	0.270558	0.0810261
Muller_E	1975567	0.651009	0.269551	0.0794401
Muller_E	2011856	0.657854	0.266772	0.0753738
Muller_E	2013122	0.658095	0.266671	0.0752338
Muller_E	2044597	0.664125	0.264081	0.0717947
Muller_E	2048236	0.664827	0.263771	0.0714022
Muller_E	2048434	0.664866	0.263754	0.0713809
Muller_E	2086567	0.672295	0.260374	0.0673313
Muller_E	2103366	0.675607	0.25881	0.0655839
Muller_E	2117584	0.678428	0.257449	0.0641225
Muller_E	2126123	0.680131	0.256617	0.0632525
Muller_E	2135792	0.682066	0.255659	0.0622744
Muller_E	2140907	0.683093	0.255147	0.0617599
Muller_E	2141169	0.683146	0.25512	0.0617336
Muller_E	2142715	0.683457	0.254964	0.0615786
Muller_E	2145389	0.683995	0.254694	0.0613109
Muller_E	2146953	0.68431	0.254535	0.0611545
Muller_E	2147057	0.684331	0.254525	0.0611441
Muller_E	2201852	0.695501	0.248709	0.0557903
Muller_E	2204792	0.696108	0.248383	0.0555097
Muller_E	2219543	0.699162	0.246726	0.0541126
Muller_E	2220290	0.699317	0.246641	0.0540423
Muller_E	2241628	0.703768	0.244178	0.0520532
Muller_E	2243471	0.704155	0.243962	0.0518831
Muller_E	2531559	0.768092	0.203294	0.0286137
Muller_E	2693610	0.807179	0.17439	0.0184313
Muller_E	2696554	0.80791	0.173824	0.0182658
Muller_E	2706179	0.810305	0.171966	0.0177293
Muller_E	2713009	0.81201	0.170637	0.0173531
Muller_E	2716202	0.812808	0.170014	0.0171785
Muller_E	2721440	0.814119	0.168987	0.0168939
Muller_E	2735475	0.817645	0.166213	0.016142
Muller_E	2763120	0.824639	0.160654	0.0147072
Muller_E	2777976	0.828425	0.157614	0.0139615
Muller_E	2779619	0.828845	0.157275	0.0138801
Muller_E	2787347	0.830823	0.155677	0.0135002
Muller_E	2788916	0.831225	0.155351	0.0134237
Muller_E	2795398	0.832889	0.154001	0.0131095
Muller_E	2798296	0.833634	0.153396	0.0129702
Muller_E	2799305	0.833894	0.153184	0.0129218
Muller_E	2800245	0.834136	0.152987	0.0128768
Muller_E	2800507	0.834203	0.152932	0.0128643
Muller_E	2800780	0.834274	0.152875	0.0128512
Muller_E	2800932	0.834313	0.152843	0.012844
Muller_E	2801158	0.834371	0.152796	0.0128332
Muller_E	2805736	0.835551	0.151834	0.0126155
Muller_E	2807233	0.835937	0.151519	0.0125446
Muller_E	2807795	0.836082	0.1514	0.0125181
Muller_E	2808363	0.836228	0.15128	0.0124913
Muller_E	2809031	0.836401	0.151139	0.0124598
Muller_E	2809272	0.836463	0.151088	0.0124485
Muller_E	2809909	0.836628	0.150954	0.0124185
Muller_E	2811470	0.837031	0.150624	0.0123451
Muller_E	2811776	0.83711	0.150559	0.0123308
Muller_E	2812117	0.837198	0.150487	0.0123148
Muller_E	2815676	0.838118	0.149733	0.0121485
Muller_E	2816259	0.838269	0.149609	0.0121214
Muller_E	2817070	0.838479	0.149437	0.0120837
Muller_E	2817616	0.838621	0.149321	0.0120583
Muller_E	2819402	0.839083	0.148941	0.0119755
Muller_E	2820166	0.839281	0.148779	0.0119402
Muller_E	2820386	0.839338	0.148732	0.01193
Muller_E	2820775	0.839439	0.148649	0.0119121
Muller_E	2821135	0.839532	0.148572	0.0118955
Muller_E	2821440	0.839611	0.148507	0.0118814
Muller_E	2826939	0.841038	0.147333	0.011629
Muller_E	2831172	0.842139	0.146425	0.0114364
Muller_E	2831515	0.842228	0.146351	0.0114209
Muller_E	2832336	0.842441	0.146175	0.0113837
Muller_E	2833070	0.842632	0.146017	0.0113505
Muller_E	2850717	0.847239	0.142195	0.0105657
Muller_E	2853215	0.847893	0.14165	0.0104566
Muller_E	2856496	0.848754	0.140932	0.0103141
Muller_E	2856945	0.848871	0.140834	0.0102947
Muller_E	2857481	0.849012	0.140717	0.0102715
Muller_E	2858163	0.849191	0.140567	0.0102421
Muller_E	2859754	0.849609	0.140218	0.0101735
Muller_E	2859987	0.84967	0.140167	0.0101635
Muller_E	2862604	0.850357	0.139591	0.0100512
Muller_E	2866488	0.851379	0.138736	0.00988549
Muller_E	2867267	0.851584	0.138564	0.00985241
Muller_E	2868557	0.851924	0.138279	0.00979774
Muller_E	2870085	0.852326	0.137941	0.00973315
Muller_E	2870623	0.852468	0.137822	0.00971046
Muller_E	2876155	0.853927	0.136594	0.00947844
Muller_E	2877151	0.85419	0.136373	0.00943692
Muller_E	2886067	0.856549	0.134383	0.00906887
Muller_E	2886534	0.856672	0.134278	0.00904976
Muller_E	2887599	0.856955	0.134039	0.00900627
Muller_E	2887882	0.85703	0.133976	0.00899473
Muller_E	2888492	0.857191	0.133839	0.00896987
Muller_E	2888607	0.857222	0.133813	0.00896518
Muller_E	2890000	0.857591	0.1335	0.00890854
Muller_E	2890387	0.857694	0.133413	0.00889283
Muller_E	2890907	0.857832	0.133297	0.00887175
Muller_E	2894764	0.858856	0.132428	0.00871601
Muller_E	2899098	0.860008	0.13145	0.00854244
Muller_E	2901481	0.860642	0.13091	0.00844765
Muller_E	2901643	0.860685	0.130874	0.00844122
Muller_E	2902627	0.860947	0.130651	0.00840223
Muller_E	2903432	0.861162	0.130468	0.00837038
Muller_E	2904998	0.861579	0.130112	0.00830858
Muller_E	2905994	0.861844	0.129886	0.00826938
Muller_E	2907134	0.862148	0.129627	0.00822461
Muller_E	2908511	0.862516	0.129313	0.00817067
Muller_E	2909452	0.862767	0.129099	0.0081339
Muller_E	2910160	0.862956	0.128938	0.00810628
Muller_E	2911022	0.863186	0.128741	0.0080727
Muller_E	2911252	0.863248	0.128689	0.00806376
Muller_E	2911992	0.863445	0.12852	0.00803499
Muller_E	2914672	0.864162	0.127907	0.0079312
Muller_E	2915489	0.86438	0.12772	0.00789968
Muller_E	2918585	0.865209	0.127011	0.0077807
Muller_E	2919015	0.865324	0.126912	0.00776423
Muller_E	2919728	0.865515	0.126748	0.00773696
Muller_E	2919971	0.86558	0.126693	0.00772768
Muller_E	2921506	0.865991	0.12634	0.00766915
Muller_E	2922564	0.866275	0.126096	0.00762891
Muller_E	2922707	0.866313	0.126064	0.00762348
Muller_E	2924226	0.86672	0.125714	0.00756589
Muller_E	2925108	0.866957	0.125511	0.00753254
Muller_E	2925552	0.867076	0.125408	0.00751577
Muller_E	2928855	0.867963	0.124646	0.00739154
Muller_E	2930674	0.868452	0.124225	0.0073235
Muller_E	2931258	0.868609	0.12409	0.00730171
Muller_E	2931592	0.868698	0.124012	0.00728926
Muller_E	2931798	0.868754	0.123965	0.00728159
Muller_E	2932326	0.868896	0.123842	0.00726194
Muller_E	2945623	0.87248	0.120746	0.00677442
Muller_E	2945753	0.872515	0.120716	0.00676973
Muller_E	2945878	0.872548	0.120686	0.00676521
Muller_E	2946001	0.872582	0.120658	0.00676077
Muller_E	2955783	0.875228	0.11836	0.00641152
Muller_E	2957997	0.875829	0.117838	0.00633354
Muller_E	2959282	0.876177	0.117534	0.00628846
Muller_E	2959697	0.87629	0.117436	0.00627393
Muller_E	2959819	0.876323	0.117408	0.00626967
Muller_E	2960759	0.876578	0.117185	0.00623682
Muller_E	2961667	0.876824	0.116971	0.00620515
Muller_E	2961801	0.876861	0.116939	0.00620049
Muller_E	2963254	0.877255	0.116595	0.00614997
Muller_E	2963568	0.877341	0.11652	0.00613908
Muller_E	2975263	0.880524	0.113737	0.00573899
Muller_E	2976725	0.880923	0.113388	0.00568975
Muller_E	2977784	0.881212	0.113134	0.00565419
Muller_E	2982473	0.882492	0.11201	0.00549783
Muller_E	2984283	0.882987	0.111575	0.00543794
Muller_E	2985483	0.883315	0.111286	0.00539839
Muller_E	2985658	0.883363	0.111244	0.00539263
Muller_E	2985908	0.883432	0.111184	0.00538441
Muller_E	2987685	0.883918	0.110756	0.0053261
Muller_E	2992894	0.885345	0.109498	0.00515667
Muller_E	2993313	0.88546	0.109397	0.00514314
Muller_E	2993798	0.885593	0.109279	0.00512749
Muller_E	2994137	0.885686	0.109197	0.00511657
Muller_E	2994487	0.885782	0.109112	0.0051053
Muller_E	2994615	0.885818	0.109081	0.00510118
Muller_E	2995123	0.885957	0.108958	0.00508484
Muller_E	2995701	0.886116	0.108818	0.00506628
Muller_E	2996048	0.886211	0.108734	0.00505515
Muller_E	2996738	0.8864	0.108567	0.00503304
Muller_E	2996880	0.886439	0.108532	0.0050285
Muller_E	2997113	0.886503	0.108476	0.00502105
Muller_E	2999116	0.887054	0.107989	0.00495716
Muller_E	2999459	0.887148	0.107906	0.00494625
Muller_E	3001420	0.887687	0.107429	0.00488407
Muller_E	3001578	0.88773	0.107391	0.00487908
Muller_E	3001696	0.887763	0.107362	0.00487535
Muller_E	3002579	0.888006	0.107147	0.00484747
Muller_E	3003095	0.888148	0.107021	0.00483121
Muller_E	3003540	0.88827	0.106913	0.0048172
Muller_E	3004120	0.88843	0.106771	0.00479897
Muller_E	3005221	0.888733	0.106503	0.00476444
Muller_E	3007967	0.889489	0.105832	0.00467873
Muller_E	3012773	0.890815	0.104655	0.0045302
Muller_E	3013331	0.890969	0.104518	0.00451307
Muller_E	3013618	0.891048	0.104448	0.00450428
Muller_E	3014080	0.891175	0.104335	0.00449013
Muller_E	3014783	0.891369	0.104162	0.00446863
Muller_E	3016296	0.891787	0.10379	0.0044225
Muller_E	3017214	0.892041	0.103564	0.0043946
Muller_E	3018320	0.892347	0.103292	0.00436108
Muller_E	3018982	0.89253	0.103129	0.00434106
Muller_E	3019303	0.892619	0.10305	0.00433137
Muller_E	3019831	0.892765	0.10292	0.00431545
Muller_E	3021834	0.893319	0.102426	0.00425523
Muller_E	3021944	0.893349	0.102399	0.00425194
Muller_E	3023127	0.893677	0.102107	0.00421654
Muller_E	3024474	0.89405	0.101774	0.00417637
Muller_E	3024813	0.894144	0.10169	0.00416628
Muller_E	3029421	0.895421	0.100548	0.0040301
Muller_E	3029834	0.895536	0.100446	0.00401798
Muller_E	3030101	0.89561	0.10038	0.00401015
Muller_E	3033200	0.896471	0.0996097	0.0039197
Muller_E	3033901	0.896665	0.0994353	0.00389934
Muller_E	3034073	0.896713	0.0993925	0.00389436
Muller_E	3036032	0.897258	0.0989046	0.00383772
Muller_E	3038305	0.89789	0.0983377	0.00377239
Muller_E	3041816	0.898867	0.0974604	0.0036723
Muller_E	3044683	0.899666	0.0967424	0.00359131
Muller_E	3046757	0.900245	0.0962222	0.00353313
Muller_E	3046887	0.900281	0.0961895	0.00352949
Muller_E	3047900	0.900564	0.0959351	0.00350122
Muller_E	3048135	0.900629	0.0958761	0.00349467
Muller_E	3050664	0.901335	0.0952401	0.00342448
Muller_E	3051698	0.901624	0.0949798	0.00339594
Muller_E	3051968	0.9017	0.0949118	0.00338849
Muller_E	3052635	0.901886	0.0947438	0.00337014
Muller_E	3053197	0.902043	0.0946021	0.0033547
Muller_E	3056428	0.902947	0.0937867	0.00326645
Muller_E	3056712	0.903026	0.0937149	0.00325873
Muller_E	3058398	0.903498	0.0932886	0.00321305
Muller_E	3059687	0.903859	0.0929624	0.00317828
Muller_E	3061511	0.90437	0.0925002	0.00312932
Muller_E	3062406	0.904621	0.0922733	0.00310539
Muller_E	3062537	0.904658	0.09224	0.00310189
Muller_E	3100018	0.915229	0.0826128	0.00215835
Muller_E	3100718	0.915427	0.0824308	0.00214181
Muller_E	3112367	0.918739	0.0793888	0.0018724
Muller_E	3112987	0.918915	0.0792263	0.00185837
Muller_E	3113420	0.919039	0.0791127	0.00184859
Muller_E	3116107	0.919804	0.0784073	0.00178823
Muller_E	3119432	0.920753	0.0775327	0.00171435
Muller_E	3119714	0.920833	0.0774585	0.00170813
Muller_E	3120862	0.921161	0.077156	0.00168286
Muller_E	3122265	0.921562	0.0767861	0.00165212
Muller_E	3123364	0.921876	0.076496	0.00162815
Muller_E	3124138	0.922097	0.0762917	0.00161133
Muller_E	3127464	0.923048	0.0754123	0.00153959
Muller_E	3128767	0.923421	0.0750673	0.00151174
Muller_E	3128895	0.923458	0.0750334	0.00150901
Muller_E	3129611	0.923663	0.0748436	0.00149377
Muller_E	3129743	0.9237	0.0748086	0.00149096
Muller_E	3130171	0.923823	0.0746952	0.00148187
Muller_E	3131529	0.924212	0.074335	0.00145314
Muller_E	3137674	0.925974	0.0727011	0.001325
Muller_E	3139976	0.926635	0.0720873	0.00127778
Muller_E	3143168	0.927552	0.0712348	0.00121302
Muller_E	3169152	0.935053	0.0642308	0.000716613
Muller_E	3170575	0.935465	0.0638439	0.000691011
Muller_E	3173857	0.936417	0.0629503	0.000632589
Muller_E	3192801	0.941931	0.0577564	0.000312472
Muller_E	3194086	0.942306	0.0574019	0.000291815
Muller_E	3194230	0.942348	0.0573622	0.000289508
Muller_E	3207603	0.946262	0.0536557	8.26474e-05
Muller_E	3207708	0.946292	0.0536264	8.10808e-05
Muller_E	3208070	0.946399	0.0535257	7.56864e-05
Muller_E	3208369	0.946486	0.0534424	7.12389e-05
Muller_E	3208507	0.971112	0.0288841	3.85701e-06
Muller_E	3208706	0.946557	0.0533737	6.8886e-05
Muller_E	3210124	0.946775	0.053158	6.67344e-05
Muller_E	3211254	0.946949	0.052986	6.50255e-05
Muller_E	3212088	0.947077	0.0528591	6.37675e-05
Muller_E	3216063	0.947688	0.0522539	5.78103e-05
Muller_E	3216461	0.947749	0.0521933	5.72173e-05
Muller_E	3217109	0.971238	0.0287571	4.46407e-06
Muller_E	3217441	0.947876	0.0520678	5.62002e-05
Muller_E	3217706	0.947898	0.0520463	5.61579e-05
Muller_E	3217825	0.947907	0.0520367	5.61389e-05
Muller_E	3218354	0.94795	0.0519938	5.60545e-05
Muller_E	3219292	0.948026	0.0519179	5.59046e-05
Muller_E	3219763	0.948064	0.0518797	5.58294e-05
Muller_E	3221459	0.948202	0.0517423	5.55583e-05
Muller_E	3222112	0.948255	0.0516894	5.54538e-05
Muller_E	3223012	0.948328	0.0516165	5.53098e-05
Muller_E	3223549	0.948372	0.051573	5.52239e-05
Muller_E	3224815	0.948475	0.0514704	5.50212e-05
Muller_E	3226800	0.948636	0.0513095	5.47032e-05
Muller_E	3229718	0.948873	0.051073	5.42353e-05
Muller_E	3240322	0.949735	0.0502128	5.25305e-05
Muller_E	3240918	0.949783	0.0501645	5.24345e-05
Muller_E	3241273	0.949812	0.0501356	5.23773e-05
Muller_E	3247835	0.950346	0.0496029	5.13191e-05
Muller_E	3251442	0.950639	0.0493099	5.07365e-05
Muller_E	3252203	0.950701	0.0492481	5.06136e-05
Muller_E	3254014	0.950849	0.0491009	5.03208e-05
Muller_E	3254518	0.95089	0.04906	5.02393e-05
Muller_E	3255141	0.950941	0.0490094	5.01386e-05
Muller_E	3255365	0.950959	0.0489911	5.01024e-05
Muller_E	3259142	0.951266	0.0486841	4.94913e-05
Muller_E	3259935	0.951331	0.0486197	4.93629e-05
Muller_E	3262497	0.95154	0.0484113	4.89481e-05
Muller_E	3263708	0.951638	0.0483128	4.87519e-05
Muller_E	3264644	0.951715	0.0482367	4.86003e-05
Muller_E	3266132	0.951836	0.0481157	4.83592e-05
Muller_E	3266579	0.951872	0.0480793	4.82867e-05
Muller_E	3266806	0.951891	0.0480608	4.82499e-05
Muller_E	3269029	0.952072	0.04788	4.78896e-05
Muller_E	3271700	0.95229	0.0476626	4.74564e-05
Muller_E	3271881	0.952305	0.0476478	4.74271e-05
Muller_E	3273894	0.952469	0.047484	4.71005e-05
Muller_E	3275081	0.952566	0.0473873	4.69079e-05
Muller_E	3275989	0.95264	0.0473134	4.67606e-05
Muller_E	3278049	0.952808	0.0471457	4.64263e-05
Muller_E	3280894	0.95304	0.0469139	4.59645e-05
Muller_E	3282107	0.953139	0.0468151	4.57675e-05
Muller_E	3282973	0.95321	0.0467445	4.56269e-05
Muller_E	3284532	0.953337	0.0466175	4.53738e-05
Muller_E	3291321	0.953892	0.0460641	4.42713e-05
Muller_E	3291878	0.953937	0.0460186	4.41808e-05
Muller_E	3293351	0.954058	0.0458985	4.39416e-05
Muller_E	3293759	0.954091	0.0458652	4.38753e-05
Muller_E	3304917	0.955003	0.0449546	4.20635e-05
Muller_E	3306663	0.955146	0.0448121	4.17801e-05
Muller_E	3306880	0.955164	0.0447943	4.17448e-05
Muller_E	3310127	0.95543	0.0445291	4.12179e-05
Muller_E	3312301	0.955608	0.0443515	4.08652e-05
Muller_E	3312718	0.981026	0.0189677	5.85911e-06
Muller_E	3318766	0.955824	0.0441351	4.10515e-05
Muller_E	3323588	0.955969	0.0439895	4.12463e-05
Muller_E	3324201	0.955988	0.043971	4.12706e-05
Muller_E	3324656	0.956001	0.0439573	4.12885e-05
Muller_E	3325091	0.956015	0.0439441	4.13056e-05
Muller_E	3326084	0.956045	0.0439141	4.13445e-05
Muller_E	3326190	0.956048	0.0439109	4.13486e-05
Muller_E	3330218	0.956169	0.0437891	4.15031e-05
Muller_E	3334866	0.95631	0.0436484	4.16757e-05
Muller_E	3337545	0.956391	0.0435672	4.17723e-05
Muller_E	3340268	0.956473	0.0434847	4.18684e-05
Muller_E	3340480	0.95648	0.0434783	4.18758e-05
Muller_E	3410593	0.958622	0.0413342	4.36441e-05
Muller_E	3431230	0.95926	0.0406964	4.39177e-05
Muller_E	3437416	0.959451	0.0405046	4.39789e-05
Muller_E	3456916	0.960058	0.0398982	4.41101e-05
Muller_E	3457694	0.960082	0.0398739	4.41134e-05
Muller_E	3459001	0.960123	0.0398332	4.41186e-05
Muller_E	3462300	0.960226	0.0397302	4.41301e-05
Muller_E	3464519	0.960295	0.039661	4.41363e-05
Muller_E	3464673	0.9603	0.0396562	4.41367e-05
Muller_E	3477602	0.960704	0.0392518	4.41495e-05
Muller_E	3525631	0.962217	0.037739	4.38638e-05
Muller_E	3546828	0.96289	0.037066	4.35784e-05
Muller_E	3557059	0.963217	0.03674	4.34073e-05
Muller_E	3566467	0.963517	0.0364395	4.32313e-05
Muller_E	3572057	0.963696	0.0362606	4.31185e-05
Muller_E	3572168	0.9637	0.0362571	4.31162e-05
Muller_E	3579272	0.963928	0.0360294	4.29638e-05
Muller_E	3579502	0.963935	0.0360221	4.29587e-05
Muller_E	3582419	0.964029	0.0359285	4.28931e-05
Muller_E	3590131	0.964277	0.0356807	4.2712e-05
Muller_E	3605233	0.964763	0.0351944	4.2325e-05
Muller_E	3610748	0.964942	0.0350163	4.21732e-05
Muller_E	3611776	0.964975	0.0349831	4.21443e-05
Muller_E	3615071	0.965081	0.0348766	4.20503e-05
Muller_E	3617701	0.965167	0.0347915	4.1974e-05
Muller_E	3617818	0.96517	0.0347877	4.19705e-05
Muller_E	3617948	0.965175	0.0347835	4.19667e-05
Muller_E	3623404	0.965351	0.0346069	4.18041e-05
Muller_E	3630035	0.965567	0.0343919	4.15995e-05
Muller_E	3631532	0.965615	0.0343433	4.15522e-05
Muller_E	3634067	0.965698	0.034261	4.14713e-05
Muller_E	3642157	0.965961	0.033998	4.12058e-05
Muller_E	3643438	0.966003	0.0339563	4.11627e-05
Muller_E	3645674	0.966075	0.0338835	4.10869e-05
Muller_E	3652519	0.966299	0.0336604	4.08496e-05
Muller_E	3655257	0.966388	0.0335711	4.07525e-05
Muller_E	3657953	0.966476	0.0334831	4.06557e-05
Muller_E	3660200	0.96655	0.0334097	4.05741e-05
Muller_E	3665461	0.966722	0.0332377	4.038e-05
Muller_E	3670065	0.966873	0.033087	4.02065e-05
Muller_E	3757777	0.969778	0.0301856	3.63084e-05
Muller_E	3766114	0.970057	0.0299067	3.58848e-05
Muller_E	3770199	0.970194	0.0297699	3.56741e-05
Muller_E	3771242	0.970229	0.029735	3.562e-05
Muller_E	3775369	0.970368	0.0295966	3.54048e-05
Muller_E	3781958	0.97059	0.0293754	3.5057e-05
Muller_E	3788305	0.970803	0.029162	3.47175e-05
Muller_E	3788531	0.970811	0.0291544	3.47053e-05
Muller_E	3788717	0.970817	0.0291482	3.46953e-05
Muller_E	3791492	0.970911	0.0290548	3.45453e-05
Muller_E	3791929	0.970925	0.02904	3.45216e-05
Muller_E	3794089	0.970998	0.0289673	3.44042e-05
Muller_E	3798034	0.971131	0.0288343	3.41884e-05
Muller_E	3805877	0.971397	0.0285696	3.37546e-05
Muller_E	3808116	0.971472	0.028494	3.36296e-05
Muller_E	3837593	0.972474	0.0274945	3.19382e-05
Muller_E	3889492	0.974253	0.0257184	2.87778e-05
Muller_E	3892070	0.974342	0.0256296	2.86155e-05
Muller_E	3892768	0.974366	0.0256055	2.85715e-05
Muller_E	3893846	0.974403	0.0255684	2.85035e-05
Muller_E	3895236	0.974451	0.0255205	2.84157e-05
Muller_E	3896701	0.974502	0.02547	2.8323e-05
Muller_E	3964144	0.976849	0.0231269	2.39262e-05
Muller_E	3964249	0.976853	0.0231232	2.39192e-05
Muller_E	3964701	0.976869	0.0231074	2.38891e-05
Muller_E	3965335	0.976891	0.0230852	2.38467e-05
Muller_E	3965537	0.976898	0.0230781	2.38332e-05
Muller_E	3971184	0.977096	0.0228803	2.34555e-05
Muller_E	4005791	0.978317	0.0216622	2.11201e-05
Muller_E	4007537	0.978378	0.0216005	2.10016e-05
Muller_E	4008073	0.978397	0.0215816	2.09652e-05
Muller_E	4008732	0.978421	0.0215583	2.09204e-05
Muller_E	4009275	0.97844	0.0215391	2.08835e-05
Muller_E	4009794	0.978458	0.0215207	2.08482e-05
Muller_E	4010462	0.978482	0.0214971	2.08028e-05
Muller_E	4011246	0.97851	0.0214694	2.07495e-05
Muller_E	4011350	0.978514	0.0214657	2.07424e-05
Muller_E	4011743	0.978527	0.0214518	2.07157e-05
Muller_E	4012926	0.978569	0.0214099	2.06353e-05
Muller_E	4015010	0.978643	0.0213362	2.04935e-05
Muller_E	4015956	0.978677	0.0213027	2.04291e-05
Muller_E	4016731	0.978704	0.0212752	2.03764e-05
Muller_E	4017133	0.978719	0.021261	2.0349e-05
Muller_E	4017640	0.978737	0.021243	2.03145e-05
Muller_E	4021078	0.978859	0.0211212	2.00804e-05
Muller_E	4021876	0.978887	0.0210929	2.0026e-05
Muller_E	4022513	0.97891	0.0210703	1.99826e-05
Muller_E	4022928	0.978924	0.0210556	1.99543e-05
Muller_E	4024532	0.978981	0.0209987	1.9845e-05
Muller_E	4024639	0.978985	0.0209949	1.98377e-05
Muller_E	4025270	0.979008	0.0209725	1.97947e-05
Muller_E	4027169	0.979075	0.0209051	1.96652e-05
Muller_E	4027437	0.979085	0.0208956	1.96469e-05
Muller_E	4027764	0.979096	0.020884	1.96246e-05
Muller_E	4029270	0.97915	0.0208305	1.95219e-05
Muller_E	4032202	0.979254	0.0207263	1.93219e-05
Muller_E	4032327	0.979259	0.0207219	1.93133e-05
Muller_E	4033521	0.979301	0.0206794	1.92319e-05
Muller_E	4033797	0.979311	0.0206696	1.9213e-05
Muller_E	4036360	0.979402	0.0205785	1.90381e-05
Muller_E	4037138	0.97943	0.0205508	1.8985e-05
Muller_E	4037610	0.979447	0.020534	1.89528e-05
Muller_E	4040496	0.97955	0.0204313	1.87557e-05
Muller_E	4040949	0.979566	0.0204151	1.87248e-05
Muller_E	4045900	0.979743	0.0202387	1.83867e-05
Muller_E	4046078	0.979749	0.0202324	1.83745e-05
Muller_E	4046843	0.979777	0.0202051	1.83223e-05
Muller_E	4047581	0.979803	0.0201788	1.82719e-05
Muller_E	4048275	0.979828	0.020154	1.82245e-05
Muller_E	4048700	0.979843	0.0201389	1.81955e-05
Muller_E	4053592	0.980018	0.0199643	1.78614e-05
Muller_E	4056223	0.980112	0.0198703	1.76817e-05
Muller_E	4056545	0.980124	0.0198588	1.76597e-05
Muller_E	4056951	0.980138	0.0198443	1.7632e-05
Muller_E	4057601	0.980161	0.0198211	1.75876e-05
Muller_E	4057720	0.980166	0.0198168	1.75795e-05
Muller_E	4058043	0.980177	0.0198053	1.75574e-05
Muller_E	4058149	0.980181	0.0198015	1.75502e-05
Muller_E	4058704	0.980201	0.0197816	1.75123e-05
Muller_E	4059417	0.980226	0.0197561	1.74636e-05
Muller_E	4059965	0.980246	0.0197365	1.74262e-05
Muller_E	4061381	0.980297	0.0196859	1.73295e-05
Muller_E	4061745	0.98031	0.0196729	1.73047e-05
Muller_E	4062020	0.98032	0.019663	1.72859e-05
Muller_E	4062507	0.980337	0.0196456	1.72526e-05
Muller_E	4062941	0.980353	0.0196301	1.7223e-05
Muller_E	4064035	0.980392	0.0195909	1.71484e-05
Muller_E	4064680	0.980415	0.0195678	1.71043e-05
Muller_E	4064829	0.98042	0.0195625	1.70942e-05
Muller_E	4065474	0.980444	0.0195394	1.70502e-05
Muller_E	4065574	0.980447	0.0195358	1.70433e-05
Muller_E	4066028	0.980463	0.0195196	1.70124e-05
Muller_E	4067541	0.980518	0.0194654	1.69091e-05
Muller_E	4067967	0.980533	0.0194501	1.68801e-05
Muller_E	4068535	0.980553	0.0194298	1.68413e-05
Muller_E	4069245	0.980579	0.0194043	1.67929e-05
Muller_E	4070105	0.98061	0.0193735	1.67342e-05
Muller_E	4071088	0.980645	0.0193383	1.66672e-05
Muller_E	4071641	0.980665	0.0193184	1.66295e-05
Muller_E	4072126	0.980682	0.0193011	1.65964e-05
Muller_E	4072768	0.980705	0.019278	1.65526e-05
Muller_E	4072973	0.980713	0.0192707	1.65387e-05
Muller_E	4073359	0.980727	0.0192568	1.65123e-05
Muller_E	4075135	0.98079	0.0191931	1.63913e-05
Muller_E	4075254	0.980795	0.0191889	1.63832e-05
Muller_E	4076053	0.980823	0.0191602	1.63287e-05
Muller_E	4077160	0.980863	0.0191204	1.62533e-05
Muller_E	4078165	0.980899	0.0190844	1.61848e-05
Muller_E	4078690	0.980918	0.0190655	1.61491e-05
Muller_E	4078900	0.980926	0.019058	1.61348e-05
Muller_E	4079010	0.98093	0.019054	1.61273e-05
Muller_E	4079297	0.98094	0.0190437	1.61078e-05
Muller_E	4081728	0.981028	0.0189564	1.59422e-05
Muller_E	4082079	0.98104	0.0189438	1.59183e-05
Muller_E	4083988	0.981109	0.0188751	1.57884e-05
Muller_E	4085715	0.981171	0.018813	1.5671e-05
Muller_E	4089306	0.981301	0.0186838	1.54269e-05
Muller_E	4089803	0.981319	0.0186659	1.53931e-05
Muller_E	4092778	0.981426	0.0185588	1.51911e-05
Muller_E	4092894	0.98143	0.0185546	1.51832e-05
Muller_E	4098915	0.981648	0.0183376	1.47748e-05
Muller_E	4109650	0.982036	0.0179499	1.40488e-05
Muller_E	4113217	0.982165	0.0178209	1.38082e-05
Muller_E	4113538	0.982177	0.0178093	1.37865e-05
Muller_E	4114422	0.982209	0.0177773	1.3727e-05
Muller_E	4114803	0.982223	0.0177635	1.37013e-05
Muller_E	4115118	0.982234	0.0177521	1.36801e-05
Muller_E	4116856	0.982297	0.0176891	1.35631e-05
Muller_E	4117074	0.982305	0.0176812	1.35484e-05
Muller_E	4117473	0.98232	0.0176668	1.35216e-05
Muller_E	4118970	0.982374	0.0176126	1.34209e-05
Muller_E	4121851	0.982479	0.0175081	1.32273e-05
Muller_E	4122071	0.982487	0.0175002	1.32125e-05
Muller_E	4122393	0.982498	0.0174885	1.31909e-05
Muller_E	4122818	0.982514	0.0174731	1.31624e-05
Muller_E	4124318	0.982568	0.0174187	1.30617e-05
Muller_E	4124418	0.982572	0.017415	1.3055e-05
Muller_E	4126492	0.982647	0.0173398	1.2916e-05
Muller_E	4127527	0.982685	0.0173022	1.28467e-05
Muller_E	4127720	0.982692	0.0172952	1.28338e-05
Muller_E	4128101	0.982706	0.0172814	1.28083e-05
Muller_E	4128234	0.982711	0.0172766	1.27994e-05
Muller_E	4130334	0.982787	0.0172003	1.26589e-05
Muller_E	4132221	0.982856	0.0171317	1.25328e-05
Muller_E	4134741	0.982947	0.0170401	1.23646e-05
Muller_E	4134982	0.982956	0.0170314	1.23485e-05
Muller_E	4136547	0.983013	0.0169745	1.22441e-05
Muller_E	4140224	0.983147	0.0168407	1.19994e-05
Muller_E	4140902	0.983172	0.016816	1.19543e-05
Muller_E	4141485	0.983193	0.0167948	1.19156e-05
Muller_E	4143836	0.983279	0.0167091	1.17595e-05
Muller_E	4144350	0.983298	0.0166904	1.17254e-05
Muller_E	4144848	0.983316	0.0166722	1.16924e-05
Muller_E	4150850	0.983535	0.0164534	1.12952e-05
Muller_E	4151927	0.983575	0.0164141	1.12241e-05
Muller_E	4154621	0.983673	0.0163157	1.10465e-05
Muller_E	4159745	0.983861	0.0161285	1.07096e-05
Muller_E	4159958	0.983869	0.0161207	1.06956e-05
Muller_E	4160923	0.983904	0.0160854	1.06323e-05
Muller_E	4161787	0.983936	0.0160538	1.05757e-05
Muller_E	4162162	0.983949	0.0160401	1.05511e-05
Muller_E	4163984	0.984016	0.0159735	1.04318e-05
Muller_E	4164218	0.984025	0.0159649	1.04165e-05
Muller_E	4164859	0.984048	0.0159414	1.03746e-05
Muller_E	4165033	0.984055	0.0159351	1.03632e-05
Muller_E	4165157	0.984059	0.0159305	1.03551e-05
Muller_E	4165383	0.984067	0.0159222	1.03403e-05
Muller_E	4165808	0.984083	0.0159067	1.03126e-05
Muller_E	4165958	0.984088	0.0159012	1.03028e-05
Muller_E	4166062	0.984092	0.0158974	1.0296e-05
Muller_E	4166243	0.984099	0.0158908	1.02842e-05
Muller_E	4166628	0.984113	0.0158767	1.0259e-05
Muller_E	4168755	0.984191	0.0157988	1.01203e-05
Muller_E	4172546	0.98433	0.0156598	9.87359e-06
Muller_E	4172827	0.984341	0.0156495	9.85534e-06
Muller_E	4173860	0.984379	0.0156117	9.78827e-06
Muller_E	4176100	0.984461	0.0155295	9.64303e-06
Muller_E	4176326	0.984469	0.0155212	9.62839e-06
Muller_E	4176826	0.984488	0.0155028	9.59602e-06
Muller_E	4177022	0.984495	0.0154956	9.58333e-06
Muller_E	4178339	0.984543	0.0154473	9.49813e-06
Muller_E	4178608	0.984553	0.0154374	9.48074e-06
Muller_E	4179326	0.984579	0.0154111	9.43435e-06
Muller_E	4180712	0.98463	0.0153602	9.34488e-06
Muller_E	4180966	0.98464	0.0153508	9.32849e-06
Muller_E	4184926	0.984786	0.0152053	9.07353e-06
Muller_E	4185178	0.984795	0.0151961	9.05734e-06
Muller_E	4185319	0.9848	0.0151909	9.04828e-06
Muller_E	4185532	0.984808	0.015183	9.0346e-06
Muller_E	4187632	0.984885	0.0151058	8.89984e-06
Muller_E	4188227	0.984907	0.0150839	8.86171e-06
Muller_E	4188670	0.984924	0.0150676	8.83334e-06
Muller_E	4192621	0.985069	0.0149222	8.58079e-06
Muller_E	4193546	0.985103	0.0148881	8.52181e-06
Muller_E	4194407	0.985135	0.0148564	8.46696e-06
Muller_E	4195783	0.985186	0.0148057	8.37939e-06
Muller_E	4196010	0.985194	0.0147973	8.36496e-06
Muller_E	4197440	0.985247	0.0147446	8.2741e-06
Muller_E	4198223	0.985276	0.0147158	8.22441e-06
Muller_E	4199021	0.985305	0.0146863	8.17381e-06
Muller_E	4199203	0.985312	0.0146796	8.16228e-06
Muller_E	4199424	0.98532	0.0146715	8.14828e-06
Muller_E	4199639	0.985328	0.0146635	8.13466e-06
Muller_E	4199983	0.985341	0.0146509	8.11287e-06
Muller_E	4203293	0.985463	0.0145287	7.90365e-06
Muller_E	4205814	0.985557	0.0144356	7.7448e-06
Muller_E	4206134	0.985568	0.0144238	7.72467e-06
Muller_E	4207588	0.985622	0.0143701	7.63329e-06
Muller_E	4210680	0.985737	0.0142558	7.43944e-06
Muller_E	4210928	0.985746	0.0142466	7.42392e-06
Muller_E	4211312	0.98576	0.0142325	7.3999e-06
Muller_E	4211755	0.985777	0.0142161	7.37221e-06
Muller_E	4213444	0.985839	0.0141536	7.26674e-06
Muller_E	4216650	0.985958	0.0140349	7.06711e-06
Muller_E	4217058	0.985973	0.0140198	7.04176e-06
Muller_E	4217453	0.985988	0.0140052	7.01722e-06
Muller_E	4217565	0.985992	0.0140011	7.01027e-06
Muller_E	4217669	0.985996	0.0139972	7.00381e-06
Muller_E	4217825	0.986002	0.0139914	6.99413e-06
Muller_E	4218923	0.986042	0.0139508	6.92603e-06
Muller_E	4225215	0.986276	0.0137176	6.53755e-06
Muller_E	4232774	0.986557	0.013437	6.07492e-06
Muller_E	4235298	0.986651	0.0133432	5.92146e-06
Muller_E	4245993	0.98705	0.0129451	5.27714e-06
Muller_E	4252835	0.987305	0.01269	4.87012e-06
Muller_E	4253725	0.987338	0.0126568	4.81749e-06
Muller_E	4256197	0.987431	0.0125645	4.67166e-06
Muller_E	4261234	0.987619	0.0123763	4.37628e-06
Muller_E	4262892	0.987681	0.0123143	4.27956e-06
Muller_E	4263238	0.987694	0.0123014	4.25941e-06
Muller_E	4263588	0.987707	0.0122883	4.23904e-06
Muller_E	4264621	0.987746	0.0122496	4.17899e-06
Muller_E	4266950	0.987833	0.0121625	4.04396e-06
Muller_E	4267529	0.987855	0.0121408	4.01047e-06
Muller_E	4276223	0.988181	0.011815	3.5116e-06
Muller_E	4311688	0.989519	0.0104796	1.55868e-06
Muller_E	4311965	0.989529	0.0104692	1.54398e-06
Muller_E	4312254	0.994429	0.00557051	9.22491e-08
Muller_E	4312510	0.989545	0.0104535	1.52977e-06
Muller_E	4334492	0.989956	0.0100425	1.60941e-06
Muller_E	4352032	0.990287	0.00971176	1.65015e-06
Muller_E	4353438	0.990313	0.00968514	1.65258e-06
Muller_E	4356857	0.990378	0.00962036	1.65799e-06
Muller_E	4360054	0.990439	0.0095597	1.66241e-06
Muller_E	4374783	0.990719	0.00927919	1.67501e-06
Muller_E	4374946	0.990722	0.00927608	1.67508e-06
Muller_E	4381350	0.990845	0.00915357	1.67665e-06
Muller_E	4558836	0.99437	0.0056286	1.0487e-06
Muller_E	4562012	0.994436	0.00556323	1.02997e-06
Muller_E	4564083	0.994478	0.00552056	1.0177e-06
Muller_E	4564194	0.994481	0.00551827	1.01704e-06
Muller_E	4568491	0.994569	0.00542962	9.91426e-07
Muller_E	4569115	0.994582	0.00541674	9.87691e-07
Muller_E	4569749	0.994595	0.00540364	9.83893e-07
Muller_E	4570340	0.994608	0.00539143	9.8035e-07
Muller_E	4571890	0.99464	0.0053594	9.71041e-07
Muller_E	4572624	0.994655	0.00534422	9.66626e-07
Muller_E	4573491	0.994673	0.00532629	9.61404e-07
Muller_E	4573809	0.994679	0.00531971	9.59488e-07
Muller_E	4577361	0.994753	0.00524617	9.38026e-07
Muller_E	4577462	0.994755	0.00524407	9.37414e-07
Muller_E	4578308	0.994773	0.00522654	9.32288e-07
Muller_E	4580664	0.994821	0.00517769	9.17986e-07
Muller_E	4580954	0.994827	0.00517167	9.16224e-07
Muller_E	4581769	0.994844	0.00515476	9.11266e-07
Muller_E	4581909	0.994847	0.00515186	9.10414e-07
Muller_E	4583019	0.99487	0.00512881	9.03656e-07
Muller_E	4583393	0.994878	0.00512105	9.01377e-07
Muller_E	4583516	0.994881	0.00511849	9.00627e-07
Muller_E	4584473	0.9949	0.00509861	8.94791e-07
Muller_E	4589180	0.994998	0.00500073	8.66021e-07
Muller_E	4590247	0.995021	0.00497852	8.59485e-07
Muller_E	4591539	0.995048	0.00495161	8.51565e-07
Muller_E	4593253	0.995083	0.00491589	8.41049e-07
Muller_E	4593508	0.995089	0.00491058	8.39484e-07
Muller_E	4593974	0.995098	0.00490086	8.36623e-07
Muller_E	4595111	0.995122	0.00487714	8.29639e-07
Muller_E	4595303	0.995126	0.00487314	8.28459e-07
Muller_E	4597548	0.995173	0.00482628	8.14659e-07
Muller_E	4597833	0.995179	0.00482033	8.12906e-07
Muller_E	4600306	0.995231	0.00476866	7.97691e-07
Muller_E	4607273	0.995376	0.00462283	7.54793e-07
Muller_E	4607398	0.995379	0.00462021	7.54023e-07
Muller_E	4610441	0.995443	0.00455639	7.35287e-07
Muller_E	4611041	0.995455	0.0045438	7.31594e-07
Muller_E	4611562	0.995466	0.00453286	7.28387e-07
Muller_E	4611697	0.995469	0.00453003	7.27556e-07
Muller_E	4612447	0.995485	0.00451428	7.22941e-07
Muller_E	4612733	0.995491	0.00450827	7.21182e-07
Muller_E	4612927	0.995495	0.0045042	7.19988e-07
Muller_E	4613148	0.9955	0.00449956	7.18629e-07
Muller_E	4614502	0.995528	0.00447111	7.10301e-07
Muller_E	4615888	0.995557	0.00444197	7.01781e-07
Muller_E	4616173	0.995563	0.00443597	7.0003e-07
Muller_E	4616508	0.99557	0.00442893	6.97971e-07
Muller_E	4616663	0.995574	0.00442567	6.97019e-07
Muller_E	4618190	0.995606	0.00439354	6.87641e-07
Muller_E	4619781	0.995639	0.00436004	6.77878e-07
Muller_E	4622166	0.99569	0.00430979	6.6326e-07
Muller_E	4626314	0.995777	0.00422228	6.37895e-07
Muller_E	4626864	0.995789	0.00421067	6.34538e-07
Muller_E	4627368	0.995799	0.00420002	6.31463e-07
Muller_E	4627488	0.995802	0.00419749	6.30731e-07
Muller_E	4633961	0.995939	0.00406059	5.91382e-07
Muller_E	4635834	0.995979	0.00402092	5.80049e-07
Muller_E	4636452	0.995992	0.00400782	5.76316e-07
Muller_E	4637295	0.996009	0.00398995	5.71228e-07
Muller_E	4640891	0.996086	0.00391366	5.4959e-07
Muller_E	4645727	0.996189	0.00381089	5.20677e-07
Muller_E	4646376	0.996202	0.00379709	5.16814e-07
Muller_E	4646798	0.996211	0.00378811	5.14305e-07
Muller_E	4653320	0.99635	0.00364916	4.75774e-07
Muller_E	4656520	0.996419	0.00358085	4.57054e-07
Muller_E	4672665	0.996765	0.00323499	3.64814e-07
Muller_E	4674140	0.996796	0.00320328	3.56594e-07
Muller_E	4675745	0.996831	0.00316876	3.47693e-07
Muller_E	4676485	0.996847	0.00315284	3.43605e-07
Muller_E	4677110	0.99686	0.00313939	3.4016e-07
Muller_E	4677655	0.996872	0.00312766	3.37161e-07
Muller_E	4678986	0.996901	0.003099	3.29862e-07
Muller_E	4680223	0.996927	0.00307235	3.23109e-07
Muller_E	4682403	0.996974	0.00302535	3.11278e-07
Muller_E	4682621	0.996979	0.00302065	3.101e-07
Muller_E	4684270	0.997015	0.00298507	3.01221e-07
Muller_E	4685491	0.997041	0.00295871	2.94681e-07
Muller_E	4686019	0.997052	0.00294731	2.91863e-07
Muller_E	4687101	0.997076	0.00292394	2.86106e-07
Muller_E	4689628	0.99713	0.00286932	2.72756e-07
Muller_E	4690052	0.99714	0.00286015	2.70529e-07
Muller_E	4690344	0.997146	0.00285383	2.68998e-07
Muller_E	4690905	0.997158	0.00284169	2.66062e-07
Muller_E	4691125	0.997163	0.00283693	2.64912e-07
Muller_E	4691712	0.997176	0.00282423	2.6185e-07
Muller_E	4691999	0.997182	0.00281802	2.60356e-07
Muller_E	4692111	0.997184	0.00281559	2.59773e-07
Muller_E	4693234	0.997208	0.00279128	2.53946e-07
Muller_E	4693620	0.997217	0.00278292	2.5195e-07
Muller_E	4693753	0.99722	0.00278004	2.51263e-07
Muller_E	4694021	0.997226	0.00277424	2.4988e-07
Muller_E	4694592	0.997238	0.00276187	2.46938e-07
Muller_E	4696429	0.997278	0.00272205	2.37526e-07
Muller_E	4696792	0.997286	0.00271418	2.35675e-07
Muller_E	4699402	0.997342	0.00265756	2.22461e-07
Muller_E	4700957	0.997376	0.0026238	2.14666e-07
Muller_E	4702606	0.997412	0.00258797	2.06466e-07
Muller_E	4708142	0.997532	0.00246755	1.7944e-07
Muller_E	4712097	0.997618	0.00238136	1.60628e-07
Muller_E	4713898	0.997658	0.00234207	1.52204e-07
Muller_E	4714194	0.997664	0.00233561	1.50828e-07
Muller_E	4717094	0.997728	0.00227228	1.37479e-07
Muller_E	4717794	0.997743	0.00225698	1.34293e-07
Muller_E	4720564	0.997803	0.00219642	1.21827e-07
Muller_E	4722390	0.997843	0.00215645	1.13734e-07
Muller_E	4727534	0.997956	0.00204373	9.14834e-08
Muller_E	4730688	0.998025	0.00197451	7.82532e-08
Muller_E	4731377	0.998041	0.00195938	7.54058e-08
Muller_E	4732944	0.998075	0.00192495	6.8988e-08
Muller_E	4738342	0.998194	0.0018062	4.75089e-08
Muller_E	4739398	0.998217	0.00178294	4.34235e-08
Muller_E	4742492	0.998285	0.00171473	3.16786e-08
Muller_E	4745718	0.998356	0.00164354	1.97964e-08
Muller_E	4746457	0.999128	0.000871992	1.2161e-09
Muller_E	4748015	0.998391	0.00160939	1.67328e-08
Muller_E	4748352	0.998394	0.00160553	1.66444e-08
Muller_E	4748630	0.998398	0.00160234	1.65707e-08
Muller_E	4751071	0.998426	0.00157436	1.58929e-08
Muller_E	4751685	0.998433	0.00156731	1.5714e-08
Muller_E	4751817	0.998434	0.0015658	1.56751e-08
Muller_E	4752607	0.998443	0.00155672	1.54391e-08
Muller_E	4752773	0.998445	0.00155482	1.53888e-08
Muller_E	4753826	0.998457	0.00154271	1.50643e-08
Muller_E	4754671	0.998467	0.001533	1.4797e-08
Muller_E	4756619	0.998489	0.00151057	1.41581e-08
Muller_E	4759191	0.998519	0.00148091	1.32674e-08
Muller_E	4761262	0.998543	0.001457	1.25127e-08
Muller_E	4761866	0.99855	0.00145001	1.22865e-08
Muller_E	4761985	0.998551	0.00144864	1.22416e-08
Muller_E	4763545	0.998569	0.00143059	1.16435e-08
Muller_E	4764509	0.998581	0.00141943	1.12652e-08
Muller_E	4765595	0.998593	0.00140684	1.08312e-08
Muller_E	4766291	0.998601	0.00139877	1.05487e-08
Muller_E	4766501	0.998604	0.00139634	1.04629e-08
Muller_E	4767354	0.998614	0.00138644	1.01111e-08
Muller_E	4769627	0.99864	0.00136004	9.15024e-09
Muller_E	4769950	0.998644	0.00135628	9.01102e-09
Muller_E	4772288	0.998671	0.00132907	7.98408e-09
Muller_E	4773763	0.998688	0.00131189	7.31941e-09
Muller_E	4773963	0.99869	0.00130955	7.22831e-09
Muller_E	4774375	0.998695	0.00130475	7.03994e-09
Muller_E	4774957	0.998702	0.00129796	6.77221e-09
Muller_E	4775479	0.998708	0.00129187	6.53048e-09
Muller_E	4776619	0.998721	0.00127856	5.99739e-09
Muller_E	4779373	0.998754	0.00124636	4.68145e-09
Muller_E	4781913	0.998783	0.0012166	3.43454e-09
Muller_E	4782620	0.998792	0.00120831	3.08212e-09
Muller_E	4783326	0.9988	0.00120003	2.72798e-09
Muller_E	4786044	0.998832	0.0011681	1.34468e-09
Muller_E	4786690	0.999382	0.0006178	6.49015e-11
Muller_E	4789453	0.999393	0.000606567	5.98707e-11
Muller_E	4790377	0.998857	0.00114269	1.51111e-09
Muller_E	4792360	0.998861	0.00113854	2.56342e-09
