chrom	position	2,0	1,1	0,2
Muller_E	62882	0.141823	0.730914	0.127263
Muller_E	267432	0.129593	0.755509	0.114898
Muller_E	441230	0.119069	0.776677	0.104254
Muller_E	511157	0.114798	0.785269	0.099933
Muller_E	557879	0.111931	0.791035	0.0970334
Muller_E	581000	0.110509	0.793896	0.0955947
Muller_E	709108	0.102583	0.809842	0.0875755
Muller_E	768129	0.0989041	0.817243	0.0838532
Muller_E	785241	0.0978342	0.819395	0.0827706
Muller_E	787322	0.0977039	0.819657	0.0826389
Muller_E	787424	0.0976976	0.81967	0.0826324
Muller_E	788173	0.0976507	0.819764	0.082585
Muller_E	788750	0.0976146	0.819837	0.0825484
Muller_E	788860	0.0976077	0.819851	0.0825415
Muller_E	791823	0.0974222	0.820224	0.0823538
Muller_E	802257	0.0967688	0.821539	0.0816926
Muller_E	893794	0.0910117	0.833121	0.0758669
Muller_E	894300	0.0909798	0.833186	0.0758346
Muller_E	896281	0.0908547	0.833437	0.075708
Muller_E	897287	0.0907912	0.833565	0.0756437
Muller_E	897987	0.0907469	0.833654	0.075599
Muller_E	901015	0.0905557	0.834039	0.0754055
Muller_E	901718	0.0905113	0.834128	0.0753605
Muller_E	923408	0.0891397	0.836888	0.0739725
Muller_E	923675	0.0891228	0.836922	0.0739554
Muller_E	924320	0.089082	0.837004	0.0739141
Muller_E	927795	0.088862	0.837447	0.0736915
Muller_E	948021	0.0875802	0.840025	0.0723943
Muller_E	948230	0.087567	0.840052	0.0723809
Muller_E	958531	0.0869133	0.841367	0.0717194
Muller_E	967701	0.0863309	0.842539	0.07113
Muller_E	969142	0.0862394	0.842723	0.0710374
Muller_E	1033237	0.0821553	0.850941	0.066904
Muller_E	1120573	0.076553	0.862213	0.0612338
Muller_E	1123171	0.0763857	0.86255	0.0610645
Muller_E	1146845	0.0748591	0.865622	0.0595193
Muller_E	1148492	0.0747528	0.865835	0.0594117
Muller_E	1168315	0.0734719	0.868413	0.0581152
Muller_E	1213395	0.0705502	0.874292	0.0551578
Muller_E	1262309	0.0673663	0.880699	0.0519349
Muller_E	1275111	0.0665305	0.882381	0.0510889
Muller_E	1275707	0.0664916	0.882459	0.0510495
Muller_E	1314313	0.0639651	0.887543	0.048492
Muller_E	1318297	0.0637039	0.888069	0.0482275
Muller_E	1358440	0.061066	0.893377	0.0455571
Muller_E	1358616	0.0610544	0.8934	0.0455454
Muller_E	1378824	0.0597227	0.89608	0.0441972
Muller_E	1480336	0.0529931	0.909623	0.0373842
Muller_E	1489232	0.0524002	0.910816	0.0367839
Muller_E	1645912	0.0418703	0.932007	0.0261225
Muller_E	1673398	0.0400057	0.93576	0.0242346
Muller_E	1718642	0.036925	0.94196	0.0211151
Muller_E	1746815	0.0349993	0.945835	0.0191652
Muller_E	1763447	0.0338599	0.948129	0.0180114
Muller_E	1765039	0.0337507	0.948348	0.0179009
Muller_E	1765159	0.0337424	0.948365	0.0178925
Muller_E	1765369	0.033728	0.948394	0.0178779
Muller_E	1771226	0.0333262	0.949203	0.017471
Muller_E	1799036	0.0314149	0.953049	0.0155356
Muller_E	1802542	0.0311735	0.953535	0.0152912
Muller_E	1802678	0.0311642	0.953554	0.0152817
Muller_E	1803039	0.0311393	0.953604	0.0152566
Muller_E	1803347	0.0311181	0.953647	0.0152351
Muller_E	1805518	0.0550548	0.941972	0.00297346
Muller_E	1812938	0.0300327	0.954958	0.0150096
Muller_E	1813040	0.0300198	0.954972	0.0150086
Muller_E	1815234	0.029743	0.95527	0.0149867
Muller_E	1815907	0.0296581	0.955362	0.0149799
Muller_E	1816383	0.029598	0.955427	0.0149751
Muller_E	1831501	0.0276895	0.957488	0.0148227
Muller_E	1850978	0.0252284	0.960148	0.0146239
Muller_E	1851905	0.0251112	0.960274	0.0146144
Muller_E	1852166	0.0250782	0.96031	0.0146117
Muller_E	1857635	0.0243866	0.961058	0.0145554
Muller_E	1861157	0.0239411	0.96154	0.014519
Muller_E	1861336	0.0239185	0.961564	0.0145171
Muller_E	1861880	0.0423755	0.954598	0.00302678
Muller_E	1866595	0.0227777	0.962636	0.0145859
Muller_E	1870209	0.0219561	0.963401	0.014643
Muller_E	1871973	0.00398033	0.932789	0.0632308
Muller_E	1880064	0.0212189	0.964186	0.014595
Muller_E	1889333	0.0208333	0.964659	0.0145076
Muller_E	1891195	0.0207557	0.964754	0.01449
Muller_E	1894320	0.0206255	0.964914	0.0144604
Muller_E	1900363	0.0203735	0.965224	0.0144028
Muller_E	1904375	0.020206	0.965429	0.0143645
Muller_E	1915469	0.0197424	0.966	0.0142578
Muller_E	1927060	0.0192569	0.966598	0.0141454
Muller_E	1932459	0.0190305	0.966877	0.0140926
Muller_E	1944351	0.0185309	0.967493	0.0139757
Muller_E	1946702	0.0184321	0.967615	0.0139525
Muller_E	1961660	0.0178019	0.968394	0.0138037
Muller_E	1975567	0.0172146	0.969122	0.0136638
Muller_E	2011856	0.0156751	0.971033	0.013292
Muller_E	2013122	0.0156212	0.9711	0.0132789
Muller_E	2044597	0.0142776	0.972774	0.012948
Muller_E	2048236	0.0141218	0.972969	0.0129092
Muller_E	2048434	0.0141133	0.97298	0.0129071
Muller_E	2086567	0.0124743	0.975031	0.0124951
Muller_E	2103366	0.0117488	0.975941	0.01231
Muller_E	2117584	0.011133	0.976715	0.0121517
Muller_E	2126123	0.00221382	0.976179	0.0216072
Muller_E	2135792	0.0107188	0.97746	0.0118211
Muller_E	2140907	0.0106954	0.977608	0.0116966
Muller_E	2141169	0.0106942	0.977616	0.0116902
Muller_E	2142715	0.010687	0.97766	0.0116525
Muller_E	2145389	0.0106747	0.977738	0.0115873
Muller_E	2146953	0.0106674	0.977783	0.0115492
Muller_E	2147057	0.010667	0.977786	0.0115466
Muller_E	2201852	0.0104011	0.979401	0.0101976
Muller_E	2204792	0.0103861	0.979489	0.0101245
Muller_E	2219543	0.0103103	0.979933	0.00975709
Muller_E	2220290	0.0103064	0.979955	0.00973844
Muller_E	2241628	0.0101935	0.980603	0.0092038
Muller_E	2243471	0.0101836	0.980659	0.00915745
Muller_E	2531559	0.0148203	0.984853	0.00032689
Muller_E	2693610	0.00536685	0.993897	0.000736083
Muller_E	2696554	0.00531145	0.99397	0.000718666
Muller_E	2706179	0.00512985	0.994209	0.000661238
Muller_E	2713009	0.00500054	0.994379	0.000620036
Muller_E	2716202	0.00493996	0.994459	0.000600645
Muller_E	2721440	0.0048404	0.994591	0.000568658
Muller_E	2735475	0.00457256	0.994946	0.000481863
Muller_E	2763120	0.00404037	0.995653	0.000306267
Muller_E	2777976	0.00375185	0.996039	0.000209363
Muller_E	2779619	0.00371983	0.996082	0.000198536
Muller_E	2787347	0.00356894	0.996284	0.000147322
Muller_E	2788916	0.00353825	0.996325	0.000136865
Muller_E	2795398	0.00341123	0.996495	9.34552e-05
Muller_E	2798296	0.00335434	0.996572	7.39376e-05
Muller_E	2799305	0.00333451	0.996598	6.71262e-05
Muller_E	2800245	0.00331604	0.996623	6.07732e-05
Muller_E	2800507	0.00331088	0.99663	5.90013e-05
Muller_E	2800780	0.00620109	0.993792	6.76177e-06
Muller_E	2800932	0.00621551	0.993778	6.31394e-06
Muller_E	2801158	0.00328348	0.996659	5.76357e-05
Muller_E	2805736	0.00295361	0.996977	6.8906e-05
Muller_E	2807233	0.0028457	0.997082	7.25556e-05
Muller_E	2807795	0.00280519	0.997121	7.39211e-05
Muller_E	2808363	0.00276424	0.99716	7.52987e-05
Muller_E	2809031	0.00271608	0.997207	7.69155e-05
Muller_E	2809272	0.00269871	0.997224	7.7498e-05
Muller_E	2809909	0.00265278	0.997268	7.90353e-05
Muller_E	2811470	0.00254021	0.997377	8.27891e-05
Muller_E	2811776	0.00251814	0.997398	8.35227e-05
Muller_E	2812117	0.00249355	0.997422	8.43393e-05
Muller_E	2815676	0.00223681	0.99767	9.28076e-05
Muller_E	2816259	0.00219474	0.997711	9.41852e-05
Muller_E	2817070	0.00213622	0.997768	9.60972e-05
Muller_E	2817616	0.00209682	0.997806	9.73815e-05
Muller_E	2819402	0.00196791	0.997931	0.000101566
Muller_E	2820166	0.00191277	0.997984	0.000103348
Muller_E	2820386	0.00189688	0.997999	0.000103861
Muller_E	2820775	0.0018688	0.998026	0.000104766
Muller_E	2821135	0.000334429	0.999473	0.000192341
Muller_E	2821440	0.00183899	0.998055	0.000105925
Muller_E	2826939	0.00176993	0.998118	0.000111616
Muller_E	2831172	0.00171661	0.998168	0.000115831
Muller_E	2831515	0.00171228	0.998172	0.000116166
Muller_E	2832336	0.00170192	0.998181	0.000116965
Muller_E	2833070	0.00169265	0.99819	0.000117674
Muller_E	2850717	0.000230391	0.999523	0.000246206
Muller_E	2853215	0.00147049	0.998396	0.000133106
Muller_E	2856496	0.00147298	0.998394	0.000132618
Muller_E	2856945	0.00147332	0.998394	0.000132545
Muller_E	2857481	0.00147372	0.998394	0.000132455
Muller_E	2858163	0.00147422	0.998393	0.000132337
Muller_E	2859754	0.00147537	0.998393	0.000132048
Muller_E	2859987	0.00147554	0.998392	0.000132004
Muller_E	2862604	0.0014774	0.998391	0.000131479
Muller_E	2866488	0.00148005	0.998389	0.000130598
Muller_E	2867267	0.00148056	0.998389	0.000130407
Muller_E	2868557	0.00148141	0.998389	0.000130079
Muller_E	2870085	0.00148239	0.998388	0.000129674
Muller_E	2870623	0.00148273	0.998388	0.000129526
Muller_E	2876155	0.00148611	0.998386	0.000127876
Muller_E	2877151	0.0014867	0.998386	0.000127553
Muller_E	2886067	0.00149155	0.998384	0.000124301
Muller_E	2886534	0.00149179	0.998384	0.000124113
Muller_E	2887599	0.00149232	0.998384	0.000123678
Muller_E	2887882	0.00149246	0.998384	0.00012356
Muller_E	2888492	0.00149276	0.998384	0.000123305
Muller_E	2888607	0.00149282	0.998384	0.000123257
Muller_E	2890000	0.00149349	0.998384	0.000122662
Muller_E	2890387	0.00149367	0.998384	0.000122494
Muller_E	2890907	0.00149392	0.998384	0.000122267
Muller_E	2894764	0.00149567	0.998384	0.00012051
Muller_E	2899098	0.00149749	0.998384	0.000118393
Muller_E	2901481	0.00149843	0.998384	0.000117164
Muller_E	2901643	0.0014985	0.998384	0.000117079
Muller_E	2902627	0.00149887	0.998385	0.000116557
Muller_E	2903432	0.00149917	0.998385	0.000116124
Muller_E	2904998	0.00149973	0.998385	0.000115266
Muller_E	2905994	0.00023433	0.999554	0.000211771
Muller_E	2907134	0.00151898	0.998368	0.000112848
Muller_E	2908511	0.00154179	0.998348	0.000110585
Muller_E	2909452	0.00155737	0.998334	0.000109029
Muller_E	2910160	0.00156908	0.998323	0.000107854
Muller_E	2911022	0.00158334	0.99831	0.000106418
Muller_E	2911252	0.00293579	0.997049	1.56665e-05
Muller_E	2911992	0.00159338	0.9983	0.000106954
Muller_E	2914672	0.00161594	0.998274	0.000110249
Muller_E	2915489	0.0016228	0.998266	0.000111242
Muller_E	2918585	0.00164876	0.998236	0.000114956
Muller_E	2919015	0.000265259	0.999378	0.000356303
Muller_E	2919728	0.00169274	0.998192	0.000115124
Muller_E	2919971	0.00170651	0.998178	0.000115007
Muller_E	2921506	0.00179344	0.998092	0.000114254
Muller_E	2922564	0.00185335	0.998033	0.000113724
Muller_E	2922707	0.00186145	0.998025	0.000113652
Muller_E	2924226	0.00194744	0.99794	0.000112873
Muller_E	2925108	0.00199736	0.99789	0.000112413
Muller_E	2925552	0.00202249	0.997865	0.000112179
Muller_E	2928855	0.00220939	0.99768	0.000110388
Muller_E	2930674	0.00231227	0.997578	0.000109364
Muller_E	2931258	0.0023453	0.997546	0.00010903
Muller_E	2931592	0.00236419	0.997527	0.000108837
Muller_E	2931798	0.00237583	0.997515	0.000108718
Muller_E	2932326	0.00240569	0.997486	0.000108411
Muller_E	2945623	0.00315682	0.996743	9.99456e-05
Muller_E	2945753	0.00316415	0.996736	9.98558e-05
Muller_E	2945878	0.00317121	0.996729	9.97694e-05
Muller_E	2946001	0.00317815	0.996722	9.96842e-05
Muller_E	2955783	0.00372979	0.996178	9.25224e-05
Muller_E	2957997	0.00385454	0.996055	9.07951e-05
Muller_E	2959282	0.00392692	0.995983	8.97746e-05
Muller_E	2959697	0.0039503	0.99596	8.94422e-05
Muller_E	2959819	0.00395717	0.995953	8.93442e-05
Muller_E	2960759	0.00401011	0.995901	8.85853e-05
Muller_E	2961667	0.00406124	0.995851	8.78455e-05
Muller_E	2961801	0.00406878	0.995843	8.77358e-05
Muller_E	2963254	0.00415059	0.995763	8.65366e-05
Muller_E	2963568	0.00416826	0.995745	8.62753e-05
Muller_E	2975263	0.00482605	0.995098	7.59796e-05
Muller_E	2976725	0.00490821	0.995017	7.46156e-05
Muller_E	2977784	0.00496771	0.994959	7.3617e-05
Muller_E	2982473	0.00523104	0.9947	6.90876e-05
Muller_E	2984283	0.00533265	0.9946	6.72922e-05
Muller_E	2985483	0.00539999	0.994534	6.60875e-05
Muller_E	2985658	0.00540981	0.994524	6.59108e-05
Muller_E	2985908	0.00542384	0.99451	6.56581e-05
Muller_E	2987685	0.00552355	0.994413	6.38469e-05
Muller_E	2992894	0.00581566	0.994126	5.83926e-05
Muller_E	2993313	0.00583915	0.994103	5.79445e-05
Muller_E	2993798	0.00586634	0.994076	5.7424e-05
Muller_E	2994137	0.00588534	0.994058	5.70591e-05
Muller_E	2994487	0.00590496	0.994038	5.66813e-05
Muller_E	2994615	0.00591213	0.994031	5.6543e-05
Muller_E	2995123	0.0059406	0.994003	5.59925e-05
Muller_E	2995701	0.00597299	0.993972	5.53636e-05
Muller_E	2996048	0.00599244	0.993953	5.49848e-05
Muller_E	2996738	0.0060311	0.993915	5.42287e-05
Muller_E	2996880	0.0113477	0.988646	5.96729e-06
Muller_E	2997113	0.00604583	0.9939	5.43992e-05
Muller_E	2999116	0.00610404	0.993839	5.71884e-05
Muller_E	2999459	0.00611401	0.993828	5.76628e-05
Muller_E	3001420	0.00617096	0.993769	6.03569e-05
Muller_E	3001578	0.00617555	0.993764	6.05726e-05
Muller_E	3001696	0.00617898	0.99376	6.07335e-05
Muller_E	3002579	0.00620461	0.993733	6.19346e-05
Muller_E	3003095	0.00621959	0.993718	6.26335e-05
Muller_E	3003540	0.00623251	0.993704	6.32346e-05
Muller_E	3004120	0.00624934	0.993687	6.40156e-05
Muller_E	3005221	0.00628128	0.993653	6.54907e-05
Muller_E	3007967	0.0063609	0.99357	6.91273e-05
Muller_E	3012773	0.00650011	0.993425	7.53461e-05
Muller_E	3013331	0.00651626	0.993408	7.60561e-05
Muller_E	3013618	0.00652457	0.993399	7.64203e-05
Muller_E	3014080	0.00653794	0.993385	7.70052e-05
Muller_E	3014783	0.00655828	0.993364	7.7892e-05
Muller_E	3016296	0.00660204	0.993318	7.97869e-05
Muller_E	3017214	0.00662858	0.99329	8.09276e-05
Muller_E	3018320	0.00666055	0.993257	8.2293e-05
Muller_E	3018982	0.00667969	0.993237	8.31056e-05
Muller_E	3019303	0.00668896	0.993228	8.34983e-05
Muller_E	3019831	0.00670422	0.993212	8.41425e-05
Muller_E	3021834	0.00676207	0.993151	8.65659e-05
Muller_E	3021944	0.00676524	0.993148	8.66981e-05
Muller_E	3023127	0.0067994	0.993112	8.81132e-05
Muller_E	3024474	0.00683827	0.993072	8.97108e-05
Muller_E	3024813	0.00684805	0.993062	9.01106e-05
Muller_E	3029421	0.00698091	0.992924	9.54531e-05
Muller_E	3029834	0.00699281	0.992911	9.59236e-05
Muller_E	3030101	0.0070005	0.992903	9.62271e-05
Muller_E	3033200	0.00708974	0.992811	9.97072e-05
Muller_E	3033901	0.00710991	0.99279	0.000100484
Muller_E	3034073	0.00711486	0.992784	0.000100674
Muller_E	3036032	0.00717122	0.992726	0.00010282
Muller_E	3038305	0.00723657	0.992658	0.000105272
Muller_E	3041816	0.00733744	0.992554	0.000108978
Muller_E	3044683	0.00741973	0.992468	0.00011193
Muller_E	3046757	0.00747922	0.992407	0.000114025
Muller_E	3046887	0.00748295	0.992403	0.000114155
Muller_E	3047900	0.007512	0.992373	0.000115165
Muller_E	3048135	0.00751873	0.992366	0.000115398
Muller_E	3050664	0.0075912	0.992291	0.000117878
Muller_E	3051698	0.00762081	0.99226	0.000118877
Muller_E	3051968	0.00762854	0.992252	0.000119136
Muller_E	3052635	0.00764764	0.992233	0.000119775
Muller_E	3053197	0.00766373	0.992216	0.00012031
Muller_E	3056428	0.00775617	0.99212	0.000123338
Muller_E	3056712	0.00776429	0.992112	0.0001236
Muller_E	3058398	0.0078125	0.992062	0.000125143
Muller_E	3059687	0.00784933	0.992024	0.000126307
Muller_E	3061511	0.00790144	0.991971	0.000127932
Muller_E	3062406	0.00792699	0.991944	0.000128719
Muller_E	3062537	0.00793073	0.99194	0.000128834
Muller_E	3100018	0.00899523	0.990849	0.000156005
Muller_E	3100718	0.00901501	0.990829	0.000156406
Muller_E	3112367	0.00934351	0.990494	0.000162494
Muller_E	3112987	0.00936097	0.990476	0.000162787
Muller_E	3113420	0.00937315	0.990464	0.000162991
Muller_E	3116107	0.00944875	0.990387	0.000164218
Muller_E	3119432	0.00954222	0.990292	0.000165657
Muller_E	3119714	0.00955015	0.990284	0.000165775
Muller_E	3120862	0.0095824	0.990251	0.000166249
Muller_E	3122265	0.00962179	0.990211	0.000166813
Muller_E	3123364	0.00965265	0.99018	0.000167245
Muller_E	3124138	0.00967437	0.990158	0.000167543
Muller_E	3127464	0.00976765	0.990064	0.000168768
Muller_E	3128767	0.00980418	0.990027	0.000169225
Muller_E	3128895	0.00980776	0.990023	0.000169269
Muller_E	3129611	0.00982783	0.990003	0.000169513
Muller_E	3129743	0.00983152	0.989999	0.000169557
Muller_E	3130171	0.00984351	0.989987	0.000169701
Muller_E	3131529	0.00988155	0.989948	0.000170147
Muller_E	3137674	0.0100535	0.989775	0.000171979
Muller_E	3139976	0.0101178	0.98971	0.000172588
Muller_E	3143168	0.0102069	0.98962	0.000173362
Muller_E	3169152	0.0109295	0.988894	0.000176634
Muller_E	3170575	0.0109689	0.988854	0.000176658
Muller_E	3173857	0.0110598	0.988764	0.000176651
Muller_E	3192801	0.0115825	0.988243	0.000174929
Muller_E	3194086	0.0116178	0.988207	0.000174708
Muller_E	3194230	0.0116218	0.988204	0.000174683
Muller_E	3207603	0.0119889	0.987839	0.000171591
Muller_E	3207708	0.0119918	0.987837	0.000171562
Muller_E	3208070	0.0120017	0.987827	0.000171458
Muller_E	3208369	0.0120099	0.987819	0.000171371
Muller_E	3208507	0.0120137	0.987815	0.000171331
Muller_E	3208706	0.0120192	0.98781	0.000171273
Muller_E	3210124	0.012058	0.987771	0.000170849
Muller_E	3211254	0.0120889	0.987741	0.0001705
Muller_E	3212088	0.0121118	0.987718	0.000170236
Muller_E	3216063	0.0122205	0.987611	0.0001689
Muller_E	3216461	0.0122314	0.9876	0.000168759
Muller_E	3217109	0.0122491	0.987582	0.000168528
Muller_E	3217441	0.0122581	0.987573	0.000168408
Muller_E	3217706	0.0122654	0.987566	0.000168311
Muller_E	3217825	0.0122686	0.987563	0.000168268
Muller_E	3218354	0.0122831	0.987549	0.000168073
Muller_E	3219292	0.0123087	0.987524	0.000167722
Muller_E	3219763	0.0123216	0.987511	0.000167544
Muller_E	3221459	0.0123679	0.987465	0.000166885
Muller_E	3222112	0.0123857	0.987448	0.000166626
Muller_E	3223012	0.0124102	0.987423	0.000166263
Muller_E	3223549	0.0124249	0.987409	0.000166043
Muller_E	3224815	0.0124594	0.987375	0.000165516
Muller_E	3226800	0.0125135	0.987322	0.000164663
Muller_E	3229718	0.012593	0.987244	0.000163353
Muller_E	3240322	0.0128813	0.986961	0.000158021
Muller_E	3240918	0.0128975	0.986945	0.000157695
Muller_E	3241273	0.0129071	0.986935	0.0001575
Muller_E	3247835	0.013085	0.986761	0.000153702
Muller_E	3251442	0.0131827	0.986666	0.000151469
Muller_E	3252203	0.0132032	0.986646	0.000150985
Muller_E	3254014	0.0132522	0.986598	0.000149814
Muller_E	3254518	0.0132658	0.986585	0.000149483
Muller_E	3255141	0.0132827	0.986568	0.000149071
Muller_E	3255365	0.0132887	0.986562	0.000148923
Muller_E	3259142	0.0133908	0.986463	0.000146356
Muller_E	3259935	0.0134122	0.986442	0.000145802
Muller_E	3262497	0.0134813	0.986375	0.00014398
Muller_E	3263708	0.013514	0.986343	0.000143101
Muller_E	3264644	0.00192818	0.997804	0.000267861
Muller_E	3266132	0.0138435	0.986017	0.000139437
Muller_E	3266579	0.0139349	0.985927	0.000138539
Muller_E	3266806	0.0139814	0.985881	0.000138083
Muller_E	3269029	0.014436	0.98543	0.000133594
Muller_E	3271700	0.0149821	0.98489	0.000128152
Muller_E	3271881	0.0150191	0.984853	0.000127781
Muller_E	3273894	0.0154307	0.984446	0.000123641
Muller_E	3275081	0.0156734	0.984205	0.000121186
Muller_E	3275989	0.0158591	0.984022	0.0001193
Muller_E	3278049	0.0162802	0.983605	0.000115
Muller_E	3280894	0.0168618	0.983029	0.000109009
Muller_E	3282107	0.0171097	0.982784	0.000106436
Muller_E	3282973	0.0172867	0.982609	0.000104592
Muller_E	3284532	0.0176053	0.982293	0.000101259
Muller_E	3291321	0.0189927	0.980921	8.65334e-05
Muller_E	3291878	0.0191065	0.980808	8.53099e-05
Muller_E	3293351	0.0194075	0.98051	8.20634e-05
Muller_E	3293759	0.0194908	0.980428	8.11613e-05
Muller_E	3304917	0.0217701	0.978174	5.60103e-05
Muller_E	3306663	0.0221267	0.977821	5.1991e-05
Muller_E	3306880	0.022171	0.977778	5.14899e-05
Muller_E	3310127	0.022834	0.977122	4.39499e-05
Muller_E	3312301	0.0232779	0.976683	3.88579e-05
Muller_E	3312718	0.0233631	0.976599	3.78772e-05
Muller_E	3318766	0.0245978	0.975379	2.35089e-05
Muller_E	3323588	0.025582	0.974406	1.18595e-05
Muller_E	3324201	0.076822	0.923177	1.11647e-06
Muller_E	3324656	0.0257359	0.974254	1.03051e-05
Muller_E	3325091	0.0257635	0.974226	1.02452e-05
Muller_E	3326084	0.0476688	0.95233	1.10557e-06
Muller_E	3326190	0.0258297	0.97416	1.02312e-05
Muller_E	3330218	0.025956	0.974029	1.50414e-05
Muller_E	3334866	0.0261017	0.973878	2.04332e-05
Muller_E	3337545	0.0261856	0.973791	2.34635e-05
Muller_E	3340268	0.0262708	0.973703	2.64857e-05
Muller_E	3340480	0.0262774	0.973696	2.67185e-05
Muller_E	3410593	0.0284516	0.971464	8.43225e-05
Muller_E	3431230	0.0290844	0.970822	9.39198e-05
Muller_E	3437416	0.0292735	0.97063	9.61457e-05
Muller_E	3456916	0.0298675	0.970031	0.000101199
Muller_E	3457694	0.0298912	0.970007	0.000101339
Muller_E	3459001	0.0299309	0.969968	0.000101563
Muller_E	3462300	0.0300311	0.969867	0.00010207
Muller_E	3464519	0.0300984	0.969799	0.000102362
Muller_E	3464673	0.0301031	0.969795	0.000102381
Muller_E	3477602	0.0304946	0.969402	0.000103304
Muller_E	3525631	0.0319379	0.967967	9.5283e-05
Muller_E	3546828	0.0325694	0.967345	8.60115e-05
Muller_E	3557059	0.0328729	0.967047	8.02821e-05
Muller_E	3566467	0.0331514	0.966774	7.42932e-05
Muller_E	3572057	0.0333165	0.966613	7.04081e-05
Muller_E	3572168	0.0333198	0.96661	7.03284e-05
Muller_E	3579272	0.0335293	0.966406	6.50335e-05
Muller_E	3579502	0.0335361	0.966399	6.48555e-05
Muller_E	3582419	0.033622	0.966315	6.25622e-05
Muller_E	3590131	0.0338488	0.966095	5.61801e-05
Muller_E	3605233	0.0342917	0.965666	4.23411e-05
Muller_E	3610748	0.0344531	0.96551	3.68449e-05
Muller_E	3611776	0.0344831	0.965481	3.57942e-05
Muller_E	3615071	0.0345793	0.965388	3.23712e-05
Muller_E	3617701	0.0346561	0.965314	2.95784e-05
Muller_E	3617818	0.0346595	0.965311	2.94529e-05
Muller_E	3617948	0.0346633	0.965307	2.93133e-05
Muller_E	3623404	0.0348224	0.965154	2.33376e-05
Muller_E	3630035	0.0350154	0.964969	1.57633e-05
Muller_E	3631532	0.0634689	0.936529	1.83189e-06
Muller_E	3634067	0.0350845	0.964901	1.44036e-05
Muller_E	3642157	0.0351659	0.964819	1.53366e-05
Muller_E	3643438	0.0351787	0.964806	1.54374e-05
Muller_E	3645674	0.0352011	0.964783	1.55828e-05
Muller_E	3652519	0.0352693	0.964715	1.57852e-05
Muller_E	3655257	0.0352965	0.964688	1.57637e-05
Muller_E	3657953	0.0353232	0.964661	1.56854e-05
Muller_E	3660200	0.0353455	0.964639	1.55767e-05
Muller_E	3665461	0.0353974	0.964587	1.51683e-05
Muller_E	3670065	0.0649087	0.93509	1.57393e-06
Muller_E	3757777	0.0349343	0.964941	0.000124901
Muller_E	3766114	0.0348829	0.964985	0.000132263
Muller_E	3770199	0.0348576	0.965007	0.000135673
Muller_E	3771242	0.0348511	0.965012	0.000136523
Muller_E	3775369	0.0348254	0.965035	0.000139802
Muller_E	3781958	0.034784	0.965071	0.000144763
Muller_E	3788305	0.0347438	0.965107	0.000149222
Muller_E	3788531	0.0347423	0.965108	0.000149375
Muller_E	3788717	0.0347412	0.965109	0.0001495
Muller_E	3791492	0.0347235	0.965125	0.000151342
Muller_E	3791929	0.0347207	0.965128	0.000151627
Muller_E	3794089	0.0347069	0.96514	0.000153011
Muller_E	3798034	0.0346816	0.965163	0.000155447
Muller_E	3805877	0.034631	0.965209	0.000159928
Muller_E	3808116	0.0346164	0.965222	0.000161119
Muller_E	3837593	0.0344215	0.965405	0.00017316
Muller_E	3889492	0.0340623	0.96576	0.000177898
Muller_E	3892070	0.034044	0.965778	0.000177586
Muller_E	3892768	0.034039	0.965784	0.000177493
Muller_E	3893846	0.0340313	0.965791	0.000177341
Muller_E	3895236	0.0340213	0.965802	0.000177132
Muller_E	3896701	0.0340108	0.965812	0.000176895
Muller_E	3964144	0.0335102	0.966342	0.000147868
Muller_E	3964249	0.0335094	0.966343	0.000147795
Muller_E	3964701	0.0335059	0.966347	0.00014748
Muller_E	3965335	0.033501	0.966352	0.000147036
Muller_E	3965537	0.0334995	0.966354	0.000146894
Muller_E	3971184	0.0334559	0.966401	0.000142791
Muller_E	4005791	0.0331839	0.966704	0.00011221
Muller_E	4007537	0.0331699	0.96672	0.00011042
Muller_E	4008073	0.0331656	0.966724	0.000109865
Muller_E	4008732	0.0331604	0.96673	0.00010918
Muller_E	4009275	0.033156	0.966735	0.000108613
Muller_E	4009794	0.0331519	0.96674	0.000108069
Muller_E	4010462	0.0331465	0.966746	0.000107366
Muller_E	4011246	0.0331402	0.966753	0.000106537
Muller_E	4011350	0.0331394	0.966754	0.000106426
Muller_E	4011743	0.0331362	0.966758	0.000106008
Muller_E	4012926	0.0331267	0.966769	0.000104742
Muller_E	4015010	0.0331099	0.966788	0.000102486
Muller_E	4015956	0.0331023	0.966796	0.000101451
Muller_E	4016731	0.033096	0.966803	0.000100597
Muller_E	4017133	0.0330928	0.966807	0.000100153
Muller_E	4017640	0.0330887	0.966812	9.95901e-05
Muller_E	4021078	0.0330609	0.966843	9.5723e-05
Muller_E	4021876	0.0330544	0.966851	9.48122e-05
Muller_E	4022513	0.0330492	0.966857	9.40816e-05
Muller_E	4022928	0.0330458	0.966861	9.36039e-05
Muller_E	4024532	0.0330328	0.966875	9.17449e-05
Muller_E	4024639	0.0330319	0.966876	9.16202e-05
Muller_E	4025270	0.0330268	0.966882	9.08829e-05
Muller_E	4027169	0.0330113	0.9669	8.86451e-05
Muller_E	4027437	0.0330092	0.966903	8.8327e-05
Muller_E	4027764	0.0330065	0.966906	8.79381e-05
Muller_E	4029270	0.0329942	0.96692	8.61364e-05
Muller_E	4032202	0.0329702	0.966947	8.25778e-05
Muller_E	4032327	0.0329692	0.966948	8.24246e-05
Muller_E	4033521	0.0329594	0.96696	8.0955e-05
Muller_E	4033797	0.0329571	0.966962	8.06137e-05
Muller_E	4036360	0.0329361	0.966986	7.7416e-05
Muller_E	4037138	0.0329297	0.966994	7.64352e-05
Muller_E	4037610	0.0329258	0.966998	7.58379e-05
Muller_E	4040496	0.032902	0.967026	7.21475e-05
Muller_E	4040949	0.0328983	0.96703	7.15624e-05
Muller_E	4045900	0.0328573	0.967078	6.50624e-05
Muller_E	4046078	0.0328558	0.967079	6.48251e-05
Muller_E	4046843	0.0328495	0.967087	6.38026e-05
Muller_E	4047581	0.0328434	0.967094	6.28119e-05
Muller_E	4048275	0.0328376	0.967101	6.18763e-05
Muller_E	4048700	0.0328341	0.967105	6.13015e-05
Muller_E	4053592	0.0327933	0.967152	5.45837e-05
Muller_E	4056223	0.0327713	0.967178	5.08934e-05
Muller_E	4056545	0.0327686	0.967181	5.0438e-05
Muller_E	4056951	0.0327652	0.967185	4.98627e-05
Muller_E	4057601	0.0327597	0.967191	4.8939e-05
Muller_E	4057720	0.0327587	0.967192	4.87695e-05
Muller_E	4058043	0.032756	0.967196	4.83089e-05
Muller_E	4058149	0.0327551	0.967197	4.81576e-05
Muller_E	4058704	0.0327505	0.967202	4.73639e-05
Muller_E	4059417	0.0327445	0.967209	4.63407e-05
Muller_E	4059965	0.0327399	0.967215	4.55515e-05
Muller_E	4061381	0.032728	0.967228	4.35016e-05
Muller_E	4061745	0.0327249	0.967232	4.29721e-05
Muller_E	4062020	0.0327226	0.967235	4.25714e-05
Muller_E	4062507	0.0327185	0.96724	4.18603e-05
Muller_E	4062941	0.0327149	0.967244	4.1225e-05
Muller_E	4064035	0.0327057	0.967255	3.96171e-05
Muller_E	4064680	0.0327002	0.967261	3.86648e-05
Muller_E	4064829	0.032699	0.967263	3.84443e-05
Muller_E	4065474	0.0326935	0.967269	3.7488e-05
Muller_E	4065574	0.0326927	0.96727	3.73394e-05
Muller_E	4066028	0.055577	0.944414	9.25946e-06
Muller_E	4067541	0.0326527	0.967311	3.6568e-05
Muller_E	4067967	0.0326425	0.967321	3.65377e-05
Muller_E	4068535	0.032629	0.967335	3.64952e-05
Muller_E	4069245	0.032612	0.967352	3.64385e-05
Muller_E	4070105	0.0325914	0.967372	3.63645e-05
Muller_E	4071088	0.0325679	0.967396	3.62728e-05
Muller_E	4071641	0.0325547	0.967409	3.62179e-05
Muller_E	4072126	0.0325431	0.967421	3.61678e-05
Muller_E	4072768	0.0325277	0.967436	3.60987e-05
Muller_E	4072973	0.0325228	0.967441	3.60759e-05
Muller_E	4073359	0.0325136	0.96745	3.60322e-05
Muller_E	4075135	0.0324711	0.967493	3.58158e-05
Muller_E	4075254	0.0324682	0.967496	3.58005e-05
Muller_E	4076053	0.0324491	0.967515	3.56943e-05
Muller_E	4077160	0.0324226	0.967542	3.55391e-05
Muller_E	4078165	0.0323985	0.967566	3.53898e-05
Muller_E	4078690	0.0323859	0.967579	3.53087e-05
Muller_E	4078900	0.0323809	0.967584	3.52756e-05
Muller_E	4079010	0.0323783	0.967586	3.52582e-05
Muller_E	4079297	0.0323714	0.967593	3.52122e-05
Muller_E	4081728	0.0323131	0.967652	3.47969e-05
Muller_E	4082079	0.0323047	0.967661	3.47331e-05
Muller_E	4083988	0.0322588	0.967707	3.43694e-05
Muller_E	4085715	0.0322174	0.967749	3.40157e-05
Muller_E	4089306	0.032131	0.967836	3.32056e-05
Muller_E	4089803	0.0321191	0.967848	3.30855e-05
Muller_E	4092778	0.0320475	0.96792	3.23263e-05
Muller_E	4092894	0.0320447	0.967923	3.22953e-05
Muller_E	4098915	0.0318996	0.96807	3.05413e-05
Muller_E	4109650	0.0316402	0.968333	2.67098e-05
Muller_E	4113217	0.0315538	0.968421	2.52368e-05
Muller_E	4113538	0.031546	0.968429	2.50993e-05
Muller_E	4114422	0.0315246	0.968451	2.47167e-05
Muller_E	4114803	0.0315154	0.96846	2.45498e-05
Muller_E	4115118	0.0315077	0.968468	2.44111e-05
Muller_E	4116856	0.0314656	0.968511	2.36314e-05
Muller_E	4117074	0.0314603	0.968516	2.35319e-05
Muller_E	4117473	0.0314506	0.968526	2.33489e-05
Muller_E	4118970	0.0314143	0.968563	2.26511e-05
Muller_E	4121851	0.0313443	0.968634	2.12587e-05
Muller_E	4122071	0.031339	0.96864	2.11497e-05
Muller_E	4122393	0.0313311	0.968648	2.09895e-05
Muller_E	4122818	0.0313208	0.968658	2.07768e-05
Muller_E	4124318	0.0312843	0.968696	2.00148e-05
Muller_E	4124418	0.0312819	0.968698	1.99633e-05
Muller_E	4126492	0.0312315	0.96875	1.8879e-05
Muller_E	4127527	0.0312063	0.968775	1.83253e-05
Muller_E	4127720	0.0312016	0.96878	1.82211e-05
Muller_E	4128101	0.0311923	0.96879	1.80145e-05
Muller_E	4128234	0.0311891	0.968793	1.79422e-05
Muller_E	4130334	0.0311379	0.968845	1.67812e-05
Muller_E	4132221	0.0310919	0.968892	1.57085e-05
Muller_E	4134741	0.0310305	0.968955	1.42324e-05
Muller_E	4134982	0.0310246	0.968961	1.40886e-05
Muller_E	4136547	0.0309864	0.969	1.31439e-05
Muller_E	4140224	0.0308966	0.969093	1.08487e-05
Muller_E	4140902	0.03088	0.96911	1.04139e-05
Muller_E	4141485	0.0308658	0.969124	1.00371e-05
Muller_E	4143836	0.0308083	0.969183	8.49076e-06
Muller_E	4144350	0.0307957	0.969196	8.1469e-06
Muller_E	4144848	0.0307835	0.969209	7.81177e-06
Muller_E	4150850	0.0306365	0.96936	3.61968e-06
Muller_E	4151927	0.0560227	0.943977	3.33047e-07
Muller_E	4154621	0.0304707	0.969526	2.90104e-06
Muller_E	4159745	0.0302054	0.969792	2.86465e-06
Muller_E	4159958	0.0301944	0.969803	2.85868e-06
Muller_E	4160923	0.0301444	0.969853	2.82716e-06
Muller_E	4161787	0.0300996	0.969898	2.79274e-06
Muller_E	4162162	0.0300802	0.969917	2.77597e-06
Muller_E	4163984	0.0299858	0.970012	2.6788e-06
Muller_E	4164218	0.0548878	0.945112	3.129e-07
Muller_E	4164859	0.0299094	0.970088	3.05519e-06
Muller_E	4165033	0.0298919	0.970105	3.16071e-06
Muller_E	4165157	0.0298794	0.970117	3.23577e-06
Muller_E	4165383	0.0298568	0.97014	3.37225e-06
Muller_E	4165808	0.0298141	0.970182	3.62783e-06
Muller_E	4165958	0.0297991	0.970197	3.7177e-06
Muller_E	4166062	0.0297886	0.970208	3.77991e-06
Muller_E	4166243	0.0297705	0.970226	3.88797e-06
Muller_E	4166628	0.0297318	0.970264	4.11698e-06
Muller_E	4168755	0.0295183	0.970476	5.36135e-06
Muller_E	4172546	0.0291377	0.970855	7.49176e-06
Muller_E	4172827	0.0291095	0.970883	7.64521e-06
Muller_E	4173860	0.00538424	0.9946	1.52842e-05
Muller_E	4176100	0.0289784	0.971013	8.69057e-06
Muller_E	4176326	0.0289757	0.971016	8.73747e-06
Muller_E	4176826	0.0289696	0.971022	8.83981e-06
Muller_E	4177022	0.0289672	0.971024	8.87938e-06
Muller_E	4178339	0.0289511	0.97104	9.1375e-06
Muller_E	4178608	0.0289478	0.971043	9.18855e-06
Muller_E	4179326	0.028939	0.971052	9.32201e-06
Muller_E	4180712	0.028922	0.971068	9.56819e-06
Muller_E	4180966	0.0289189	0.971072	9.61167e-06
Muller_E	4184926	0.0288703	0.971119	1.02239e-05
Muller_E	4185178	0.0288672	0.971123	1.02587e-05
Muller_E	4185319	0.0288655	0.971124	1.0278e-05
Muller_E	4185532	0.0288628	0.971127	1.03068e-05
Muller_E	4187632	0.028837	0.971152	1.05715e-05
Muller_E	4188227	0.0288297	0.97116	1.06401e-05
Muller_E	4188670	0.0288242	0.971165	1.06895e-05
Muller_E	4192621	0.0287755	0.971213	1.10613e-05
Muller_E	4193546	0.0287641	0.971225	1.11306e-05
Muller_E	4194407	0.0287534	0.971235	1.11891e-05
Muller_E	4195783	0.0287364	0.971252	1.12705e-05
Muller_E	4196010	0.0287336	0.971255	1.12825e-05
Muller_E	4197440	0.0287159	0.971273	1.13487e-05
Muller_E	4198223	0.0287062	0.971282	1.13782e-05
Muller_E	4199021	0.0286963	0.971292	1.14032e-05
Muller_E	4199203	0.0286941	0.971295	1.14083e-05
Muller_E	4199424	0.0286913	0.971297	1.1414e-05
Muller_E	4199639	0.0286887	0.9713	1.14192e-05
Muller_E	4199983	0.0286844	0.971304	1.14268e-05
Muller_E	4203293	0.0286433	0.971345	1.14523e-05
Muller_E	4205814	0.028612	0.971377	1.14139e-05
Muller_E	4206134	0.028608	0.971381	1.14055e-05
Muller_E	4207588	0.0285899	0.971399	1.1357e-05
Muller_E	4210680	0.0285513	0.971438	1.11986e-05
Muller_E	4210928	0.0285482	0.971441	1.11826e-05
Muller_E	4211312	0.0285434	0.971445	1.1157e-05
Muller_E	4211755	0.0285379	0.971451	1.11259e-05
Muller_E	4213444	0.0285168	0.971472	1.09934e-05
Muller_E	4216650	0.0284766	0.971513	1.06801e-05
Muller_E	4217058	0.0284715	0.971518	1.06344e-05
Muller_E	4217453	0.0284666	0.971523	1.0589e-05
Muller_E	4217565	0.0284652	0.971524	1.05758e-05
Muller_E	4217669	0.0284639	0.971526	1.05636e-05
Muller_E	4217825	0.0284619	0.971528	1.0545e-05
Muller_E	4218923	0.0284481	0.971541	1.0409e-05
Muller_E	4225215	0.0460502	0.953947	3.21529e-06
Muller_E	4232774	0.0492502	0.950747	2.31303e-06
Muller_E	4235298	0.0280301	0.971955	1.49042e-05
Muller_E	4245993	0.0274626	0.972507	3.03692e-05
Muller_E	4252835	0.0270992	0.972861	3.97952e-05
Muller_E	4253725	0.0270519	0.972907	4.09946e-05
Muller_E	4256197	0.0269204	0.973035	4.42933e-05
Muller_E	4261234	0.0266525	0.973297	5.08674e-05
Muller_E	4262892	0.0265643	0.973383	5.29881e-05
Muller_E	4263238	0.0265459	0.973401	5.34279e-05
Muller_E	4263588	0.0265272	0.973419	5.38719e-05
Muller_E	4264621	0.0264722	0.973473	5.51767e-05
Muller_E	4266950	0.0263482	0.973594	5.8088e-05
Muller_E	4267529	0.0263174	0.973624	5.88051e-05
Muller_E	4276223	0.0258541	0.974077	6.92593e-05
Muller_E	4311688	0.0239581	0.975936	0.000105784
Muller_E	4311965	0.0239432	0.975951	0.000106031
Muller_E	4312254	0.0239277	0.975966	0.000106287
Muller_E	4312510	0.023914	0.975979	0.000106514
Muller_E	4334492	0.0227339	0.977142	0.000124068
Muller_E	4352032	0.0217896	0.978075	0.000135355
Muller_E	4353438	0.0217138	0.97815	0.000136155
Muller_E	4356857	0.0215294	0.978333	0.000138036
Muller_E	4360054	0.0213569	0.978503	0.000139711
Muller_E	4374783	0.0205612	0.979292	0.000146392
Muller_E	4374946	0.0205524	0.979301	0.000146457
Muller_E	4381350	0.0202059	0.979645	0.000148821
Muller_E	4558836	0.0104759	0.989439	8.51736e-05
Muller_E	4562012	0.0102996	0.989619	8.17519e-05
Muller_E	4564083	0.0101845	0.989736	7.94772e-05
Muller_E	4564194	0.0101784	0.989742	7.93543e-05
Muller_E	4568491	0.00993956	0.989986	7.45213e-05
Muller_E	4569115	0.0184666	0.981525	8.74159e-06
Muller_E	4569749	0.00983797	0.990087	7.48537e-05
Muller_E	4570340	0.00977561	0.990149	7.58264e-05
Muller_E	4571890	0.00961206	0.99031	7.83645e-05
Muller_E	4572624	0.0095346	0.990386	7.95598e-05
Muller_E	4573491	0.0094431	0.990476	8.09663e-05
Muller_E	4573809	0.00940953	0.990509	8.14807e-05
Muller_E	4577361	0.0090346	0.990878	8.71727e-05
Muller_E	4577462	0.00902393	0.990889	8.73331e-05
Muller_E	4578308	0.00893462	0.990977	8.86736e-05
Muller_E	4580664	0.00868585	0.991222	9.2377e-05
Muller_E	4580954	0.00865523	0.991252	9.28298e-05
Muller_E	4581769	0.00856917	0.991337	9.4099e-05
Muller_E	4581909	0.00855438	0.991351	9.43164e-05
Muller_E	4583019	0.00843715	0.991467	9.60354e-05
Muller_E	4583393	0.00839765	0.991506	9.66124e-05
Muller_E	4583516	0.00838466	0.991519	9.68019e-05
Muller_E	4584473	0.00828358	0.991618	9.82724e-05
Muller_E	4589180	0.00778632	0.992108	0.0001054
Muller_E	4590247	0.00767357	0.992219	0.000106992
Muller_E	4591539	0.00753704	0.992354	0.000108907
Muller_E	4593253	0.00735589	0.992533	0.000111428
Muller_E	4593508	0.00732894	0.992559	0.000111801
Muller_E	4593974	0.00727968	0.992608	0.000112482
Muller_E	4595111	0.0071595	0.992726	0.000114134
Muller_E	4595303	0.0071392	0.992746	0.000114413
Muller_E	4597548	0.00690186	0.99298	0.000117643
Muller_E	4597833	0.00687173	0.99301	0.00011805
Muller_E	4600306	0.00661023	0.993268	0.000121558
Muller_E	4607273	0.00587329	0.993996	0.00013118
Muller_E	4607398	0.00586006	0.994009	0.000131349
Muller_E	4610441	0.00553807	0.994327	0.000135429
Muller_E	4611041	0.00547457	0.994389	0.000136225
Muller_E	4611562	0.00541943	0.994444	0.000136913
Muller_E	4611697	0.00540514	0.994458	0.000137091
Muller_E	4612447	0.00532576	0.994536	0.000138078
Muller_E	4612733	0.00529549	0.994566	0.000138454
Muller_E	4612927	0.00527495	0.994586	0.000138708
Muller_E	4613148	0.00525156	0.994609	0.000138997
Muller_E	4614502	0.00510823	0.994751	0.00014076
Muller_E	4615888	0.0049615	0.994896	0.00014255
Muller_E	4616173	0.00493133	0.994926	0.000142916
Muller_E	4616508	0.00489586	0.994961	0.000143345
Muller_E	4616663	0.00487945	0.994977	0.000143544
Muller_E	4618190	0.00471777	0.995137	0.000145489
Muller_E	4619781	0.00454929	0.995303	0.000147496
Muller_E	4622166	0.00429669	0.995553	0.000150467
Muller_E	4626314	0.00385726	0.995987	0.000155527
Muller_E	4626864	0.00379899	0.996045	0.000156188
Muller_E	4627368	0.000666937	0.999046	0.000286593
Muller_E	4627488	0.00374342	0.9961	0.000156809
Muller_E	4633961	0.00362651	0.996216	0.000157605
Muller_E	4635834	0.00359261	0.99625	0.000157773
Muller_E	4636452	0.00358142	0.996261	0.000157822
Muller_E	4637295	0.00356616	0.996276	0.000157883
Muller_E	4640891	0.00350096	0.996341	0.000158083
Muller_E	4645727	0.00341313	0.996429	0.000158188
Muller_E	4646376	0.00340133	0.99644	0.000158188
Muller_E	4646798	0.00339365	0.996448	0.000158186
Muller_E	4653320	0.00327484	0.996567	0.000157972
Muller_E	4656520	0.00321642	0.996626	0.000157742
Muller_E	4672665	0.00292042	0.996924	0.000155324
Muller_E	4674140	0.00289328	0.996952	0.000154998
Muller_E	4675745	0.00286372	0.996982	0.000154624
Muller_E	4676485	0.00285008	0.996995	0.000154445
Muller_E	4677110	0.00283856	0.997007	0.000154289
Muller_E	4677655	0.00282851	0.997017	0.000154152
Muller_E	4678986	0.00280396	0.997042	0.000153805
Muller_E	4680223	0.00278114	0.997065	0.00015347
Muller_E	4682403	0.00274088	0.997106	0.00015285
Muller_E	4682621	0.00273685	0.99711	0.000152786
Muller_E	4684270	0.00270637	0.997141	0.000152288
Muller_E	4685491	0.00268378	0.997164	0.000151906
Muller_E	4686019	0.00267401	0.997174	0.000151736
Muller_E	4687101	0.00265398	0.997195	0.000151383
Muller_E	4689628	0.00260717	0.997242	0.00015052
Muller_E	4690052	0.00259931	0.99725	0.00015037
Muller_E	4690344	0.0025939	0.997256	0.000150266
Muller_E	4690905	0.000362859	0.999357	0.000279682
Muller_E	4691125	0.00258376	0.997266	0.000149737
Muller_E	4691712	0.00258448	0.997267	0.000148859
Muller_E	4691999	0.00258483	0.997267	0.000148429
Muller_E	4692111	0.00258496	0.997267	0.000148261
Muller_E	4693234	0.00258632	0.997267	0.000146571
Muller_E	4693620	0.00258679	0.997267	0.000145988
Muller_E	4693753	0.00258695	0.997267	0.000145787
Muller_E	4694021	0.00258727	0.997267	0.000145381
Muller_E	4694592	0.00258795	0.997268	0.000144514
Muller_E	4696429	0.00259013	0.997268	0.000141708
Muller_E	4696792	0.00259056	0.997268	0.00014115
Muller_E	4699402	0.0025936	0.997269	0.000137109
Muller_E	4700957	0.00259538	0.99727	0.000134675
Muller_E	4702606	0.00259726	0.997271	0.000132072
Muller_E	4708142	0.00260338	0.997273	0.000123175
Muller_E	4712097	0.00260761	0.997276	0.000116667
Muller_E	4713898	0.00260949	0.997277	0.000113661
Muller_E	4714194	0.0026098	0.997277	0.000113165
Muller_E	4717094	0.00261277	0.997279	0.000108264
Muller_E	4717794	0.00261347	0.997279	0.00010707
Muller_E	4720564	0.00261623	0.997281	0.00010231
Muller_E	4722390	0.00261801	0.997283	9.9138e-05
Muller_E	4727534	0.0026229	0.997287	9.00576e-05
Muller_E	4730688	0.00262578	0.99729	8.43844e-05
Muller_E	4731377	0.0026264	0.99729	8.31344e-05
Muller_E	4732944	0.0026278	0.997292	8.02772e-05
Muller_E	4738342	0.00263246	0.997297	7.02833e-05
Muller_E	4739398	0.00263334	0.997298	6.83007e-05
Muller_E	4742492	0.00263588	0.997302	6.244e-05
Muller_E	4745718	0.00263845	0.997305	5.6247e-05
Muller_E	4746457	0.00263902	0.997306	5.48166e-05
Muller_E	4748015	0.00264022	0.997308	5.17863e-05
Muller_E	4748352	0.00264048	0.997308	5.11283e-05
Muller_E	4748630	0.00264069	0.997309	5.05848e-05
Muller_E	4751071	0.00264252	0.997312	4.57856e-05
Muller_E	4751685	0.00264297	0.997312	4.45709e-05
Muller_E	4751817	0.00264306	0.997313	4.43093e-05
Muller_E	4752607	0.00264364	0.997314	4.27411e-05
Muller_E	4752773	0.00264376	0.997314	4.24109e-05
Muller_E	4753826	0.00264452	0.997315	4.03114e-05
Muller_E	4754671	0.00493276	0.995062	5.04492e-06
Muller_E	4756619	0.00263823	0.997323	3.919e-05
Muller_E	4759191	0.00262907	0.997331	3.98955e-05
Muller_E	4761262	0.00262167	0.997338	4.04248e-05
Muller_E	4761866	0.0026195	0.99734	4.05727e-05
Muller_E	4761985	0.00261907	0.99734	4.06015e-05
Muller_E	4763545	0.00261346	0.997346	4.09682e-05
Muller_E	4764509	0.00260998	0.997349	4.1185e-05
Muller_E	4765595	0.00260605	0.997353	4.14202e-05
Muller_E	4766291	0.00260353	0.997355	4.1566e-05
Muller_E	4766501	0.00260277	0.997356	4.16092e-05
Muller_E	4767354	0.00259967	0.997359	4.17811e-05
Muller_E	4769627	0.00259139	0.997366	4.22103e-05
Muller_E	4769950	0.00259021	0.997368	4.22679e-05
Muller_E	4772288	0.00258164	0.997376	4.26599e-05
