chrom	position	2,0	1,1	0,2
Muller_E	62882	0.3728	0.420824	0.206376
Muller_E	267432	0.368525	0.430935	0.200541
Muller_E	441230	0.364951	0.439451	0.195597
Muller_E	511157	0.363528	0.442861	0.193611
Muller_E	557879	0.362581	0.445134	0.192285
Muller_E	581000	0.362114	0.446257	0.191628
Muller_E	709108	0.359541	0.452465	0.187994
Muller_E	768129	0.358363	0.455317	0.18632
Muller_E	785241	0.358023	0.456143	0.185835
Muller_E	787322	0.357982	0.456243	0.185775
Muller_E	787424	0.35798	0.456248	0.185773
Muller_E	788173	0.357965	0.456284	0.185751
Muller_E	788750	0.357953	0.456312	0.185735
Muller_E	788860	0.357951	0.456317	0.185732
Muller_E	791823	0.357892	0.45646	0.185648
Muller_E	802257	0.357685	0.456963	0.185352
Muller_E	893794	0.355873	0.461372	0.182756
Muller_E	894300	0.355863	0.461396	0.182741
Muller_E	896281	0.355824	0.461491	0.182685
Muller_E	897287	0.355804	0.46154	0.182657
Muller_E	897987	0.35579	0.461573	0.182637
Muller_E	901015	0.35573	0.461719	0.182551
Muller_E	901718	0.355716	0.461753	0.182531
Muller_E	923408	0.355289	0.462795	0.181916
Muller_E	923675	0.355284	0.462808	0.181908
Muller_E	924320	0.355271	0.462839	0.18189
Muller_E	927795	0.355203	0.463006	0.181791
Muller_E	948021	0.354805	0.463978	0.181217
Muller_E	948230	0.3548	0.463988	0.181212
Muller_E	958531	0.354598	0.464483	0.180919
Muller_E	967701	0.354418	0.464923	0.180659
Muller_E	969142	0.35439	0.464992	0.180618
Muller_E	1033237	0.353134	0.468067	0.178799
Muller_E	1120573	0.35143	0.47225	0.17632
Muller_E	1123171	0.35138	0.472375	0.176246
Muller_E	1146845	0.350919	0.473507	0.175573
Muller_E	1148492	0.350887	0.473586	0.175527
Muller_E	1168315	0.350503	0.474534	0.174963
Muller_E	1213395	0.349629	0.476689	0.173682
Muller_E	1262309	0.348684	0.479025	0.172291
Muller_E	1275111	0.348437	0.479636	0.171927
Muller_E	1275707	0.348426	0.479664	0.17191
Muller_E	1314313	0.347682	0.481507	0.170811
Muller_E	1318297	0.347606	0.481697	0.170698
Muller_E	1358440	0.346834	0.483611	0.169554
Muller_E	1358616	0.346831	0.48362	0.169549
Muller_E	1378824	0.346443	0.484583	0.168974
Muller_E	1480336	0.344501	0.489421	0.166078
Muller_E	1489232	0.344331	0.489844	0.165824
Muller_E	1645912	0.341353	0.497304	0.161343
Muller_E	1673398	0.340833	0.498612	0.160555
Muller_E	1718642	0.339977	0.500765	0.159258
Muller_E	1746815	0.339445	0.502106	0.158449
Muller_E	1763447	0.339131	0.502898	0.157971
Muller_E	1765039	0.339101	0.502974	0.157925
Muller_E	1765159	0.339099	0.502979	0.157922
Muller_E	1765369	0.339095	0.502989	0.157916
Muller_E	1771226	0.338985	0.503268	0.157747
Muller_E	1799036	0.338461	0.504592	0.156948
Muller_E	1802542	0.338395	0.504759	0.156847
Muller_E	1802678	0.338392	0.504765	0.156843
Muller_E	1803039	0.338385	0.504782	0.156832
Muller_E	1803347	0.338379	0.504797	0.156824
Muller_E	1805518	0.338339	0.5049	0.156761
Muller_E	1812938	0.338199	0.505254	0.156548
Muller_E	1813040	0.338197	0.505258	0.156545
Muller_E	1815234	0.338156	0.505363	0.156481
Muller_E	1815907	0.338143	0.505395	0.156462
Muller_E	1816383	0.338134	0.505418	0.156448
Muller_E	1831501	0.337849	0.506137	0.156013
Muller_E	1850978	0.337483	0.507065	0.155452
Muller_E	1851905	0.337466	0.507109	0.155426
Muller_E	1852166	0.337461	0.507121	0.155418
Muller_E	1857635	0.337358	0.507381	0.155261
Muller_E	1861157	0.337292	0.507549	0.155159
Muller_E	1861336	0.337288	0.507558	0.155154
Muller_E	1861880	0.337278	0.507584	0.155138
Muller_E	1866595	0.33719	0.507808	0.155002
Muller_E	1870209	0.337122	0.50798	0.154898
Muller_E	1871973	0.0625022	0.493541	0.443957
Muller_E	1880064	0.337818	0.508202	0.153979
Muller_E	1889333	0.338656	0.508357	0.152986
Muller_E	1891195	0.338825	0.508388	0.152787
Muller_E	1894320	0.339108	0.50844	0.152453
Muller_E	1900363	0.339655	0.508538	0.151807
Muller_E	1904375	0.340019	0.508602	0.151378
Muller_E	1915469	0.341028	0.508777	0.150195
Muller_E	1927060	0.342084	0.508955	0.148961
Muller_E	1932459	0.342577	0.509036	0.148387
Muller_E	1944351	0.343664	0.509211	0.147125
Muller_E	1946702	0.343879	0.509245	0.146875
Muller_E	1961660	0.345252	0.509456	0.145292
Muller_E	1975567	0.346532	0.509645	0.143823
Muller_E	2011856	0.349891	0.510102	0.140008
Muller_E	2013122	0.350008	0.510117	0.139875
Muller_E	2044597	0.352943	0.510471	0.136586
Muller_E	2048236	0.353284	0.51051	0.136207
Muller_E	2048434	0.353302	0.510512	0.136186
Muller_E	2086567	0.356887	0.510885	0.132228
Muller_E	2103366	0.358475	0.511032	0.130492
Muller_E	2117584	0.359824	0.511148	0.129027
Muller_E	2126123	0.360636	0.511214	0.128149
Muller_E	2135792	0.361557	0.511286	0.127157
Muller_E	2140907	0.362045	0.511322	0.126632
Muller_E	2141169	0.362071	0.511324	0.126605
Muller_E	2142715	0.362218	0.511335	0.126447
Muller_E	2145389	0.362474	0.511353	0.126173
Muller_E	2146953	0.362623	0.511364	0.126013
Muller_E	2147057	0.362633	0.511365	0.126002
Muller_E	2201852	0.367901	0.511679	0.12042
Muller_E	2204792	0.368185	0.511693	0.120122
Muller_E	2219543	0.369615	0.511756	0.118629
Muller_E	2220290	0.369687	0.511759	0.118554
Muller_E	2241628	0.371763	0.511836	0.116402
Muller_E	2243471	0.371942	0.511842	0.116216
Muller_E	2531559	0.400869	0.511166	0.0879647
Muller_E	2693610	0.417878	0.509402	0.0727201
Muller_E	2696554	0.418192	0.509361	0.0724474
Muller_E	2706179	0.419219	0.509224	0.071557
Muller_E	2713009	0.41995	0.509124	0.0709262
Muller_E	2716202	0.420291	0.509077	0.0706316
Muller_E	2721440	0.420853	0.508999	0.0701486
Muller_E	2735475	0.422359	0.508784	0.068857
Muller_E	2763120	0.425337	0.50834	0.0663229
Muller_E	2777976	0.426944	0.508089	0.0649667
Muller_E	2779619	0.427122	0.508061	0.0648169
Muller_E	2787347	0.42796	0.507926	0.0641132
Muller_E	2788916	0.428131	0.507899	0.0639704
Muller_E	2795398	0.428835	0.507784	0.0633812
Muller_E	2798296	0.42915	0.507732	0.0631179
Muller_E	2799305	0.42926	0.507714	0.0630263
Muller_E	2800245	0.429362	0.507697	0.062941
Muller_E	2800507	0.42939	0.507692	0.0629172
Muller_E	2800780	0.42942	0.507687	0.0628924
Muller_E	2800932	0.429437	0.507685	0.0628786
Muller_E	2801158	0.429461	0.507681	0.0628581
Muller_E	2805736	0.42996	0.507598	0.0624428
Muller_E	2807233	0.430123	0.50757	0.0623071
Muller_E	2807795	0.430184	0.50756	0.0622562
Muller_E	2808363	0.430246	0.50755	0.0622047
Muller_E	2809031	0.430319	0.507537	0.0621442
Muller_E	2809272	0.430345	0.507533	0.0621223
Muller_E	2809909	0.430414	0.507521	0.0620646
Muller_E	2811470	0.430584	0.507492	0.0619232
Muller_E	2811776	0.430618	0.507487	0.0618955
Muller_E	2812117	0.430655	0.50748	0.0618646
Muller_E	2815676	0.431043	0.507415	0.0615424
Muller_E	2816259	0.431107	0.507404	0.0614897
Muller_E	2817070	0.431195	0.507389	0.0614163
Muller_E	2817616	0.431255	0.507378	0.0613669
Muller_E	2819402	0.43145	0.507345	0.0612053
Muller_E	2820166	0.431533	0.507331	0.0611363
Muller_E	2820386	0.431557	0.507326	0.0611164
Muller_E	2820775	0.4316	0.507319	0.0610812
Muller_E	2821135	0.431639	0.507312	0.0610486
Muller_E	2821440	0.431672	0.507307	0.0610211
Muller_E	2826939	0.432273	0.507203	0.0605242
Muller_E	2831172	0.432736	0.507122	0.0601421
Muller_E	2831515	0.432774	0.507115	0.0601112
Muller_E	2832336	0.432864	0.507099	0.0600371
Muller_E	2833070	0.432944	0.507085	0.0599709
Muller_E	2850717	0.434879	0.506739	0.058382
Muller_E	2853215	0.435153	0.506689	0.0581575
Muller_E	2856496	0.435514	0.506623	0.0578629
Muller_E	2856945	0.435563	0.506614	0.0578225
Muller_E	2857481	0.435622	0.506603	0.0577744
Muller_E	2858163	0.435697	0.50659	0.0577132
Muller_E	2859754	0.435872	0.506557	0.0575704
Muller_E	2859987	0.435898	0.506553	0.0575495
Muller_E	2862604	0.436186	0.506499	0.0573148
Muller_E	2866488	0.436613	0.50642	0.0569666
Muller_E	2867267	0.436699	0.506404	0.0568968
Muller_E	2868557	0.436841	0.506377	0.0567813
Muller_E	2870085	0.43701	0.506346	0.0566444
Muller_E	2870623	0.437069	0.506335	0.0565962
Muller_E	2876155	0.437679	0.50622	0.0561012
Muller_E	2877151	0.437789	0.506199	0.0560121
Muller_E	2886067	0.438774	0.50601	0.0552155
Muller_E	2886534	0.438826	0.506001	0.0551738
Muller_E	2887599	0.438943	0.505978	0.0550788
Muller_E	2887882	0.438975	0.505972	0.0550535
Muller_E	2888492	0.439042	0.505959	0.0549991
Muller_E	2888607	0.439055	0.505956	0.0549889
Muller_E	2890000	0.439209	0.505926	0.0548646
Muller_E	2890387	0.439252	0.505918	0.0548301
Muller_E	2890907	0.439309	0.505907	0.0547837
Muller_E	2894764	0.439736	0.505824	0.0544398
Muller_E	2899098	0.440216	0.50573	0.0540538
Muller_E	2901481	0.44048	0.505678	0.0538417
Muller_E	2901643	0.440498	0.505674	0.0538273
Muller_E	2902627	0.440608	0.505653	0.0537397
Muller_E	2903432	0.440697	0.505635	0.0536681
Muller_E	2904998	0.440871	0.505601	0.0535288
Muller_E	2905994	0.440981	0.505579	0.0534402
Muller_E	2907134	0.441108	0.505554	0.0533389
Muller_E	2908511	0.44126	0.505523	0.0532165
Muller_E	2909452	0.441365	0.505502	0.0531328
Muller_E	2910160	0.441444	0.505487	0.0530699
Muller_E	2911022	0.441539	0.505467	0.0529934
Muller_E	2911252	0.441565	0.505462	0.0529729
Muller_E	2911992	0.441647	0.505446	0.0529072
Muller_E	2914672	0.441945	0.505386	0.0526692
Muller_E	2915489	0.442036	0.505368	0.0525967
Muller_E	2918585	0.44238	0.505298	0.052322
Muller_E	2919015	0.442428	0.505288	0.0522839
Muller_E	2919728	0.442507	0.505272	0.0522207
Muller_E	2919971	0.442534	0.505267	0.0521991
Muller_E	2921506	0.442705	0.505232	0.052063
Muller_E	2922564	0.442823	0.505208	0.0519693
Muller_E	2922707	0.442838	0.505205	0.0519566
Muller_E	2924226	0.443008	0.50517	0.051822
Muller_E	2925108	0.443106	0.50515	0.0517439
Muller_E	2925552	0.443155	0.50514	0.0517045
Muller_E	2928855	0.443523	0.505065	0.0514121
Muller_E	2930674	0.443726	0.505023	0.0512511
Muller_E	2931258	0.443791	0.50501	0.0511994
Muller_E	2931592	0.443828	0.505002	0.0511698
Muller_E	2931798	0.443851	0.504997	0.0511516
Muller_E	2932326	0.44391	0.504985	0.0511049
Muller_E	2945623	0.445395	0.504675	0.0499303
Muller_E	2945753	0.445409	0.504672	0.0499188
Muller_E	2945878	0.445423	0.504669	0.0499078
Muller_E	2946001	0.445437	0.504666	0.0498969
Muller_E	2955783	0.446531	0.504434	0.0490348
Muller_E	2957997	0.446779	0.504381	0.0488399
Muller_E	2959282	0.446923	0.50435	0.0487268
Muller_E	2959697	0.44697	0.50434	0.0486903
Muller_E	2959819	0.446984	0.504337	0.0486796
Muller_E	2960759	0.447089	0.504314	0.0485969
Muller_E	2961667	0.447191	0.504292	0.048517
Muller_E	2961801	0.447206	0.504289	0.0485053
Muller_E	2963254	0.447369	0.504254	0.0483775
Muller_E	2963568	0.447404	0.504246	0.0483499
Muller_E	2975263	0.448717	0.50396	0.047323
Muller_E	2976725	0.448881	0.503924	0.0471948
Muller_E	2977784	0.449	0.503898	0.0471019
Muller_E	2982473	0.449528	0.503781	0.0466911
Muller_E	2984283	0.449732	0.503736	0.0465326
Muller_E	2985483	0.449867	0.503706	0.0464275
Muller_E	2985658	0.449886	0.503701	0.0464122
Muller_E	2985908	0.449915	0.503695	0.0463903
Muller_E	2987685	0.450115	0.50365	0.0462348
Muller_E	2992894	0.450702	0.503519	0.0457794
Muller_E	2993313	0.450749	0.503508	0.0457427
Muller_E	2993798	0.450804	0.503496	0.0457004
Muller_E	2994137	0.450842	0.503487	0.0456707
Muller_E	2994487	0.450881	0.503478	0.0456402
Muller_E	2994615	0.450896	0.503475	0.045629
Muller_E	2995123	0.450953	0.503462	0.0455846
Muller_E	2995701	0.451018	0.503447	0.0455341
Muller_E	2996048	0.451058	0.503439	0.0455038
Muller_E	2996738	0.451135	0.503421	0.0454435
Muller_E	2996880	0.451151	0.503417	0.0454311
Muller_E	2997113	0.451178	0.503411	0.0454108
Muller_E	2999116	0.451404	0.50336	0.0452359
Muller_E	2999459	0.451443	0.503352	0.045206
Muller_E	3001420	0.451664	0.503301	0.0450348
Muller_E	3001578	0.451682	0.503297	0.045021
Muller_E	3001696	0.451695	0.503294	0.0450108
Muller_E	3002579	0.451795	0.503271	0.0449337
Muller_E	3003095	0.451853	0.503258	0.0448887
Muller_E	3003540	0.451903	0.503247	0.0448499
Muller_E	3004120	0.451969	0.503232	0.0447993
Muller_E	3005221	0.452093	0.503203	0.0447033
Muller_E	3007967	0.452404	0.503132	0.044464
Muller_E	3012773	0.452947	0.503007	0.0440454
Muller_E	3013331	0.453011	0.502993	0.0439968
Muller_E	3013618	0.453043	0.502985	0.0439719
Muller_E	3014080	0.453095	0.502973	0.0439317
Muller_E	3014783	0.453175	0.502955	0.0438705
Muller_E	3016296	0.453346	0.502915	0.0437388
Muller_E	3017214	0.45345	0.502891	0.043659
Muller_E	3018320	0.453576	0.502862	0.0435628
Muller_E	3018982	0.453651	0.502844	0.0435053
Muller_E	3019303	0.453687	0.502836	0.0434773
Muller_E	3019831	0.453747	0.502822	0.0434314
Muller_E	3021834	0.453974	0.502769	0.0432574
Muller_E	3021944	0.453986	0.502766	0.0432478
Muller_E	3023127	0.45412	0.502735	0.043145
Muller_E	3024474	0.454273	0.502699	0.043028
Muller_E	3024813	0.454312	0.50269	0.0429986
Muller_E	3029421	0.454834	0.502567	0.0425986
Muller_E	3029834	0.454881	0.502556	0.0425628
Muller_E	3030101	0.454912	0.502549	0.0425396
Muller_E	3033200	0.455264	0.502466	0.0422709
Muller_E	3033901	0.455343	0.502447	0.0422101
Muller_E	3034073	0.455363	0.502442	0.0421952
Muller_E	3036032	0.455585	0.502389	0.0420254
Muller_E	3038305	0.455844	0.502328	0.0418285
Muller_E	3041816	0.456243	0.502232	0.0415245
Muller_E	3044683	0.456569	0.502154	0.0412765
Muller_E	3046757	0.456806	0.502097	0.0410971
Muller_E	3046887	0.45682	0.502094	0.0410859
Muller_E	3047900	0.456936	0.502066	0.0409983
Muller_E	3048135	0.456963	0.502059	0.040978
Muller_E	3050664	0.457251	0.50199	0.0407595
Muller_E	3051698	0.457369	0.501961	0.0406702
Muller_E	3051968	0.457399	0.501954	0.0406468
Muller_E	3052635	0.457475	0.501935	0.0405892
Muller_E	3053197	0.457539	0.50192	0.0405407
Muller_E	3056428	0.457908	0.50183	0.0402618
Muller_E	3056712	0.45794	0.501822	0.0402373
Muller_E	3058398	0.458133	0.501775	0.0400919
Muller_E	3059687	0.45828	0.50174	0.0399807
Muller_E	3061511	0.458488	0.501689	0.0398234
Muller_E	3062406	0.45859	0.501663	0.0397463
Muller_E	3062537	0.458605	0.50166	0.039735
Muller_E	3100018	0.4629	0.500583	0.036517
Muller_E	3100718	0.462981	0.500562	0.0364571
Muller_E	3112367	0.464322	0.500216	0.0354621
Muller_E	3112987	0.464394	0.500197	0.0354092
Muller_E	3113420	0.464443	0.500184	0.0353723
Muller_E	3116107	0.464753	0.500104	0.0351432
Muller_E	3119432	0.465137	0.500003	0.0348598
Muller_E	3119714	0.465169	0.499995	0.0348358
Muller_E	3120862	0.465302	0.49996	0.034738
Muller_E	3122265	0.465464	0.499918	0.0346185
Muller_E	3123364	0.465591	0.499884	0.034525
Muller_E	3124138	0.46568	0.499861	0.0344591
Muller_E	3127464	0.466064	0.49976	0.0341761
Muller_E	3128767	0.466215	0.49972	0.0340653
Muller_E	3128895	0.46623	0.499716	0.0340544
Muller_E	3129611	0.466312	0.499694	0.0339936
Muller_E	3129743	0.466328	0.49969	0.0339823
Muller_E	3130171	0.466377	0.499677	0.0339459
Muller_E	3131529	0.466534	0.499635	0.0338305
Muller_E	3137674	0.467245	0.499446	0.0333086
Muller_E	3139976	0.467512	0.499375	0.0331133
Muller_E	3143168	0.467882	0.499276	0.0328426
Muller_E	3169152	0.4709	0.498454	0.0306456
Muller_E	3170575	0.471066	0.498409	0.0305256
Muller_E	3173857	0.471448	0.498303	0.030249
Muller_E	3192801	0.47366	0.497684	0.0286562
Muller_E	3194086	0.47381	0.497642	0.0285484
Muller_E	3194230	0.473827	0.497637	0.0285363
Muller_E	3207603	0.475393	0.497191	0.027416
Muller_E	3207708	0.475405	0.497188	0.0274072
Muller_E	3208070	0.475447	0.497176	0.0273769
Muller_E	3208369	0.475482	0.497166	0.0273519
Muller_E	3208507	0.475499	0.497161	0.0273404
Muller_E	3208706	0.475522	0.497154	0.0273237
Muller_E	3210124	0.475688	0.497107	0.0272052
Muller_E	3211254	0.475821	0.497068	0.0271107
Muller_E	3212088	0.475919	0.49704	0.027041
Muller_E	3216063	0.476385	0.496906	0.0267089
Muller_E	3216461	0.476432	0.496892	0.0266757
Muller_E	3217109	0.476508	0.49687	0.0266215
Muller_E	3217441	0.476547	0.496859	0.0265938
Muller_E	3217706	0.476578	0.49685	0.0265717
Muller_E	3217825	0.476592	0.496846	0.0265618
Muller_E	3218354	0.476654	0.496828	0.0265176
Muller_E	3219292	0.476765	0.496796	0.0264393
Muller_E	3219763	0.47682	0.49678	0.0264
Muller_E	3221459	0.477019	0.496722	0.0262585
Muller_E	3222112	0.477096	0.4967	0.0262041
Muller_E	3223012	0.477202	0.496669	0.026129
Muller_E	3223549	0.477265	0.496651	0.0260842
Muller_E	3224815	0.477414	0.496608	0.0259787
Muller_E	3226800	0.477647	0.496539	0.0258132
Muller_E	3229718	0.477991	0.496439	0.0255702
Muller_E	3240322	0.47924	0.496072	0.0246881
Muller_E	3240918	0.47931	0.496051	0.0246386
Muller_E	3241273	0.479352	0.496039	0.0246091
Muller_E	3247835	0.480127	0.495809	0.0240644
Muller_E	3251442	0.480553	0.495682	0.0237652
Muller_E	3252203	0.480643	0.495655	0.0237022
Muller_E	3254014	0.480857	0.495591	0.0235521
Muller_E	3254518	0.480916	0.495573	0.0235103
Muller_E	3255141	0.48099	0.495551	0.0234587
Muller_E	3255365	0.481016	0.495543	0.0234402
Muller_E	3259142	0.481463	0.495409	0.0231275
Muller_E	3259935	0.481557	0.495381	0.0230618
Muller_E	3262497	0.48186	0.49529	0.0228499
Muller_E	3263708	0.482004	0.495247	0.0227497
Muller_E	3264644	0.482115	0.495213	0.0226724
Muller_E	3266132	0.482291	0.49516	0.0225494
Muller_E	3266579	0.482344	0.495144	0.0225124
Muller_E	3266806	0.482371	0.495136	0.0224937
Muller_E	3269029	0.482634	0.495056	0.02231
Muller_E	3271700	0.482951	0.49496	0.0220895
Muller_E	3271881	0.482972	0.494953	0.0220746
Muller_E	3273894	0.483211	0.49488	0.0219084
Muller_E	3275081	0.483352	0.494838	0.0218105
Muller_E	3275989	0.647489	0.350801	0.00170964
Muller_E	3278049	0.483568	0.494706	0.0217264
Muller_E	3280894	0.483717	0.49457	0.0217136
Muller_E	3282107	0.48378	0.494512	0.0217082
Muller_E	3282973	0.483826	0.49447	0.0217043
Muller_E	3284532	0.483907	0.494395	0.0216973
Muller_E	3291321	0.484263	0.49407	0.0216667
Muller_E	3291878	0.484292	0.494043	0.0216642
Muller_E	3293351	0.48437	0.493973	0.0216575
Muller_E	3293759	0.484391	0.493953	0.0216557
Muller_E	3304917	0.484976	0.493419	0.0216051
Muller_E	3306663	0.485068	0.493335	0.0215971
Muller_E	3306880	0.485079	0.493325	0.0215961
Muller_E	3310127	0.485249	0.493169	0.0215813
Muller_E	3312301	0.485363	0.493065	0.0215714
Muller_E	3312718	0.485385	0.493045	0.0215695
Muller_E	3318766	0.485702	0.492756	0.0215418
Muller_E	3323588	0.485955	0.492525	0.0215197
Muller_E	3324201	0.485988	0.492495	0.0215169
Muller_E	3324656	0.486011	0.492474	0.0215148
Muller_E	3325091	0.486034	0.492453	0.0215128
Muller_E	3326084	0.486086	0.492405	0.0215083
Muller_E	3326190	0.486092	0.4924	0.0215078
Muller_E	3330218	0.486303	0.492207	0.0214892
Muller_E	3334866	0.486547	0.491985	0.0214678
Muller_E	3337545	0.486688	0.491857	0.0214554
Muller_E	3340268	0.486831	0.491726	0.0214428
Muller_E	3340480	0.486842	0.491716	0.0214418
Muller_E	3410593	0.490525	0.488364	0.0211109
Muller_E	3431230	0.491611	0.487378	0.0210113
Muller_E	3437416	0.491936	0.487082	0.0209813
Muller_E	3456916	0.492963	0.486151	0.0208859
Muller_E	3457694	0.493004	0.486114	0.0208821
Muller_E	3459001	0.493073	0.486052	0.0208757
Muller_E	3462300	0.493246	0.485894	0.0208594
Muller_E	3464519	0.493363	0.485788	0.0208485
Muller_E	3464673	0.493371	0.485781	0.0208478
Muller_E	3477602	0.494052	0.485164	0.0207838
Muller_E	3525631	0.496584	0.482873	0.0205429
Muller_E	3546828	0.497703	0.481862	0.0204348
Muller_E	3557059	0.498243	0.481375	0.0203823
Muller_E	3566467	0.49874	0.480926	0.0203338
Muller_E	3572057	0.499035	0.48066	0.0203049
Muller_E	3572168	0.499041	0.480655	0.0203043
Muller_E	3579272	0.499416	0.480316	0.0202675
Muller_E	3579502	0.499429	0.480305	0.0202663
Muller_E	3582419	0.499583	0.480166	0.0202511
Muller_E	3590131	0.49999	0.479799	0.0202109
Muller_E	3605233	0.500789	0.479079	0.0201318
Muller_E	3610748	0.50108	0.478817	0.0201028
Muller_E	3611776	0.501135	0.478768	0.0200974
Muller_E	3615071	0.501309	0.478611	0.02008
Muller_E	3617701	0.501448	0.478486	0.0200662
Muller_E	3617818	0.501454	0.47848	0.0200655
Muller_E	3617948	0.501461	0.478474	0.0200649
Muller_E	3623404	0.50175	0.478214	0.020036
Muller_E	3630035	0.502101	0.477898	0.0200008
Muller_E	3631532	0.50218	0.477827	0.0199929
Muller_E	3634067	0.502314	0.477706	0.0199794
Muller_E	3642157	0.502743	0.477321	0.0199363
Muller_E	3643438	0.50281	0.47726	0.0199294
Muller_E	3645674	0.502929	0.477154	0.0199175
Muller_E	3652519	0.503291	0.476828	0.0198809
Muller_E	3655257	0.503436	0.476698	0.0198662
Muller_E	3657953	0.503579	0.476569	0.0198517
Muller_E	3660200	0.503698	0.476462	0.0198396
Muller_E	3665461	0.503977	0.476212	0.0198113
Muller_E	3670065	0.504221	0.475993	0.0197864
Muller_E	3757777	0.508875	0.471821	0.0193042
Muller_E	3766114	0.509318	0.471424	0.0192575
Muller_E	3770199	0.509535	0.47123	0.0192345
Muller_E	3771242	0.509591	0.471181	0.0192287
Muller_E	3775369	0.50981	0.470984	0.0192054
Muller_E	3781958	0.510161	0.470671	0.0191683
Muller_E	3788305	0.510498	0.470369	0.0191324
Muller_E	3788531	0.51051	0.470359	0.0191311
Muller_E	3788717	0.51052	0.47035	0.0191301
Muller_E	3791492	0.510668	0.470218	0.0191143
Muller_E	3791929	0.510691	0.470197	0.0191119
Muller_E	3794089	0.510806	0.470094	0.0190996
Muller_E	3798034	0.511016	0.469907	0.0190772
Muller_E	3805877	0.511433	0.469534	0.0190326
Muller_E	3808116	0.511552	0.469428	0.0190198
Muller_E	3837593	0.513122	0.468027	0.0188507
Muller_E	3889492	0.51589	0.465561	0.0185485
Muller_E	3892070	0.516028	0.465439	0.0185334
Muller_E	3892768	0.516065	0.465405	0.0185293
Muller_E	3893846	0.516123	0.465354	0.0185229
Muller_E	3895236	0.516197	0.465288	0.0185147
Muller_E	3896701	0.516275	0.465219	0.0185061
Muller_E	3964144	0.519881	0.462015	0.0181038
Muller_E	3964249	0.519887	0.46201	0.0181032
Muller_E	3964701	0.519911	0.461989	0.0181005
Muller_E	3965335	0.519945	0.461959	0.0180966
Muller_E	3965537	0.519956	0.461949	0.0180954
Muller_E	3971184	0.520258	0.461681	0.0180613
Muller_E	4005791	0.522112	0.460037	0.0178507
Muller_E	4007537	0.522206	0.459954	0.01784
Muller_E	4008073	0.522234	0.459929	0.0178367
Muller_E	4008732	0.52227	0.459898	0.0178327
Muller_E	4009275	0.522299	0.459872	0.0178294
Muller_E	4009794	0.522327	0.459847	0.0178262
Muller_E	4010462	0.522362	0.459815	0.0178221
Muller_E	4011246	0.522405	0.459778	0.0178173
Muller_E	4011350	0.52241	0.459773	0.0178166
Muller_E	4011743	0.522431	0.459755	0.0178142
Muller_E	4012926	0.522495	0.459698	0.017807
Muller_E	4015010	0.522606	0.459599	0.0177942
Muller_E	4015956	0.522657	0.459555	0.0177884
Muller_E	4016731	0.522699	0.459518	0.0177836
Muller_E	4017133	0.52272	0.459499	0.0177811
Muller_E	4017640	0.522747	0.459475	0.017778
Muller_E	4021078	0.522932	0.459311	0.0177569
Muller_E	4021876	0.522975	0.459273	0.017752
Muller_E	4022513	0.523009	0.459243	0.017748
Muller_E	4022928	0.523031	0.459223	0.0177455
Muller_E	4024532	0.523117	0.459147	0.0177356
Muller_E	4024639	0.523123	0.459142	0.017735
Muller_E	4025270	0.523157	0.459112	0.0177311
Muller_E	4027169	0.523259	0.459022	0.0177194
Muller_E	4027437	0.523273	0.459009	0.0177177
Muller_E	4027764	0.523291	0.458994	0.0177157
Muller_E	4029270	0.523371	0.458922	0.0177064
Muller_E	4032202	0.523529	0.458783	0.0176883
Muller_E	4032327	0.523535	0.458777	0.0176875
Muller_E	4033521	0.523599	0.45872	0.0176802
Muller_E	4033797	0.523614	0.458707	0.0176785
Muller_E	4036360	0.523752	0.458586	0.0176626
Muller_E	4037138	0.523794	0.458549	0.0176578
Muller_E	4037610	0.523819	0.458526	0.0176549
Muller_E	4040496	0.523974	0.458389	0.017637
Muller_E	4040949	0.523998	0.458368	0.0176342
Muller_E	4045900	0.524264	0.458132	0.0176035
Muller_E	4046078	0.524274	0.458124	0.0176024
Muller_E	4046843	0.524315	0.458088	0.0175977
Muller_E	4047581	0.524354	0.458053	0.0175931
Muller_E	4048275	0.524392	0.45802	0.0175888
Muller_E	4048700	0.524414	0.457999	0.0175862
Muller_E	4053592	0.524677	0.457767	0.0175558
Muller_E	4056223	0.524818	0.457642	0.0175394
Muller_E	4056545	0.524836	0.457627	0.0175374
Muller_E	4056951	0.524858	0.457608	0.0175349
Muller_E	4057601	0.524892	0.457577	0.0175308
Muller_E	4057720	0.524899	0.457571	0.0175301
Muller_E	4058043	0.524916	0.457556	0.0175281
Muller_E	4058149	0.524922	0.457551	0.0175274
Muller_E	4058704	0.524952	0.457524	0.0175239
Muller_E	4059417	0.52499	0.45749	0.0175195
Muller_E	4059965	0.525019	0.457464	0.0175161
Muller_E	4061381	0.525096	0.457397	0.0175073
Muller_E	4061745	0.525115	0.45738	0.017505
Muller_E	4062020	0.52513	0.457367	0.0175033
Muller_E	4062507	0.525156	0.457344	0.0175002
Muller_E	4062941	0.525179	0.457323	0.0174975
Muller_E	4064035	0.525238	0.457271	0.0174907
Muller_E	4064680	0.525273	0.457241	0.0174867
Muller_E	4064829	0.525281	0.457233	0.0174857
Muller_E	4065474	0.525315	0.457203	0.0174817
Muller_E	4065574	0.525321	0.457198	0.0174811
Muller_E	4066028	0.525345	0.457177	0.0174783
Muller_E	4067541	0.525427	0.457105	0.0174688
Muller_E	4067967	0.525449	0.457084	0.0174661
Muller_E	4068535	0.52548	0.457057	0.0174626
Muller_E	4069245	0.525518	0.457024	0.0174582
Muller_E	4070105	0.525564	0.456983	0.0174528
Muller_E	4071088	0.525617	0.456936	0.0174466
Muller_E	4071641	0.525647	0.45691	0.0174432
Muller_E	4072126	0.525673	0.456887	0.0174401
Muller_E	4072768	0.525707	0.456856	0.0174361
Muller_E	4072973	0.525718	0.456847	0.0174348
Muller_E	4073359	0.525739	0.456828	0.0174324
Muller_E	4075135	0.525835	0.456744	0.0174213
Muller_E	4075254	0.525841	0.456738	0.0174206
Muller_E	4076053	0.525884	0.4567	0.0174156
Muller_E	4077160	0.525944	0.456648	0.0174086
Muller_E	4078165	0.525998	0.4566	0.0174023
Muller_E	4078690	0.526026	0.456575	0.017399
Muller_E	4078900	0.526037	0.456565	0.0173977
Muller_E	4079010	0.526043	0.45656	0.017397
Muller_E	4079297	0.526058	0.456546	0.0173952
Muller_E	4081728	0.526189	0.456431	0.01738
Muller_E	4082079	0.526208	0.456414	0.0173778
Muller_E	4083988	0.526311	0.456324	0.0173658
Muller_E	4085715	0.526404	0.456242	0.0173549
Muller_E	4089306	0.526597	0.456071	0.0173324
Muller_E	4089803	0.526623	0.456047	0.0173292
Muller_E	4092778	0.526783	0.455906	0.0173105
Muller_E	4092894	0.52679	0.455901	0.0173098
Muller_E	4098915	0.527114	0.455615	0.0172718
Muller_E	4109650	0.527691	0.455105	0.017204
Muller_E	4113217	0.527883	0.454935	0.0171814
Muller_E	4113538	0.527901	0.45492	0.0171793
Muller_E	4114422	0.527948	0.454878	0.0171737
Muller_E	4114803	0.527969	0.45486	0.0171713
Muller_E	4115118	0.527986	0.454845	0.0171693
Muller_E	4116856	0.528079	0.454762	0.0171583
Muller_E	4117074	0.528091	0.454752	0.0171569
Muller_E	4117473	0.528112	0.454733	0.0171544
Muller_E	4118970	0.528193	0.454662	0.0171449
Muller_E	4121851	0.528348	0.454525	0.0171266
Muller_E	4122071	0.52836	0.454515	0.0171252
Muller_E	4122393	0.528377	0.454499	0.0171231
Muller_E	4122818	0.5284	0.454479	0.0171204
Muller_E	4124318	0.528481	0.454408	0.0171109
Muller_E	4124418	0.528486	0.454403	0.0171102
Muller_E	4126492	0.528598	0.454305	0.017097
Muller_E	4127527	0.528654	0.454256	0.0170904
Muller_E	4127720	0.528664	0.454246	0.0170892
Muller_E	4128101	0.528685	0.454228	0.0170868
Muller_E	4128234	0.528692	0.454222	0.0170859
Muller_E	4130334	0.528805	0.454122	0.0170726
Muller_E	4132221	0.528907	0.454033	0.0170605
Muller_E	4134741	0.529043	0.453913	0.0170445
Muller_E	4134982	0.529056	0.453901	0.0170429
Muller_E	4136547	0.52914	0.453827	0.0170329
Muller_E	4140224	0.529338	0.453652	0.0170094
Muller_E	4140902	0.529375	0.45362	0.0170051
Muller_E	4141485	0.529406	0.453593	0.0170014
Muller_E	4143836	0.529533	0.453481	0.0169863
Muller_E	4144350	0.52956	0.453456	0.016983
Muller_E	4144848	0.529587	0.453433	0.0169798
Muller_E	4150850	0.529911	0.453148	0.0169414
Muller_E	4151927	0.529969	0.453097	0.0169345
Muller_E	4154621	0.530114	0.452969	0.0169172
Muller_E	4159745	0.530391	0.452725	0.0168843
Muller_E	4159958	0.530402	0.452715	0.0168829
Muller_E	4160923	0.530454	0.452669	0.0168767
Muller_E	4161787	0.530501	0.452628	0.0168711
Muller_E	4162162	0.530521	0.45261	0.0168687
Muller_E	4163984	0.530619	0.452524	0.016857
Muller_E	4164218	0.530632	0.452513	0.0168555
Muller_E	4164859	0.530666	0.452482	0.0168513
Muller_E	4165033	0.530676	0.452474	0.0168502
Muller_E	4165157	0.530683	0.452468	0.0168494
Muller_E	4165383	0.530695	0.452457	0.016848
Muller_E	4165808	0.530718	0.452437	0.0168452
Muller_E	4165958	0.530726	0.45243	0.0168443
Muller_E	4166062	0.530731	0.452425	0.0168436
Muller_E	4166243	0.530741	0.452416	0.0168424
Muller_E	4166628	0.530762	0.452398	0.0168399
Muller_E	4168755	0.530877	0.452297	0.0168262
Muller_E	4172546	0.531081	0.452117	0.0168018
Muller_E	4172827	0.531096	0.452104	0.0167999
Muller_E	4173860	0.531152	0.452055	0.0167933
Muller_E	4176100	0.531273	0.451948	0.0167788
Muller_E	4176326	0.531285	0.451937	0.0167773
Muller_E	4176826	0.531312	0.451914	0.0167741
Muller_E	4177022	0.531323	0.451904	0.0167728
Muller_E	4178339	0.531394	0.451842	0.0167643
Muller_E	4178608	0.531408	0.451829	0.0167626
Muller_E	4179326	0.531447	0.451795	0.0167579
Muller_E	4180712	0.531522	0.451729	0.016749
Muller_E	4180966	0.531536	0.451717	0.0167473
Muller_E	4184926	0.531749	0.451529	0.0167217
Muller_E	4185178	0.531763	0.451517	0.01672
Muller_E	4185319	0.531771	0.45151	0.0167191
Muller_E	4185532	0.531782	0.4515	0.0167177
Muller_E	4187632	0.531896	0.4514	0.0167041
Muller_E	4188227	0.531928	0.451372	0.0167003
Muller_E	4188670	0.531952	0.451351	0.0166974
Muller_E	4192621	0.532165	0.451163	0.0166717
Muller_E	4193546	0.532215	0.451119	0.0166657
Muller_E	4194407	0.532261	0.451078	0.0166601
Muller_E	4195783	0.532336	0.451013	0.0166512
Muller_E	4196010	0.532348	0.451002	0.0166497
Muller_E	4197440	0.532425	0.450934	0.0166404
Muller_E	4198223	0.532468	0.450897	0.0166353
Muller_E	4199021	0.532511	0.450859	0.0166301
Muller_E	4199203	0.532521	0.450851	0.0166289
Muller_E	4199424	0.532532	0.45084	0.0166275
Muller_E	4199639	0.532544	0.45083	0.0166261
Muller_E	4199983	0.532563	0.450813	0.0166239
Muller_E	4203293	0.532741	0.450656	0.0166023
Muller_E	4205814	0.532878	0.450536	0.0165859
Muller_E	4206134	0.532895	0.450521	0.0165838
Muller_E	4207588	0.532974	0.450452	0.0165743
Muller_E	4210680	0.533141	0.450305	0.0165541
Muller_E	4210928	0.533154	0.450293	0.0165525
Muller_E	4211312	0.533175	0.450275	0.01655
Muller_E	4211755	0.533199	0.450254	0.0165471
Muller_E	4213444	0.53329	0.450174	0.016536
Muller_E	4216650	0.533463	0.450022	0.0165151
Muller_E	4217058	0.533485	0.450002	0.0165124
Muller_E	4217453	0.533507	0.449983	0.0165098
Muller_E	4217565	0.533513	0.449978	0.0165091
Muller_E	4217669	0.533518	0.449973	0.0165084
Muller_E	4217825	0.533527	0.449966	0.0165074
Muller_E	4218923	0.533586	0.449914	0.0165002
Muller_E	4225215	0.533927	0.449615	0.016459
Muller_E	4232774	0.534335	0.449255	0.0164093
Muller_E	4235298	0.534472	0.449135	0.0163927
Muller_E	4245993	0.535051	0.448627	0.0163222
Muller_E	4252835	0.535421	0.448302	0.016277
Muller_E	4253725	0.535469	0.44826	0.0162712
Muller_E	4256197	0.535603	0.448142	0.0162548
Muller_E	4261234	0.535876	0.447903	0.0162214
Muller_E	4262892	0.535966	0.447824	0.0162104
Muller_E	4263238	0.535985	0.447807	0.0162081
Muller_E	4263588	0.536003	0.447791	0.0162058
Muller_E	4264621	0.536059	0.447742	0.016199
Muller_E	4266950	0.536186	0.447631	0.0161835
Muller_E	4267529	0.536217	0.447603	0.0161797
Muller_E	4276223	0.536688	0.44719	0.0161218
Muller_E	4311688	0.538612	0.445504	0.0158845
Muller_E	4311965	0.538627	0.445491	0.0158826
Muller_E	4312254	0.538642	0.445477	0.0158807
Muller_E	4312510	0.538656	0.445465	0.015879
Muller_E	4334492	0.53985	0.444419	0.0157306
Muller_E	4352032	0.540803	0.443585	0.0156116
Muller_E	4353438	0.54088	0.443518	0.0156021
Muller_E	4356857	0.541066	0.443355	0.0155788
Muller_E	4360054	0.54124	0.443203	0.015557
Muller_E	4374783	0.542041	0.442502	0.0154564
Muller_E	4374946	0.54205	0.442495	0.0154553
Muller_E	4381350	0.542399	0.44219	0.0154114
Muller_E	4558836	0.552101	0.433734	0.0141656
Muller_E	4562012	0.552275	0.433582	0.0141428
Muller_E	4564083	0.552389	0.433483	0.0141279
Muller_E	4564194	0.552395	0.433478	0.0141271
Muller_E	4568491	0.552631	0.433273	0.0140962
Muller_E	4569115	0.552665	0.433243	0.0140917
Muller_E	4569749	0.5527	0.433213	0.0140872
Muller_E	4570340	0.552732	0.433185	0.0140829
Muller_E	4571890	0.552818	0.433111	0.0140718
Muller_E	4572624	0.552858	0.433076	0.0140665
Muller_E	4573491	0.552905	0.433034	0.0140602
Muller_E	4573809	0.552923	0.433019	0.0140579
Muller_E	4577361	0.553118	0.43285	0.0140323
Muller_E	4577462	0.553124	0.432845	0.0140316
Muller_E	4578308	0.55317	0.432804	0.0140255
Muller_E	4580664	0.5533	0.432692	0.0140085
Muller_E	4580954	0.553315	0.432678	0.0140064
Muller_E	4581769	0.55336	0.432639	0.0140005
Muller_E	4581909	0.553368	0.432633	0.0139995
Muller_E	4583019	0.553429	0.43258	0.0139915
Muller_E	4583393	0.55345	0.432562	0.0139888
Muller_E	4583516	0.553456	0.432556	0.0139879
Muller_E	4584473	0.553509	0.43251	0.013981
Muller_E	4589180	0.553768	0.432285	0.013947
Muller_E	4590247	0.553826	0.432235	0.0139393
Muller_E	4591539	0.553897	0.432173	0.0139299
Muller_E	4593253	0.553991	0.432091	0.0139175
Muller_E	4593508	0.554005	0.432079	0.0139157
Muller_E	4593974	0.554031	0.432057	0.0139123
Muller_E	4595111	0.554094	0.432002	0.0139041
Muller_E	4595303	0.554104	0.431993	0.0139027
Muller_E	4597548	0.554228	0.431886	0.0138864
Muller_E	4597833	0.554243	0.431872	0.0138843
Muller_E	4600306	0.554379	0.431754	0.0138664
Muller_E	4607273	0.554763	0.431422	0.0138158
Muller_E	4607398	0.554769	0.431416	0.0138149
Muller_E	4610441	0.554937	0.43127	0.0137928
Muller_E	4611041	0.55497	0.431242	0.0137885
Muller_E	4611562	0.554999	0.431217	0.0137847
Muller_E	4611697	0.555006	0.43121	0.0137837
Muller_E	4612447	0.555047	0.431175	0.0137782
Muller_E	4612733	0.555063	0.431161	0.0137762
Muller_E	4612927	0.555074	0.431152	0.0137747
Muller_E	4613148	0.555086	0.431141	0.0137731
Muller_E	4614502	0.55516	0.431076	0.0137633
Muller_E	4615888	0.555237	0.43101	0.0137532
Muller_E	4616173	0.555252	0.430997	0.0137511
Muller_E	4616508	0.555271	0.430981	0.0137487
Muller_E	4616663	0.555279	0.430973	0.0137476
Muller_E	4618190	0.555363	0.4309	0.0137364
Muller_E	4619781	0.555451	0.430824	0.0137249
Muller_E	4622166	0.555582	0.43071	0.0137075
Muller_E	4626314	0.555811	0.430512	0.0136772
Muller_E	4626864	0.555841	0.430486	0.0136732
Muller_E	4627368	0.555869	0.430462	0.0136695
Muller_E	4627488	0.555875	0.430456	0.0136687
Muller_E	4633961	0.556232	0.430147	0.0136214
Muller_E	4635834	0.556335	0.430057	0.0136077
Muller_E	4636452	0.556369	0.430028	0.0136032
Muller_E	4637295	0.556415	0.429988	0.013597
Muller_E	4640891	0.556614	0.429816	0.0135707
Muller_E	4645727	0.55688	0.429585	0.0135352
Muller_E	4646376	0.556916	0.429554	0.0135305
Muller_E	4646798	0.556939	0.429534	0.0135274
Muller_E	4653320	0.557299	0.429222	0.0134795
Muller_E	4656520	0.557475	0.429069	0.013456
Muller_E	4672665	0.558366	0.428297	0.0133372
Muller_E	4674140	0.558447	0.428227	0.0133263
Muller_E	4675745	0.558536	0.42815	0.0133144
Muller_E	4676485	0.558577	0.428114	0.013309
Muller_E	4677110	0.558611	0.428085	0.0133044
Muller_E	4677655	0.558641	0.428058	0.0133003
Muller_E	4678986	0.558715	0.427995	0.0132905
Muller_E	4680223	0.558783	0.427936	0.0132814
Muller_E	4682403	0.558903	0.427831	0.0132652
Muller_E	4682621	0.558915	0.427821	0.0132636
Muller_E	4684270	0.559006	0.427742	0.0132514
Muller_E	4685491	0.559074	0.427684	0.0132424
Muller_E	4686019	0.559103	0.427658	0.0132385
Muller_E	4687101	0.559163	0.427607	0.0132305
Muller_E	4689628	0.559302	0.427486	0.0132118
Muller_E	4690052	0.559326	0.427466	0.0132086
Muller_E	4690344	0.559342	0.427452	0.0132065
Muller_E	4690905	0.559373	0.427425	0.0132023
Muller_E	4691125	0.559385	0.427414	0.0132007
Muller_E	4691712	0.559417	0.427386	0.0131963
Muller_E	4691999	0.559433	0.427372	0.0131942
Muller_E	4692111	0.55944	0.427367	0.0131934
Muller_E	4693234	0.559502	0.427313	0.0131851
Muller_E	4693620	0.559523	0.427295	0.0131822
Muller_E	4693753	0.55953	0.427289	0.0131812
Muller_E	4694021	0.559545	0.427276	0.0131792
Muller_E	4694592	0.559577	0.427248	0.013175
Muller_E	4696429	0.559678	0.427161	0.0131614
Muller_E	4696792	0.559698	0.427143	0.0131587
Muller_E	4699402	0.559842	0.427018	0.0131393
Muller_E	4700957	0.559928	0.426944	0.0131278
Muller_E	4702606	0.560019	0.426865	0.0131155
Muller_E	4708142	0.560325	0.4266	0.0130744
Muller_E	4712097	0.560544	0.426411	0.013045
Muller_E	4713898	0.560644	0.426325	0.0130316
Muller_E	4714194	0.56066	0.426311	0.0130294
Muller_E	4717094	0.560821	0.426172	0.0130077
Muller_E	4717794	0.560859	0.426138	0.0130025
Muller_E	4720564	0.561012	0.426006	0.0129819
Muller_E	4722390	0.561113	0.425918	0.0129683
Muller_E	4727534	0.561398	0.425672	0.0129299
Muller_E	4730688	0.561573	0.425521	0.0129063
Muller_E	4731377	0.561611	0.425488	0.0129011
Muller_E	4732944	0.561698	0.425413	0.0128894
Muller_E	4738342	0.561996	0.425155	0.012849
Muller_E	4739398	0.562055	0.425104	0.0128411
Muller_E	4742492	0.562226	0.424956	0.0128179
Muller_E	4745718	0.562405	0.424801	0.0127938
Muller_E	4746457	0.562446	0.424766	0.0127882
Muller_E	4748015	0.562532	0.424691	0.0127765
Muller_E	4748352	0.562551	0.424675	0.012774
Muller_E	4748630	0.562566	0.424662	0.0127719
Muller_E	4751071	0.562701	0.424545	0.0127536
Muller_E	4751685	0.562735	0.424516	0.012749
Muller_E	4751817	0.562743	0.424509	0.012748
Muller_E	4752607	0.562787	0.424471	0.0127421
Muller_E	4752773	0.562796	0.424463	0.0127408
Muller_E	4753826	0.562854	0.424413	0.0127329
Muller_E	4754671	0.562901	0.424373	0.0127265
Muller_E	4756619	0.563009	0.424279	0.0127119
Muller_E	4759191	0.563151	0.424156	0.0126926
Muller_E	4761262	0.563266	0.424057	0.012677
Muller_E	4761866	0.5633	0.424028	0.0126724
Muller_E	4761985	0.563306	0.424022	0.0126715
Muller_E	4763545	0.563393	0.423947	0.0126598
Muller_E	4764509	0.563446	0.423901	0.0126525
Muller_E	4765595	0.563506	0.423849	0.0126444
Muller_E	4766291	0.563545	0.423816	0.0126391
Muller_E	4766501	0.563557	0.423806	0.0126375
Muller_E	4767354	0.563604	0.423765	0.0126311
Muller_E	4769627	0.56373	0.423656	0.012614
Muller_E	4769950	0.563748	0.423641	0.0126115
Muller_E	4772288	0.563878	0.423529	0.0125939
Muller_E	4773763	0.563959	0.423458	0.0125828
Muller_E	4773963	0.56397	0.423448	0.0125813
Muller_E	4774375	0.563993	0.423429	0.0125781
Muller_E	4774957	0.564026	0.423401	0.0125738
Muller_E	4775479	0.564055	0.423376	0.0125698
Muller_E	4776619	0.564118	0.423321	0.0125612
Muller_E	4779373	0.564271	0.423189	0.0125404
Muller_E	4781913	0.564412	0.423067	0.0125212
Muller_E	4782620	0.564451	0.423033	0.0125159
Muller_E	4783326	0.56449	0.423	0.0125105
Muller_E	4786044	0.564641	0.422869	0.01249
Muller_E	4786690	0.564677	0.422838	0.0124851
Muller_E	4789453	0.56483	0.422706	0.0124642
Muller_E	4790377	0.564881	0.422661	0.0124572
Muller_E	4792360	0.564991	0.422566	0.0124421
Muller_E	4792549	0.565002	0.422557	0.0124407
Muller_E	4792702	0.56501	0.42255	0.0124395
Muller_E	4822723	0.566679	0.42111	0.0122113
Muller_E	4832155	0.567203	0.420658	0.0121393
Muller_E	4834924	0.567357	0.420525	0.0121181
Muller_E	4838041	0.567531	0.420375	0.0120943
Muller_E	4839031	0.567586	0.420328	0.0120867
Muller_E	4840034	0.567642	0.420279	0.012079
Muller_E	4843722	0.567847	0.420102	0.0120508
Muller_E	4844215	0.567874	0.420079	0.012047
Muller_E	4846930	0.568025	0.419948	0.0120262
Muller_E	4847984	0.568084	0.419898	0.0120181
Muller_E	4849699	0.56818	0.419815	0.012005
Muller_E	4849916	0.568192	0.419805	0.0120033
Muller_E	4850646	0.568232	0.41977	0.0119977
Muller_E	4851102	0.568258	0.419748	0.0119942
Muller_E	4851280	0.568268	0.419739	0.0119929
Muller_E	4852753	0.56835	0.419669	0.0119815
Muller_E	4853630	0.568399	0.419627	0.0119748
Muller_E	4855355	0.568495	0.419544	0.0119616
Muller_E	4859608	0.568732	0.41934	0.0119289
Muller_E	4860728	0.568794	0.419286	0.0119203
Muller_E	4862947	0.568918	0.419179	0.0119032
Muller_E	4865598	0.569065	0.419052	0.0118828
Muller_E	4865718	0.569072	0.419046	0.0118819
Muller_E	4866182	0.569098	0.419024	0.0118783
Muller_E	4867670	0.569181	0.418952	0.0118669
Muller_E	4869382	0.569276	0.41887	0.0118537
Muller_E	4875634	0.569625	0.41857	0.0118055
Muller_E	4875860	0.569637	0.418559	0.0118038
Muller_E	4876983	0.5697	0.418505	0.0117951
Muller_E	4877350	0.569721	0.418487	0.0117923
Muller_E	4878065	0.56976	0.418453	0.0117867
Muller_E	4879381	0.569834	0.41839	0.0117766
Muller_E	4880635	0.569904	0.418329	0.0117669
Muller_E	4881487	0.569951	0.418288	0.0117603
Muller_E	4881936	0.569976	0.418267	0.0117569
Muller_E	4884468	0.570118	0.418145	0.0117373
Muller_E	4888342	0.570334	0.417959	0.0117074
Muller_E	4889910	0.570421	0.417884	0.0116952
Muller_E	4890915	0.570477	0.417835	0.0116875
Muller_E	4891113	0.570488	0.417826	0.0116859
Muller_E	4891366	0.570502	0.417814	0.011684
Muller_E	4891615	0.570516	0.417802	0.011682
Muller_E	4892655	0.570574	0.417752	0.011674
Muller_E	4894761	0.570692	0.41765	0.0116577
