chrom	position	2,0	1,1	0,2
Muller_E	62882	0.23296	0.415141	0.351899
Muller_E	267432	0.227479	0.424987	0.347534
Muller_E	441230	0.222847	0.433272	0.343881
Muller_E	511157	0.220989	0.436586	0.342425
Muller_E	557879	0.219749	0.438795	0.341456
Muller_E	581000	0.219135	0.439887	0.340978
Muller_E	709108	0.215741	0.445917	0.338342
Muller_E	768129	0.21418	0.448685	0.337136
Muller_E	785241	0.213727	0.449486	0.336787
Muller_E	787322	0.213672	0.449584	0.336744
Muller_E	787424	0.21367	0.449588	0.336742
Muller_E	788173	0.21365	0.449623	0.336727
Muller_E	788750	0.213634	0.44965	0.336715
Muller_E	788860	0.213632	0.449656	0.336713
Muller_E	791823	0.213553	0.449794	0.336653
Muller_E	802257	0.213277	0.450283	0.33644
Muller_E	893794	0.210859	0.454559	0.334582
Muller_E	894300	0.210845	0.454583	0.334572
Muller_E	896281	0.210793	0.454675	0.334532
Muller_E	897287	0.210767	0.454722	0.334511
Muller_E	897987	0.210748	0.454755	0.334497
Muller_E	901015	0.210668	0.454896	0.334436
Muller_E	901718	0.210649	0.454929	0.334421
Muller_E	923408	0.210077	0.45594	0.333983
Muller_E	923675	0.21007	0.455953	0.333978
Muller_E	924320	0.210053	0.455983	0.333965
Muller_E	927795	0.209961	0.456145	0.333894
Muller_E	948021	0.209427	0.457087	0.333486
Muller_E	948230	0.209421	0.457097	0.333482
Muller_E	958531	0.209149	0.457577	0.333274
Muller_E	967701	0.208907	0.458003	0.333089
Muller_E	969142	0.208869	0.458071	0.33306
Muller_E	1033237	0.207178	0.461051	0.331771
Muller_E	1120573	0.204874	0.465104	0.330022
Muller_E	1123171	0.204805	0.465225	0.32997
Muller_E	1146845	0.204181	0.466322	0.329497
Muller_E	1148492	0.204138	0.466398	0.329464
Muller_E	1168315	0.203615	0.467316	0.329069
Muller_E	1213395	0.202426	0.469403	0.328172
Muller_E	1262309	0.201136	0.471664	0.3272
Muller_E	1275111	0.200798	0.472256	0.326946
Muller_E	1275707	0.200782	0.472283	0.326934
Muller_E	1314313	0.199764	0.474066	0.32617
Muller_E	1318297	0.199659	0.47425	0.326091
Muller_E	1358440	0.1986	0.476103	0.325298
Muller_E	1358616	0.198595	0.476111	0.325294
Muller_E	1378824	0.198062	0.477043	0.324895
Muller_E	1480336	0.195382	0.481721	0.322897
Muller_E	1489232	0.195147	0.48213	0.322722
Muller_E	1645912	0.191006	0.489338	0.319656
Muller_E	1673398	0.190279	0.490601	0.319119
Muller_E	1718642	0.189081	0.492681	0.318238
Muller_E	1746815	0.188335	0.493975	0.31769
Muller_E	1763447	0.187895	0.494739	0.317366
Muller_E	1765039	0.187852	0.494812	0.317335
Muller_E	1765159	0.187849	0.494818	0.317333
Muller_E	1765369	0.187844	0.494827	0.317329
Muller_E	1771226	0.187688	0.495097	0.317215
Muller_E	1799036	0.186951	0.496374	0.316675
Muller_E	1802542	0.186858	0.496535	0.316607
Muller_E	1802678	0.186855	0.496541	0.316604
Muller_E	1803039	0.186845	0.496558	0.316597
Muller_E	1803347	0.186837	0.496572	0.316591
Muller_E	1805518	0.186779	0.496672	0.316549
Muller_E	1812938	0.186583	0.497013	0.316405
Muller_E	1813040	0.18658	0.497017	0.316403
Muller_E	1815234	0.186522	0.497118	0.31636
Muller_E	1815907	0.186504	0.497149	0.316347
Muller_E	1816383	0.186491	0.497171	0.316338
Muller_E	1831501	0.18609	0.497865	0.316045
Muller_E	1850978	0.185573	0.49876	0.315667
Muller_E	1851905	0.185549	0.498802	0.315649
Muller_E	1852166	0.185542	0.498814	0.315644
Muller_E	1857635	0.185397	0.499066	0.315538
Muller_E	1861157	0.185303	0.499227	0.31547
Muller_E	1861336	0.185298	0.499236	0.315466
Muller_E	1861880	0.185284	0.499261	0.315456
Muller_E	1866595	0.185159	0.499477	0.315364
Muller_E	1870209	0.185063	0.499643	0.315294
Muller_E	1871973	0.0240973	0.340991	0.634912
Muller_E	1880064	0.185391	0.500178	0.31443
Muller_E	1889333	0.185822	0.500697	0.313481
Muller_E	1891195	0.185909	0.500801	0.31329
Muller_E	1894320	0.186054	0.500975	0.312971
Muller_E	1900363	0.186336	0.501312	0.312352
Muller_E	1904375	0.186523	0.501535	0.311942
Muller_E	1915469	0.187042	0.50215	0.310809
Muller_E	1927060	0.187584	0.50279	0.309626
Muller_E	1932459	0.187837	0.503087	0.309075
Muller_E	1944351	0.188396	0.50374	0.307864
Muller_E	1946702	0.188507	0.503869	0.307624
Muller_E	1961660	0.189212	0.504686	0.306103
Muller_E	1975567	0.189869	0.505441	0.30469
Muller_E	2011856	0.191592	0.507396	0.301013
Muller_E	2013122	0.191652	0.507463	0.300885
Muller_E	2044597	0.193157	0.509137	0.297706
Muller_E	2048236	0.193331	0.509329	0.297339
Muller_E	2048434	0.193341	0.50934	0.29732
Muller_E	2086567	0.195177	0.51134	0.293483
Muller_E	2103366	0.19599	0.512212	0.291798
Muller_E	2117584	0.19668	0.512946	0.290374
Muller_E	2126123	0.197095	0.513385	0.289519
Muller_E	2135792	0.197566	0.513881	0.288553
Muller_E	2140907	0.197816	0.514142	0.288042
Muller_E	2141169	0.197829	0.514156	0.288016
Muller_E	2142715	0.197904	0.514235	0.287861
Muller_E	2145389	0.198035	0.514371	0.287594
Muller_E	2146953	0.198111	0.514451	0.287438
Muller_E	2147057	0.198116	0.514456	0.287428
Muller_E	2201852	0.200808	0.517219	0.281973
Muller_E	2204792	0.200953	0.517366	0.281681
Muller_E	2219543	0.201682	0.518099	0.280218
Muller_E	2220290	0.201719	0.518137	0.280144
Muller_E	2241628	0.202778	0.51919	0.278032
Muller_E	2243471	0.20287	0.519281	0.277849
Muller_E	2531559	0.217574	0.532669	0.249757
Muller_E	2693610	0.226173	0.539533	0.234295
Muller_E	2696554	0.226331	0.539653	0.234016
Muller_E	2706179	0.226849	0.540045	0.233105
Muller_E	2713009	0.227218	0.540322	0.23246
Muller_E	2716202	0.22739	0.540452	0.232158
Muller_E	2721440	0.227673	0.540664	0.231663
Muller_E	2735475	0.228432	0.541229	0.230339
Muller_E	2763120	0.229933	0.542332	0.227735
Muller_E	2777976	0.230742	0.542919	0.226339
Muller_E	2779619	0.230832	0.542983	0.226185
Muller_E	2787347	0.231254	0.543287	0.225459
Muller_E	2788916	0.23134	0.543348	0.225312
Muller_E	2795398	0.231694	0.543602	0.224704
Muller_E	2798296	0.231853	0.543715	0.224432
Muller_E	2799305	0.231908	0.543754	0.224338
Muller_E	2800245	0.231959	0.543791	0.22425
Muller_E	2800507	0.231974	0.543801	0.224225
Muller_E	2800780	0.231989	0.543812	0.224199
Muller_E	2800932	0.231997	0.543818	0.224185
Muller_E	2801158	0.232009	0.543827	0.224164
Muller_E	2805736	0.23226	0.544005	0.223735
Muller_E	2807233	0.232342	0.544063	0.223595
Muller_E	2807795	0.232373	0.544085	0.223542
Muller_E	2808363	0.232404	0.544107	0.223489
Muller_E	2809031	0.232441	0.544133	0.223426
Muller_E	2809272	0.232454	0.544142	0.223404
Muller_E	2809909	0.232489	0.544167	0.223344
Muller_E	2811470	0.232574	0.544227	0.223198
Muller_E	2811776	0.232591	0.544239	0.223169
Muller_E	2812117	0.23261	0.544253	0.223138
Muller_E	2815676	0.232805	0.54439	0.222804
Muller_E	2816259	0.232837	0.544413	0.22275
Muller_E	2817070	0.232882	0.544444	0.222674
Muller_E	2817616	0.232912	0.544465	0.222623
Muller_E	2819402	0.23301	0.544534	0.222456
Muller_E	2820166	0.233052	0.544564	0.222384
Muller_E	2820386	0.233064	0.544572	0.222364
Muller_E	2820775	0.233085	0.544587	0.222327
Muller_E	2821135	0.233105	0.544601	0.222294
Muller_E	2821440	0.233122	0.544613	0.222265
Muller_E	2826939	0.233424	0.544825	0.221751
Muller_E	2831172	0.233657	0.544988	0.221355
Muller_E	2831515	0.233676	0.545001	0.221323
Muller_E	2832336	0.233721	0.545033	0.221246
Muller_E	2833070	0.233761	0.545061	0.221178
Muller_E	2850717	0.234734	0.545736	0.21953
Muller_E	2853215	0.234872	0.545831	0.219297
Muller_E	2856496	0.235053	0.545955	0.218992
Muller_E	2856945	0.235078	0.545972	0.21895
Muller_E	2857481	0.235107	0.545993	0.2189
Muller_E	2858163	0.235145	0.546019	0.218836
Muller_E	2859754	0.235233	0.546079	0.218688
Muller_E	2859987	0.235246	0.546088	0.218666
Muller_E	2862604	0.235391	0.546187	0.218422
Muller_E	2866488	0.235606	0.546334	0.21806
Muller_E	2867267	0.235649	0.546363	0.217988
Muller_E	2868557	0.23572	0.546412	0.217868
Muller_E	2870085	0.235805	0.54647	0.217726
Muller_E	2870623	0.235834	0.54649	0.217675
Muller_E	2876155	0.236141	0.546699	0.217161
Muller_E	2877151	0.236196	0.546736	0.217068
Muller_E	2886067	0.236691	0.547071	0.216239
Muller_E	2886534	0.236717	0.547088	0.216195
Muller_E	2887599	0.236776	0.547128	0.216096
Muller_E	2887882	0.236791	0.547139	0.21607
Muller_E	2888492	0.236825	0.547161	0.216013
Muller_E	2888607	0.236832	0.547166	0.216003
Muller_E	2890000	0.236909	0.547218	0.215873
Muller_E	2890387	0.236931	0.547232	0.215837
Muller_E	2890907	0.23696	0.547252	0.215789
Muller_E	2894764	0.237174	0.547396	0.21543
Muller_E	2899098	0.237415	0.547557	0.215028
Muller_E	2901481	0.237547	0.547646	0.214807
Muller_E	2901643	0.237556	0.547652	0.214792
Muller_E	2902627	0.237611	0.547688	0.2147
Muller_E	2903432	0.237656	0.547718	0.214626
Muller_E	2904998	0.237743	0.547776	0.21448
Muller_E	2905994	0.237799	0.547813	0.214388
Muller_E	2907134	0.237862	0.547856	0.214282
Muller_E	2908511	0.237939	0.547907	0.214154
Muller_E	2909452	0.237991	0.547942	0.214067
Muller_E	2910160	0.238031	0.547968	0.214001
Muller_E	2911022	0.238079	0.548	0.213921
Muller_E	2911252	0.238092	0.548008	0.2139
Muller_E	2911992	0.238133	0.548036	0.213831
Muller_E	2914672	0.238282	0.548135	0.213583
Muller_E	2915489	0.238328	0.548165	0.213507
Muller_E	2918585	0.238501	0.548279	0.21322
Muller_E	2919015	0.238525	0.548295	0.21318
Muller_E	2919728	0.238564	0.548321	0.213114
Muller_E	2919971	0.238578	0.54833	0.213092
Muller_E	2921506	0.238664	0.548387	0.21295
Muller_E	2922564	0.238723	0.548426	0.212852
Muller_E	2922707	0.238731	0.548431	0.212838
Muller_E	2924226	0.238816	0.548487	0.212698
Muller_E	2925108	0.238865	0.548519	0.212616
Muller_E	2925552	0.23889	0.548536	0.212575
Muller_E	2928855	0.239074	0.548657	0.212269
Muller_E	2930674	0.239176	0.548724	0.2121
Muller_E	2931258	0.239209	0.548745	0.212046
Muller_E	2931592	0.239227	0.548757	0.212015
Muller_E	2931798	0.239239	0.548765	0.211996
Muller_E	2932326	0.239268	0.548784	0.211948
Muller_E	2945623	0.240013	0.54927	0.210718
Muller_E	2945753	0.24002	0.549274	0.210706
Muller_E	2945878	0.240027	0.549279	0.210694
Muller_E	2946001	0.240034	0.549283	0.210683
Muller_E	2955783	0.240583	0.549638	0.209779
Muller_E	2957997	0.240707	0.549719	0.209574
Muller_E	2959282	0.240779	0.549765	0.209456
Muller_E	2959697	0.240803	0.54978	0.209417
Muller_E	2959819	0.240809	0.549785	0.209406
Muller_E	2960759	0.240862	0.549818	0.209319
Muller_E	2961667	0.240913	0.549851	0.209236
Muller_E	2961801	0.240921	0.549856	0.209223
Muller_E	2963254	0.241002	0.549909	0.209089
Muller_E	2963568	0.24102	0.54992	0.20906
Muller_E	2975263	0.241678	0.550341	0.207981
Muller_E	2976725	0.24176	0.550393	0.207847
Muller_E	2977784	0.24182	0.550431	0.207749
Muller_E	2982473	0.242084	0.550599	0.207317
Muller_E	2984283	0.242186	0.550663	0.20715
Muller_E	2985483	0.242254	0.550706	0.20704
Muller_E	2985658	0.242264	0.550713	0.207024
Muller_E	2985908	0.242278	0.550721	0.207001
Muller_E	2987685	0.242378	0.550785	0.206837
Muller_E	2992894	0.242672	0.55097	0.206357
Muller_E	2993313	0.242696	0.550985	0.206319
Muller_E	2993798	0.242723	0.551002	0.206274
Muller_E	2994137	0.242742	0.551015	0.206243
Muller_E	2994487	0.242762	0.551027	0.206211
Muller_E	2994615	0.242769	0.551032	0.206199
Muller_E	2995123	0.242798	0.55105	0.206152
Muller_E	2995701	0.242831	0.55107	0.206099
Muller_E	2996048	0.24285	0.551082	0.206067
Muller_E	2996738	0.242889	0.551107	0.206004
Muller_E	2996880	0.242897	0.551112	0.205991
Muller_E	2997113	0.242911	0.55112	0.205969
Muller_E	2999116	0.243024	0.551191	0.205785
Muller_E	2999459	0.243043	0.551203	0.205753
Muller_E	3001420	0.243154	0.551273	0.205573
Muller_E	3001578	0.243163	0.551278	0.205558
Muller_E	3001696	0.24317	0.551283	0.205548
Muller_E	3002579	0.24322	0.551314	0.205466
Muller_E	3003095	0.243249	0.551332	0.205419
Muller_E	3003540	0.243274	0.551348	0.205378
Muller_E	3004120	0.243307	0.551368	0.205325
Muller_E	3005221	0.243369	0.551407	0.205224
Muller_E	3007967	0.243524	0.551504	0.204971
Muller_E	3012773	0.243797	0.551674	0.20453
Muller_E	3013331	0.243828	0.551693	0.204478
Muller_E	3013618	0.243845	0.551704	0.204452
Muller_E	3014080	0.243871	0.55172	0.20441
Muller_E	3014783	0.243911	0.551745	0.204345
Muller_E	3016296	0.243996	0.551798	0.204206
Muller_E	3017214	0.244048	0.55183	0.204122
Muller_E	3018320	0.244111	0.551869	0.20402
Muller_E	3018982	0.244149	0.551892	0.203959
Muller_E	3019303	0.244167	0.551903	0.20393
Muller_E	3019831	0.244197	0.551922	0.203881
Muller_E	3021834	0.24431	0.551992	0.203698
Muller_E	3021944	0.244317	0.551996	0.203687
Muller_E	3023127	0.244384	0.552037	0.203579
Muller_E	3024474	0.24446	0.552085	0.203455
Muller_E	3024813	0.244479	0.552096	0.203424
Muller_E	3029421	0.244741	0.552258	0.203001
Muller_E	3029834	0.244764	0.552272	0.202964
Muller_E	3030101	0.24478	0.552281	0.202939
Muller_E	3033200	0.244956	0.552389	0.202655
Muller_E	3033901	0.244996	0.552414	0.202591
Muller_E	3034073	0.245005	0.55242	0.202575
Muller_E	3036032	0.245117	0.552488	0.202395
Muller_E	3038305	0.245246	0.552567	0.202187
Muller_E	3041816	0.245446	0.552689	0.201865
Muller_E	3044683	0.245609	0.552788	0.201603
Muller_E	3046757	0.245727	0.55286	0.201413
Muller_E	3046887	0.245734	0.552865	0.201401
Muller_E	3047900	0.245792	0.5529	0.201308
Muller_E	3048135	0.245806	0.552908	0.201287
Muller_E	3050664	0.24595	0.552995	0.201055
Muller_E	3051698	0.246009	0.553031	0.20096
Muller_E	3051968	0.246024	0.55304	0.200936
Muller_E	3052635	0.246062	0.553063	0.200875
Muller_E	3053197	0.246094	0.553083	0.200823
Muller_E	3056428	0.246278	0.553194	0.200528
Muller_E	3056712	0.246294	0.553204	0.200502
Muller_E	3058398	0.246391	0.553262	0.200347
Muller_E	3059687	0.246464	0.553306	0.20023
Muller_E	3061511	0.246568	0.553369	0.200063
Muller_E	3062406	0.246619	0.5534	0.199981
Muller_E	3062537	0.246627	0.553404	0.199969
Muller_E	3100018	0.248773	0.554679	0.196548
Muller_E	3100718	0.248813	0.554702	0.196484
Muller_E	3112367	0.249483	0.555093	0.195424
Muller_E	3112987	0.249519	0.555114	0.195367
Muller_E	3113420	0.249544	0.555129	0.195328
Muller_E	3116107	0.249698	0.555218	0.195083
Muller_E	3119432	0.24989	0.555329	0.194781
Muller_E	3119714	0.249906	0.555339	0.194755
Muller_E	3120862	0.249972	0.555377	0.194651
Muller_E	3122265	0.250053	0.555424	0.194523
Muller_E	3123364	0.250116	0.55546	0.194423
Muller_E	3124138	0.250161	0.555486	0.194353
Muller_E	3127464	0.250353	0.555597	0.194051
Muller_E	3128767	0.250428	0.55564	0.193932
Muller_E	3128895	0.250435	0.555644	0.193921
Muller_E	3129611	0.250477	0.555668	0.193856
Muller_E	3129743	0.250484	0.555672	0.193844
Muller_E	3130171	0.250509	0.555686	0.193805
Muller_E	3131529	0.250587	0.555731	0.193681
Muller_E	3137674	0.250942	0.555935	0.193123
Muller_E	3139976	0.251075	0.556011	0.192914
Muller_E	3143168	0.25126	0.556116	0.192625
Muller_E	3169152	0.252765	0.556965	0.19027
Muller_E	3170575	0.252848	0.557012	0.190141
Muller_E	3173857	0.253038	0.557118	0.189844
Muller_E	3192801	0.254141	0.557728	0.188131
Muller_E	3194086	0.254215	0.55777	0.188015
Muller_E	3194230	0.254224	0.557774	0.188002
Muller_E	3207603	0.255004	0.558201	0.186795
Muller_E	3207708	0.25501	0.558204	0.186786
Muller_E	3208070	0.255031	0.558216	0.186753
Muller_E	3208369	0.255049	0.558225	0.186726
Muller_E	3208507	0.255057	0.55823	0.186714
Muller_E	3208706	0.255068	0.558236	0.186696
Muller_E	3210124	0.255151	0.558281	0.186568
Muller_E	3211254	0.255217	0.558317	0.186466
Muller_E	3212088	0.255266	0.558343	0.186391
Muller_E	3216063	0.255498	0.558469	0.186032
Muller_E	3216461	0.255522	0.558482	0.185996
Muller_E	3217109	0.255559	0.558503	0.185938
Muller_E	3217441	0.255579	0.558513	0.185908
Muller_E	3217706	0.255594	0.558521	0.185884
Muller_E	3217825	0.255601	0.558525	0.185874
Muller_E	3218354	0.255632	0.558542	0.185826
Muller_E	3219292	0.255687	0.558572	0.185741
Muller_E	3219763	0.255715	0.558586	0.185699
Muller_E	3221459	0.255814	0.55864	0.185546
Muller_E	3222112	0.255852	0.558661	0.185487
Muller_E	3223012	0.255905	0.558689	0.185406
Muller_E	3223549	0.255936	0.558706	0.185358
Muller_E	3224815	0.25601	0.558746	0.185244
Muller_E	3226800	0.256127	0.558808	0.185065
Muller_E	3229718	0.256298	0.5589	0.184802
Muller_E	3240322	0.256919	0.559232	0.183848
Muller_E	3240918	0.256954	0.559251	0.183795
Muller_E	3241273	0.256975	0.559262	0.183763
Muller_E	3247835	0.257361	0.559466	0.183173
Muller_E	3251442	0.257573	0.559578	0.182849
Muller_E	3252203	0.257617	0.559602	0.182781
Muller_E	3254014	0.257724	0.559658	0.182618
Muller_E	3254518	0.257753	0.559674	0.182573
Muller_E	3255141	0.25779	0.559693	0.182517
Muller_E	3255365	0.257803	0.5597	0.182497
Muller_E	3259142	0.258026	0.559817	0.182158
Muller_E	3259935	0.258072	0.559841	0.182086
Muller_E	3262497	0.258223	0.55992	0.181856
Muller_E	3263708	0.258294	0.559958	0.181748
Muller_E	3264644	0.25835	0.559987	0.181664
Muller_E	3266132	0.258437	0.560032	0.18153
Muller_E	3266579	0.258464	0.560046	0.18149
Muller_E	3266806	0.258477	0.560053	0.18147
Muller_E	3269029	0.258608	0.560122	0.18127
Muller_E	3271700	0.258765	0.560204	0.181031
Muller_E	3271881	0.258776	0.560209	0.181015
Muller_E	3273894	0.258895	0.560271	0.180834
Muller_E	3275081	0.258965	0.560307	0.180728
Muller_E	3275989	0.259018	0.560335	0.180646
Muller_E	3278049	0.25914	0.560398	0.180462
Muller_E	3280894	0.259308	0.560485	0.180207
Muller_E	3282107	0.25938	0.560522	0.180098
Muller_E	3282973	0.259431	0.560548	0.180021
Muller_E	3284532	0.259523	0.560596	0.179881
Muller_E	3291321	0.259924	0.560802	0.179273
Muller_E	3291878	0.259957	0.560819	0.179223
Muller_E	3293351	0.260044	0.560864	0.179092
Muller_E	3293759	0.260068	0.560876	0.179055
Muller_E	3304917	0.260729	0.561213	0.178057
Muller_E	3306663	0.260833	0.561266	0.177901
Muller_E	3306880	0.260846	0.561272	0.177882
Muller_E	3310127	0.261038	0.56137	0.177592
Muller_E	3312301	0.261167	0.561435	0.177398
Muller_E	3312718	0.261192	0.561448	0.17736
Muller_E	3318766	0.261551	0.561629	0.17682
Muller_E	3323588	0.261837	0.561773	0.17639
Muller_E	3324201	0.261874	0.561791	0.176335
Muller_E	3324656	0.261901	0.561804	0.176295
Muller_E	3325091	0.261927	0.561817	0.176256
Muller_E	3326084	0.261986	0.561847	0.176167
Muller_E	3326190	0.261992	0.56185	0.176158
Muller_E	3330218	0.262232	0.56197	0.175798
Muller_E	3334866	0.262508	0.562108	0.175384
Muller_E	3337545	0.262668	0.562187	0.175145
Muller_E	3340268	0.26283	0.562267	0.174903
Muller_E	3340480	0.262843	0.562273	0.174884
Muller_E	3410593	0.267043	0.564299	0.168658
Muller_E	3431230	0.268288	0.564879	0.166833
Muller_E	3437416	0.268662	0.565052	0.166287
Muller_E	3456916	0.269842	0.565591	0.164567
Muller_E	3457694	0.269889	0.565613	0.164498
Muller_E	3459001	0.269969	0.565648	0.164383
Muller_E	3462300	0.270169	0.565739	0.164092
Muller_E	3464519	0.270304	0.5658	0.163897
Muller_E	3464673	0.270313	0.565804	0.163883
Muller_E	3477602	0.271099	0.566156	0.162745
Muller_E	3525631	0.27403	0.56744	0.15853
Muller_E	3546828	0.275331	0.567994	0.156675
Muller_E	3557059	0.27596	0.568259	0.155781
Muller_E	3566467	0.276539	0.5685	0.15496
Muller_E	3572057	0.276884	0.568643	0.154473
Muller_E	3572168	0.276891	0.568646	0.154463
Muller_E	3579272	0.277329	0.568827	0.153844
Muller_E	3579502	0.277343	0.568833	0.153824
Muller_E	3582419	0.277524	0.568907	0.15357
Muller_E	3590131	0.278	0.569102	0.152898
Muller_E	3605233	0.278935	0.569481	0.151584
Muller_E	3610748	0.279277	0.569618	0.151105
Muller_E	3611776	0.279341	0.569644	0.151016
Muller_E	3615071	0.279545	0.569725	0.150729
Muller_E	3617701	0.279708	0.569791	0.150501
Muller_E	3617818	0.279716	0.569793	0.150491
Muller_E	3617948	0.279724	0.569797	0.150479
Muller_E	3623404	0.280063	0.569931	0.150006
Muller_E	3630035	0.280475	0.570095	0.14943
Muller_E	3631532	0.280568	0.570131	0.149301
Muller_E	3634067	0.280726	0.570193	0.149081
Muller_E	3642157	0.28123	0.570391	0.14838
Muller_E	3643438	0.281309	0.570422	0.148269
Muller_E	3645674	0.281449	0.570476	0.148075
Muller_E	3652519	0.281876	0.570642	0.147482
Muller_E	3655257	0.282047	0.570708	0.147245
Muller_E	3657953	0.282215	0.570773	0.147012
Muller_E	3660200	0.282355	0.570827	0.146818
Muller_E	3665461	0.282684	0.570953	0.146363
Muller_E	3670065	0.282972	0.571063	0.145965
Muller_E	3757777	0.288494	0.57309	0.138415
Muller_E	3766114	0.289023	0.573276	0.137701
Muller_E	3770199	0.289282	0.573367	0.137351
Muller_E	3771242	0.289348	0.57339	0.137262
Muller_E	3775369	0.28961	0.573481	0.136909
Muller_E	3781958	0.290029	0.573626	0.136345
Muller_E	3788305	0.290433	0.573765	0.135802
Muller_E	3788531	0.290447	0.57377	0.135783
Muller_E	3788717	0.290459	0.573774	0.135767
Muller_E	3791492	0.290636	0.573835	0.13553
Muller_E	3791929	0.290663	0.573844	0.135492
Muller_E	3794089	0.290801	0.573891	0.135308
Muller_E	3798034	0.291052	0.573977	0.134971
Muller_E	3805877	0.291552	0.574147	0.134301
Muller_E	3808116	0.291695	0.574195	0.13411
Muller_E	3837593	0.29358	0.574822	0.131598
Muller_E	3889492	0.296918	0.57589	0.127192
Muller_E	3892070	0.297084	0.575942	0.126973
Muller_E	3892768	0.297129	0.575956	0.126914
Muller_E	3893846	0.297199	0.575978	0.126823
Muller_E	3895236	0.297289	0.576006	0.126705
Muller_E	3896701	0.297384	0.576035	0.126581
Muller_E	3964144	0.301762	0.577347	0.12089
Muller_E	3964249	0.301769	0.577349	0.120881
Muller_E	3964701	0.301799	0.577358	0.120843
Muller_E	3965335	0.30184	0.57737	0.12079
Muller_E	3965537	0.301853	0.577374	0.120773
Muller_E	3971184	0.302222	0.57748	0.120298
Muller_E	4005791	0.304487	0.57812	0.117393
Muller_E	4007537	0.304601	0.578152	0.117247
Muller_E	4008073	0.304637	0.578161	0.117202
Muller_E	4008732	0.30468	0.578173	0.117147
Muller_E	4009275	0.304716	0.578183	0.117101
Muller_E	4009794	0.30475	0.578192	0.117058
Muller_E	4010462	0.304793	0.578205	0.117002
Muller_E	4011246	0.304845	0.578219	0.116936
Muller_E	4011350	0.304852	0.578221	0.116928
Muller_E	4011743	0.304878	0.578228	0.116895
Muller_E	4012926	0.304955	0.578249	0.116796
Muller_E	4015010	0.305092	0.578287	0.116621
Muller_E	4015956	0.305154	0.578304	0.116542
Muller_E	4016731	0.305205	0.578318	0.116477
Muller_E	4017133	0.305232	0.578325	0.116443
Muller_E	4017640	0.305265	0.578334	0.116401
Muller_E	4021078	0.305491	0.578396	0.116113
Muller_E	4021876	0.305543	0.57841	0.116046
Muller_E	4022513	0.305585	0.578422	0.115993
Muller_E	4022928	0.305613	0.578429	0.115958
Muller_E	4024532	0.305718	0.578458	0.115824
Muller_E	4024639	0.305725	0.57846	0.115815
Muller_E	4025270	0.305767	0.578471	0.115762
Muller_E	4027169	0.305892	0.578505	0.115603
Muller_E	4027437	0.305909	0.57851	0.115581
Muller_E	4027764	0.305931	0.578516	0.115554
Muller_E	4029270	0.30603	0.578542	0.115428
Muller_E	4032202	0.306223	0.578594	0.115183
Muller_E	4032327	0.306231	0.578597	0.115172
Muller_E	4033521	0.30631	0.578618	0.115072
Muller_E	4033797	0.306328	0.578623	0.115049
Muller_E	4036360	0.306497	0.578668	0.114835
Muller_E	4037138	0.306548	0.578682	0.11477
Muller_E	4037610	0.306579	0.57869	0.114731
Muller_E	4040496	0.306769	0.578741	0.114489
Muller_E	4040949	0.306799	0.578749	0.114452
Muller_E	4045900	0.307126	0.578836	0.114038
Muller_E	4046078	0.307138	0.578839	0.114023
Muller_E	4046843	0.307188	0.578853	0.113959
Muller_E	4047581	0.307237	0.578866	0.113898
Muller_E	4048275	0.307283	0.578878	0.11384
Muller_E	4048700	0.307311	0.578885	0.113804
Muller_E	4053592	0.307634	0.57897	0.113396
Muller_E	4056223	0.307807	0.579016	0.113176
Muller_E	4056545	0.307829	0.579022	0.11315
Muller_E	4056951	0.307856	0.579029	0.113116
Muller_E	4057601	0.307899	0.57904	0.113061
Muller_E	4057720	0.307906	0.579042	0.113052
Muller_E	4058043	0.307928	0.579048	0.113025
Muller_E	4058149	0.307935	0.579049	0.113016
Muller_E	4058704	0.307971	0.579059	0.112969
Muller_E	4059417	0.308019	0.579071	0.11291
Muller_E	4059965	0.308055	0.579081	0.112864
Muller_E	4061381	0.308148	0.579105	0.112746
Muller_E	4061745	0.308172	0.579112	0.112716
Muller_E	4062020	0.308191	0.579116	0.112693
Muller_E	4062507	0.308223	0.579125	0.112652
Muller_E	4062941	0.308252	0.579132	0.112616
Muller_E	4064035	0.308324	0.579151	0.112525
Muller_E	4064680	0.308367	0.579162	0.112471
Muller_E	4064829	0.308376	0.579165	0.112459
Muller_E	4065474	0.308419	0.579176	0.112405
Muller_E	4065574	0.308426	0.579178	0.112397
Muller_E	4066028	0.308456	0.579185	0.112359
Muller_E	4067541	0.308556	0.579211	0.112233
Muller_E	4067967	0.308584	0.579219	0.112197
Muller_E	4068535	0.308622	0.579228	0.11215
Muller_E	4069245	0.308669	0.579241	0.112091
Muller_E	4070105	0.308726	0.579255	0.112019
Muller_E	4071088	0.308791	0.579272	0.111937
Muller_E	4071641	0.308827	0.579282	0.111891
Muller_E	4072126	0.308859	0.57929	0.111851
Muller_E	4072768	0.308902	0.579301	0.111797
Muller_E	4072973	0.308916	0.579304	0.11178
Muller_E	4073359	0.308941	0.579311	0.111748
Muller_E	4075135	0.309059	0.579341	0.1116
Muller_E	4075254	0.309067	0.579343	0.11159
Muller_E	4076053	0.30912	0.579357	0.111524
Muller_E	4077160	0.309193	0.579376	0.111431
Muller_E	4078165	0.309259	0.579393	0.111348
Muller_E	4078690	0.309294	0.579402	0.111304
Muller_E	4078900	0.309308	0.579405	0.111287
Muller_E	4079010	0.309315	0.579407	0.111277
Muller_E	4079297	0.309335	0.579412	0.111253
Muller_E	4081728	0.309496	0.579453	0.111051
Muller_E	4082079	0.309519	0.579459	0.111022
Muller_E	4083988	0.309646	0.579491	0.110863
Muller_E	4085715	0.30976	0.579521	0.110719
Muller_E	4089306	0.309998	0.579581	0.110421
Muller_E	4089803	0.310031	0.579589	0.110379
Muller_E	4092778	0.310229	0.579639	0.110132
Muller_E	4092894	0.310237	0.579641	0.110122
Muller_E	4098915	0.310637	0.579742	0.109622
Muller_E	4109650	0.311351	0.579919	0.10873
Muller_E	4113217	0.311588	0.579978	0.108434
Muller_E	4113538	0.31161	0.579983	0.108407
Muller_E	4114422	0.311668	0.579998	0.108334
Muller_E	4114803	0.311694	0.580004	0.108302
Muller_E	4115118	0.311715	0.580009	0.108276
Muller_E	4116856	0.311831	0.580037	0.108132
Muller_E	4117074	0.311845	0.580041	0.108114
Muller_E	4117473	0.311872	0.580047	0.108081
Muller_E	4118970	0.311971	0.580072	0.107957
Muller_E	4121851	0.312163	0.580119	0.107718
Muller_E	4122071	0.312178	0.580122	0.107699
Muller_E	4122393	0.3122	0.580128	0.107673
Muller_E	4122818	0.312228	0.580135	0.107638
Muller_E	4124318	0.312328	0.580159	0.107513
Muller_E	4124418	0.312335	0.58016	0.107505
Muller_E	4126492	0.312473	0.580194	0.107333
Muller_E	4127527	0.312542	0.580211	0.107247
Muller_E	4127720	0.312555	0.580214	0.107231
Muller_E	4128101	0.31258	0.58022	0.1072
Muller_E	4128234	0.312589	0.580222	0.107189
Muller_E	4130334	0.312729	0.580256	0.107014
Muller_E	4132221	0.312855	0.580286	0.106858
Muller_E	4134741	0.313024	0.580327	0.106649
Muller_E	4134982	0.31304	0.580331	0.106629
Muller_E	4136547	0.313144	0.580356	0.1065
Muller_E	4140224	0.31339	0.580415	0.106195
Muller_E	4140902	0.313435	0.580425	0.106139
Muller_E	4141485	0.313474	0.580435	0.106091
Muller_E	4143836	0.313632	0.580472	0.105896
Muller_E	4144350	0.313666	0.58048	0.105854
Muller_E	4144848	0.313699	0.580488	0.105813
Muller_E	4150850	0.314101	0.580583	0.105316
Muller_E	4151927	0.314173	0.5806	0.105227
Muller_E	4154621	0.314353	0.580643	0.105004
Muller_E	4159745	0.314697	0.580723	0.104581
Muller_E	4159958	0.314711	0.580726	0.104563
Muller_E	4160923	0.314776	0.580741	0.104483
Muller_E	4161787	0.314834	0.580755	0.104412
Muller_E	4162162	0.314859	0.58076	0.104381
Muller_E	4163984	0.314981	0.580789	0.10423
Muller_E	4164218	0.314997	0.580793	0.104211
Muller_E	4164859	0.31504	0.580802	0.104158
Muller_E	4165033	0.315051	0.580805	0.104144
Muller_E	4165157	0.315059	0.580807	0.104133
Muller_E	4165383	0.315075	0.580811	0.104115
Muller_E	4165808	0.315103	0.580817	0.10408
Muller_E	4165958	0.315113	0.58082	0.104067
Muller_E	4166062	0.31512	0.580821	0.104059
Muller_E	4166243	0.315132	0.580824	0.104044
Muller_E	4166628	0.315158	0.58083	0.104012
Muller_E	4168755	0.315301	0.580863	0.103836
Muller_E	4172546	0.315555	0.580921	0.103523
Muller_E	4172827	0.315574	0.580926	0.1035
Muller_E	4173860	0.315644	0.580942	0.103415
Muller_E	4176100	0.315794	0.580976	0.10323
Muller_E	4176326	0.315809	0.58098	0.103211
Muller_E	4176826	0.315843	0.580987	0.10317
Muller_E	4177022	0.315856	0.58099	0.103154
Muller_E	4178339	0.315944	0.58101	0.103045
Muller_E	4178608	0.315963	0.581015	0.103023
Muller_E	4179326	0.316011	0.581026	0.102964
Muller_E	4180712	0.316104	0.581047	0.102849
Muller_E	4180966	0.316121	0.581051	0.102828
Muller_E	4184926	0.316387	0.581111	0.102502
Muller_E	4185178	0.316404	0.581115	0.102481
Muller_E	4185319	0.316414	0.581117	0.102469
Muller_E	4185532	0.316428	0.58112	0.102452
Muller_E	4187632	0.316569	0.581152	0.102279
Muller_E	4188227	0.316609	0.581161	0.10223
Muller_E	4188670	0.316639	0.581168	0.102193
Muller_E	4192621	0.316905	0.581227	0.101868
Muller_E	4193546	0.316967	0.581241	0.101791
Muller_E	4194407	0.317025	0.581254	0.10172
Muller_E	4195783	0.317118	0.581275	0.101607
Muller_E	4196010	0.317133	0.581278	0.101588
Muller_E	4197440	0.31723	0.5813	0.101471
Muller_E	4198223	0.317282	0.581312	0.101406
Muller_E	4199021	0.317336	0.581324	0.10134
Muller_E	4199203	0.317348	0.581326	0.101325
Muller_E	4199424	0.317363	0.58133	0.101307
Muller_E	4199639	0.317378	0.581333	0.101289
Muller_E	4199983	0.317401	0.581338	0.101261
Muller_E	4203293	0.317624	0.581387	0.100989
Muller_E	4205814	0.317794	0.581425	0.100781
Muller_E	4206134	0.317816	0.58143	0.100755
Muller_E	4207588	0.317914	0.581451	0.100635
Muller_E	4210680	0.318122	0.581497	0.100381
Muller_E	4210928	0.318139	0.581501	0.10036
Muller_E	4211312	0.318165	0.581506	0.100329
Muller_E	4211755	0.318195	0.581513	0.100292
Muller_E	4213444	0.318309	0.581538	0.100153
Muller_E	4216650	0.318525	0.581585	0.0998898
Muller_E	4217058	0.318553	0.581591	0.0998562
Muller_E	4217453	0.31858	0.581597	0.0998237
Muller_E	4217565	0.318587	0.581598	0.0998145
Muller_E	4217669	0.318594	0.5816	0.099806
Muller_E	4217825	0.318605	0.581602	0.0997931
Muller_E	4218923	0.318679	0.581618	0.0997029
Muller_E	4225215	0.319104	0.58171	0.0991858
Muller_E	4232774	0.319616	0.581819	0.098565
Muller_E	4235298	0.319787	0.581856	0.0983578
Muller_E	4245993	0.320511	0.582008	0.0974803
Muller_E	4252835	0.320976	0.582105	0.0969195
Muller_E	4253725	0.321036	0.582117	0.0968465
Muller_E	4256197	0.321204	0.582152	0.096644
Muller_E	4261234	0.321546	0.582223	0.0962314
Muller_E	4262892	0.321659	0.582246	0.0960956
Muller_E	4263238	0.321682	0.58225	0.0960673
Muller_E	4263588	0.321706	0.582255	0.0960387
Muller_E	4264621	0.321776	0.58227	0.0959541
Muller_E	4266950	0.321935	0.582302	0.0957634
Muller_E	4267529	0.321974	0.58231	0.0957161
Muller_E	4276223	0.322566	0.58243	0.0950048
Muller_E	4311688	0.324986	0.582904	0.0921091
Muller_E	4311965	0.325005	0.582908	0.0920865
Muller_E	4312254	0.325025	0.582912	0.092063
Muller_E	4312510	0.325043	0.582915	0.0920421
Muller_E	4334492	0.326549	0.583199	0.0902521
Muller_E	4352032	0.327754	0.583419	0.0888263
Muller_E	4353438	0.327851	0.583437	0.0887122
Muller_E	4356857	0.328086	0.583479	0.0884345
Muller_E	4360054	0.328307	0.583518	0.088175
Muller_E	4374783	0.329322	0.583698	0.0869804
Muller_E	4374946	0.329333	0.5837	0.0869672
Muller_E	4381350	0.329775	0.583776	0.0864482
Muller_E	4558836	0.34218	0.585635	0.0721848
Muller_E	4562012	0.342405	0.585664	0.0719316
Muller_E	4564083	0.342551	0.585682	0.0717666
Muller_E	4564194	0.342559	0.585683	0.0717577
Muller_E	4568491	0.342863	0.585721	0.0714154
Muller_E	4569115	0.342908	0.585727	0.0713657
Muller_E	4569749	0.342952	0.585732	0.0713152
Muller_E	4570340	0.342994	0.585738	0.0712681
Muller_E	4571890	0.343104	0.585751	0.0711447
Muller_E	4572624	0.343156	0.585758	0.0710862
Muller_E	4573491	0.343218	0.585765	0.0710172
Muller_E	4573809	0.34324	0.585768	0.0709919
Muller_E	4577361	0.343492	0.585799	0.0707091
Muller_E	4577462	0.343499	0.5858	0.0707011
Muller_E	4578308	0.343559	0.585807	0.0706338
Muller_E	4580664	0.343726	0.585828	0.0704463
Muller_E	4580954	0.343747	0.58583	0.0704232
Muller_E	4581769	0.343804	0.585837	0.0703584
Muller_E	4581909	0.343814	0.585838	0.0703472
Muller_E	4583019	0.343893	0.585848	0.0702589
Muller_E	4583393	0.34392	0.585851	0.0702292
Muller_E	4583516	0.343928	0.585852	0.0702194
Muller_E	4584473	0.343996	0.585861	0.0701432
Muller_E	4589180	0.34433	0.585901	0.0697689
Muller_E	4590247	0.344406	0.58591	0.0696841
Muller_E	4591539	0.344498	0.585921	0.0695814
Muller_E	4593253	0.34462	0.585935	0.0694452
Muller_E	4593508	0.344638	0.585937	0.0694249
Muller_E	4593974	0.344671	0.585941	0.0693879
Muller_E	4595111	0.344752	0.585951	0.0692975
Muller_E	4595303	0.344765	0.585953	0.0692822
Muller_E	4597548	0.344925	0.585971	0.0691039
Muller_E	4597833	0.344945	0.585974	0.0690812
Muller_E	4600306	0.345121	0.585994	0.0688848
Muller_E	4607273	0.345617	0.586052	0.0683316
Muller_E	4607398	0.345625	0.586053	0.0683216
Muller_E	4610441	0.345842	0.586078	0.0680801
Muller_E	4611041	0.345885	0.586083	0.0680325
Muller_E	4611562	0.345922	0.586087	0.0679912
Muller_E	4611697	0.345931	0.586088	0.0679805
Muller_E	4612447	0.345985	0.586094	0.067921
Muller_E	4612733	0.346005	0.586096	0.0678983
Muller_E	4612927	0.346019	0.586098	0.0678829
Muller_E	4613148	0.346035	0.5861	0.0678653
Muller_E	4614502	0.346131	0.586111	0.0677579
Muller_E	4615888	0.34623	0.586122	0.067648
Muller_E	4616173	0.34625	0.586124	0.0676254
Muller_E	4616508	0.346274	0.586127	0.0675988
Muller_E	4616663	0.346285	0.586128	0.0675865
Muller_E	4618190	0.346394	0.586141	0.0674654
Muller_E	4619781	0.346507	0.586153	0.0673393
Muller_E	4622166	0.346678	0.586172	0.0671502
Muller_E	4626314	0.346973	0.586205	0.0668214
Muller_E	4626864	0.347013	0.58621	0.0667778
Muller_E	4627368	0.347049	0.586213	0.0667379
Muller_E	4627488	0.347057	0.586214	0.0667284
Muller_E	4633961	0.347519	0.586265	0.0662157
Muller_E	4635834	0.347653	0.58628	0.0660673
Muller_E	4636452	0.347697	0.586284	0.0660184
Muller_E	4637295	0.347757	0.586291	0.0659517
Muller_E	4640891	0.348014	0.586318	0.0656671
Muller_E	4645727	0.34836	0.586355	0.0652844
Muller_E	4646376	0.348407	0.58636	0.0652331
Muller_E	4646798	0.348437	0.586363	0.0651997
Muller_E	4653320	0.348904	0.586412	0.064684
Muller_E	4656520	0.349133	0.586436	0.0644311
Muller_E	4672665	0.350291	0.586553	0.0631561
Muller_E	4674140	0.350397	0.586564	0.0630397
Muller_E	4675745	0.350512	0.586575	0.062913
Muller_E	4676485	0.350565	0.58658	0.0628547
Muller_E	4677110	0.35061	0.586585	0.0628054
Muller_E	4677655	0.350649	0.586589	0.0627624
Muller_E	4678986	0.350745	0.586598	0.0626574
Muller_E	4680223	0.350833	0.586607	0.0625598
Muller_E	4682403	0.35099	0.586622	0.0623879
Muller_E	4682621	0.351006	0.586623	0.0623707
Muller_E	4684270	0.351124	0.586635	0.0622407
Muller_E	4685491	0.351212	0.586643	0.0621445
Muller_E	4686019	0.35125	0.586647	0.0621029
Muller_E	4687101	0.351328	0.586654	0.0620176
Muller_E	4689628	0.35151	0.586672	0.0618185
Muller_E	4690052	0.35154	0.586675	0.0617851
Muller_E	4690344	0.351561	0.586677	0.061762
Muller_E	4690905	0.351602	0.586681	0.0617179
Muller_E	4691125	0.351617	0.586682	0.0617005
Muller_E	4691712	0.35166	0.586686	0.0616543
Muller_E	4691999	0.35168	0.586688	0.0616317
Muller_E	4692111	0.351688	0.586689	0.0616228
Muller_E	4693234	0.351769	0.586696	0.0615344
Muller_E	4693620	0.351797	0.586699	0.061504
Muller_E	4693753	0.351807	0.5867	0.0614935
Muller_E	4694021	0.351826	0.586702	0.0614724
Muller_E	4694592	0.351867	0.586706	0.0614274
Muller_E	4696429	0.351999	0.586718	0.0612827
Muller_E	4696792	0.352025	0.58672	0.0612542
Muller_E	4699402	0.352213	0.586738	0.0610487
Muller_E	4700957	0.352325	0.586748	0.0609263
Muller_E	4702606	0.352444	0.586759	0.0607965
Muller_E	4708142	0.352843	0.586796	0.0603609
Muller_E	4712097	0.353129	0.586822	0.0600498
Muller_E	4713898	0.353259	0.586833	0.0599082
Muller_E	4714194	0.35328	0.586835	0.0598849
Muller_E	4717094	0.353489	0.586854	0.059657
Muller_E	4717794	0.35354	0.586858	0.059602
Muller_E	4720564	0.35374	0.586876	0.0593843
Muller_E	4722390	0.353872	0.586887	0.0592408
Muller_E	4727534	0.354244	0.58692	0.0588368
Muller_E	4730688	0.354472	0.586939	0.0585891
Muller_E	4731377	0.354522	0.586943	0.058535
Muller_E	4732944	0.354635	0.586953	0.058412
Muller_E	4738342	0.355026	0.586986	0.0579885
Muller_E	4739398	0.355102	0.586992	0.0579056
Muller_E	4742492	0.355326	0.587011	0.057663
Muller_E	4745718	0.35556	0.58703	0.05741
Muller_E	4746457	0.355614	0.587034	0.0573521
Muller_E	4748015	0.355726	0.587044	0.0572299
Muller_E	4748352	0.355751	0.587046	0.0572035
Muller_E	4748630	0.355771	0.587047	0.0571817
Muller_E	4751071	0.355948	0.587062	0.0569904
Muller_E	4751685	0.355993	0.587065	0.0569423
Muller_E	4751817	0.356002	0.587066	0.056932
Muller_E	4752607	0.356059	0.58707	0.0568701
Muller_E	4752773	0.356072	0.587071	0.0568571
Muller_E	4753826	0.356148	0.587078	0.0567746
Muller_E	4754671	0.356209	0.587082	0.0567084
Muller_E	4756619	0.356351	0.587094	0.0565558
Muller_E	4759191	0.356537	0.587108	0.0563544
Muller_E	4761262	0.356688	0.58712	0.0561922
Muller_E	4761866	0.356732	0.587124	0.0561449
Muller_E	4761985	0.35674	0.587124	0.0561356
Muller_E	4763545	0.356853	0.587133	0.0560135
Muller_E	4764509	0.356924	0.587138	0.055938
Muller_E	4765595	0.357002	0.587145	0.0558531
Muller_E	4766291	0.357053	0.587148	0.0557986
Muller_E	4766501	0.357068	0.58715	0.0557822
Muller_E	4767354	0.35713	0.587154	0.0557154
Muller_E	4769627	0.357295	0.587167	0.0555376
Muller_E	4769950	0.357319	0.587169	0.0555123
Muller_E	4772288	0.357489	0.587182	0.0553294
Muller_E	4773763	0.357596	0.58719	0.0552141
Muller_E	4773963	0.357611	0.587191	0.0551984
Muller_E	4774375	0.357641	0.587193	0.0551662
Muller_E	4774957	0.357683	0.587196	0.0551207
Muller_E	4775479	0.357721	0.587199	0.0550799
Muller_E	4776619	0.357804	0.587205	0.0549907
Muller_E	4779373	0.358004	0.58722	0.0547755
Muller_E	4781913	0.358189	0.587234	0.0545769
Muller_E	4782620	0.358241	0.587237	0.0545217
Muller_E	4783326	0.358292	0.587241	0.0544665
Muller_E	4786044	0.35849	0.587256	0.0542542
Muller_E	4786690	0.358537	0.587259	0.0542037
Muller_E	4789453	0.358739	0.587273	0.0539879
Muller_E	4790377	0.358806	0.587278	0.0539158
Muller_E	4792360	0.358951	0.587288	0.0537609
Muller_E	4792549	0.358964	0.587289	0.0537462
Muller_E	4792702	0.358976	0.58729	0.0537342
Muller_E	4822723	0.361169	0.587437	0.0513937
Muller_E	4832155	0.36186	0.587481	0.0506596
Muller_E	4834924	0.362063	0.587493	0.0504442
Muller_E	4838041	0.362291	0.587507	0.0502018
Muller_E	4839031	0.362364	0.587511	0.0501249
Muller_E	4840034	0.362438	0.587516	0.0500469
Muller_E	4843722	0.362708	0.587532	0.0497602
Muller_E	4844215	0.362744	0.587534	0.0497219
Muller_E	4846930	0.362944	0.587545	0.0495109
Muller_E	4847984	0.363021	0.58755	0.0494291
Muller_E	4849699	0.363147	0.587557	0.0492958
Muller_E	4849916	0.363163	0.587558	0.049279
Muller_E	4850646	0.363217	0.587561	0.0492223
Muller_E	4851102	0.36325	0.587563	0.0491869
Muller_E	4851280	0.363263	0.587564	0.0491731
Muller_E	4852753	0.363371	0.58757	0.0490587
Muller_E	4853630	0.363436	0.587574	0.0489906
Muller_E	4855355	0.363563	0.587581	0.0488566
Muller_E	4859608	0.363875	0.587598	0.0485265
Muller_E	4860728	0.363958	0.587603	0.0484396
Muller_E	4862947	0.364121	0.587611	0.0482675
Muller_E	4865598	0.364316	0.587622	0.0480618
Muller_E	4865718	0.364325	0.587622	0.0480525
Muller_E	4866182	0.364359	0.587624	0.0480165
Muller_E	4867670	0.364469	0.58763	0.0479011
Muller_E	4869382	0.364595	0.587637	0.0477684
Muller_E	4875634	0.365055	0.587661	0.0472838
Muller_E	4875860	0.365072	0.587662	0.0472662
Muller_E	4876983	0.365155	0.587666	0.0471792
Muller_E	4877350	0.365182	0.587667	0.0471508
Muller_E	4878065	0.365235	0.58767	0.0470954
Muller_E	4879381	0.365332	0.587675	0.0469934
Muller_E	4880635	0.365424	0.58768	0.0468963
Muller_E	4881487	0.365487	0.587683	0.0468303
Muller_E	4881936	0.36552	0.587684	0.0467955
Muller_E	4884468	0.365707	0.587694	0.0465995
Muller_E	4888342	0.365993	0.587708	0.0462995
Muller_E	4889910	0.366109	0.587713	0.0461782
Muller_E	4890915	0.366183	0.587717	0.0461004
Muller_E	4891113	0.366197	0.587718	0.0460851
Muller_E	4891366	0.366216	0.587718	0.0460655
Muller_E	4891615	0.366234	0.587719	0.0460462
Muller_E	4892655	0.366311	0.587723	0.0459658
Muller_E	4894761	0.366467	0.58773	0.0458028
Muller_E	4895681	0.366535	0.587733	0.0457317
Muller_E	4895913	0.366552	0.587734	0.0457137
Muller_E	4896016	0.36656	0.587735	0.0457057
Muller_E	4896306	0.366581	0.587736	0.0456833
Muller_E	4896909	0.366626	0.587738	0.0456367
Muller_E	4897149	0.366643	0.587739	0.0456181
Muller_E	4897396	0.366662	0.587739	0.045599
Muller_E	4899238	0.366798	0.587746	0.0454566
Muller_E	4899448	0.366813	0.587746	0.0454403
Muller_E	4899730	0.366834	0.587747	0.0454185
Muller_E	4900388	0.366883	0.58775	0.0453676
Muller_E	4901136	0.366938	0.587752	0.0453098
