chrom	position	2,0	1,1	0,2
Muller_E	62882	0.290264	0.606065	0.103671
Muller_E	267432	0.281756	0.624829	0.0934148
Muller_E	441230	0.274487	0.640903	0.0846094
Muller_E	511157	0.27155	0.647409	0.0810411
Muller_E	557879	0.269583	0.651768	0.0786483
Muller_E	581000	0.268609	0.65393	0.0774616
Muller_E	709108	0.263191	0.665955	0.0708542
Muller_E	768129	0.260685	0.671524	0.0677911
Muller_E	785241	0.259957	0.673142	0.0669007
Muller_E	787322	0.259868	0.673339	0.0667924
Muller_E	787424	0.259864	0.673349	0.0667871
Muller_E	788173	0.259832	0.67342	0.0667481
Muller_E	788750	0.259808	0.673474	0.066718
Muller_E	788860	0.259803	0.673485	0.0667123
Muller_E	791823	0.259677	0.673765	0.066558
Muller_E	802257	0.259232	0.674753	0.0660143
Muller_E	893794	0.255325	0.683447	0.0612277
Muller_E	894300	0.255303	0.683496	0.0612011
Muller_E	896281	0.255219	0.683684	0.0610972
Muller_E	897287	0.255176	0.68378	0.0610444
Muller_E	897987	0.255146	0.683847	0.0610076
Muller_E	901015	0.255016	0.684135	0.0608487
Muller_E	901718	0.254986	0.684202	0.0608118
Muller_E	923408	0.254057	0.686271	0.0596724
Muller_E	923675	0.254046	0.686296	0.0596584
Muller_E	924320	0.254018	0.686358	0.0596244
Muller_E	927795	0.253869	0.686689	0.0594417
Muller_E	948021	0.253002	0.688621	0.0583772
Muller_E	948230	0.252993	0.688641	0.0583662
Muller_E	958531	0.252551	0.689626	0.0578235
Muller_E	967701	0.252157	0.690503	0.05734
Muller_E	969142	0.252095	0.690641	0.057264
Muller_E	1033237	0.249337	0.696788	0.053875
Muller_E	1120573	0.245563	0.705206	0.0492307
Muller_E	1123171	0.24545	0.705457	0.0490921
Muller_E	1146845	0.244424	0.707748	0.0478276
Muller_E	1148492	0.244353	0.707908	0.0477395
Muller_E	1168315	0.243492	0.709829	0.0466787
Muller_E	1213395	0.241531	0.714209	0.0442603
Muller_E	1262309	0.239397	0.718977	0.0416263
Muller_E	1275111	0.238837	0.720227	0.0409352
Muller_E	1275707	0.238811	0.720286	0.040903
Muller_E	1314313	0.237121	0.724065	0.0388145
Muller_E	1318297	0.236946	0.724455	0.0385986
Muller_E	1358440	0.235184	0.728397	0.0364193
Muller_E	1358616	0.235176	0.728414	0.0364097
Muller_E	1378824	0.234287	0.730403	0.0353098
Muller_E	1480336	0.229803	0.740441	0.0297566
Muller_E	1489232	0.229408	0.741324	0.0292676
Muller_E	1645912	0.222419	0.756987	0.0205939
Muller_E	1673398	0.221185	0.759755	0.0190598
Muller_E	1718642	0.219148	0.764326	0.0165264
Muller_E	1746815	0.217875	0.767181	0.0149436
Muller_E	1763447	0.217123	0.76887	0.0140072
Muller_E	1765039	0.217051	0.769032	0.0139175
Muller_E	1765159	0.217045	0.769044	0.0139108
Muller_E	1765369	0.217036	0.769065	0.0138989
Muller_E	1771226	0.216771	0.76966	0.0135688
Muller_E	1799036	0.21551	0.772491	0.0119989
Muller_E	1802542	0.215351	0.772849	0.0118007
Muller_E	1802678	0.215344	0.772863	0.011793
Muller_E	1803039	0.215328	0.772899	0.0117726
Muller_E	1803347	0.215314	0.772931	0.0117551
Muller_E	1805518	0.215215	0.773152	0.0116324
Muller_E	1812938	0.214878	0.773909	0.0112125
Muller_E	1813040	0.214874	0.773919	0.0112068
Muller_E	1815234	0.214774	0.774143	0.0110826
Muller_E	1815907	0.214743	0.774212	0.0110445
Muller_E	1816383	0.214722	0.774261	0.0110175
Muller_E	1831501	0.214034	0.775805	0.010161
Muller_E	1850978	0.213147	0.777797	0.00905572
Muller_E	1851905	0.213105	0.777892	0.00900307
Muller_E	1852166	0.213093	0.777919	0.00898824
Muller_E	1857635	0.212844	0.778479	0.00867749
Muller_E	1861157	0.212683	0.77884	0.00847728
Muller_E	1861336	0.212675	0.778858	0.00846711
Muller_E	1861880	0.21265	0.778914	0.00843618
Muller_E	1866595	0.212435	0.779397	0.00816803
Muller_E	1870209	0.21227	0.779768	0.00796242
Muller_E	1871973	0.212189	0.779949	0.00786204
Muller_E	1880064	0.21182	0.780779	0.00740139
Muller_E	1889333	0.211396	0.781731	0.00687324
Muller_E	1891195	0.211311	0.781922	0.00676708
Muller_E	1894320	0.211168	0.782243	0.00658889
Muller_E	1900363	0.210892	0.782864	0.00624414
Muller_E	1904375	0.210708	0.783277	0.00601515
Muller_E	1915469	0.2102	0.784419	0.0053815
Muller_E	1927060	0.209668	0.785613	0.00471875
Muller_E	1932459	0.209421	0.786169	0.00440979
Muller_E	1944351	0.208875	0.787396	0.00372872
Muller_E	1946702	0.334381	0.665304	0.000315069
Muller_E	1961660	0.207226	0.789241	0.00353274
Muller_E	1975567	0.205793	0.790732	0.00347458
Muller_E	2011856	0.202049	0.794633	0.00331728
Muller_E	2013122	0.201919	0.79477	0.00331165
Muller_E	2044597	0.198666	0.798165	0.00316845
Muller_E	2048236	0.19829	0.798558	0.0031515
Muller_E	2048434	0.19827	0.79858	0.00315057
Muller_E	2086567	0.194323	0.802709	0.00296798
Muller_E	2103366	0.192582	0.804533	0.00288467
Muller_E	2117584	0.191107	0.80608	0.00281279
Muller_E	2126123	0.190221	0.80701	0.00276901
Muller_E	2135792	0.189218	0.808063	0.00271888
Muller_E	2140907	0.188687	0.808621	0.00269212
Muller_E	2141169	0.188659	0.80865	0.00269075
Muller_E	2142715	0.188499	0.808819	0.00268262
Muller_E	2145389	0.188221	0.80911	0.00266854
Muller_E	2146953	0.188059	0.809281	0.00266028
Muller_E	2147057	0.188048	0.809292	0.00265973
Muller_E	2201852	0.182349	0.815291	0.00236059
Muller_E	2204792	0.278994	0.720457	0.00054869
Muller_E	2219543	0.179282	0.818337	0.00238029
Muller_E	2220290	0.179143	0.818475	0.00238209
Muller_E	2241628	0.175149	0.822419	0.00243233
Muller_E	2243471	0.174804	0.82276	0.00243655
Muller_E	2531559	0.120672	0.876477	0.00285061
Muller_E	2693610	0.090033	0.90711	0.00285677
Muller_E	2696554	0.089475	0.90767	0.00285529
Muller_E	2706179	0.0876503	0.9095	0.00285004
Muller_E	2713009	0.0863551	0.910799	0.00284594
Muller_E	2716202	0.0857495	0.911407	0.00284391
Muller_E	2721440	0.0847559	0.912404	0.00284044
Muller_E	2735475	0.0820928	0.915077	0.00283023
Muller_E	2763120	0.0768437	0.92035	0.00280619
Muller_E	2777976	0.0740209	0.923188	0.00279112
Muller_E	2779619	0.0737086	0.923502	0.00278936
Muller_E	2787347	0.0722396	0.92498	0.00278084
Muller_E	2788916	0.0719413	0.92528	0.00277905
Muller_E	2795398	0.0707088	0.92652	0.00277151
Muller_E	2798296	0.0701577	0.927074	0.00276805
Muller_E	2799305	0.0699658	0.927267	0.00276683
Muller_E	2800245	0.069787	0.927447	0.00276568
Muller_E	2800507	0.0697372	0.927497	0.00276536
Muller_E	2800780	0.0696853	0.92755	0.00276503
Muller_E	2800932	0.0696563	0.927579	0.00276484
Muller_E	2801158	0.0696134	0.927622	0.00276457
Muller_E	2805736	0.0687425	0.928499	0.00275888
Muller_E	2807233	0.0684578	0.928785	0.00275699
Muller_E	2807795	0.0683508	0.928893	0.00275628
Muller_E	2808363	0.0682428	0.929002	0.00275556
Muller_E	2809031	0.0681157	0.92913	0.0027547
Muller_E	2809272	0.0680698	0.929176	0.00275439
Muller_E	2809909	0.0679487	0.929298	0.00275358
Muller_E	2811470	0.0676516	0.929597	0.00275156
Muller_E	2811776	0.0675934	0.929655	0.00275116
Muller_E	2812117	0.0675285	0.929721	0.00275072
Muller_E	2815676	0.0668513	0.930403	0.00274604
Muller_E	2816259	0.0667404	0.930514	0.00274527
Muller_E	2817070	0.066586	0.93067	0.00274419
Muller_E	2817616	0.0664821	0.930774	0.00274345
Muller_E	2819402	0.0661422	0.931117	0.00274105
Muller_E	2820166	0.117502	0.882185	0.000312852
Muller_E	2820386	0.0659178	0.931338	0.00274467
Muller_E	2820775	0.0657779	0.931469	0.00275289
Muller_E	2821135	0.0656485	0.931591	0.00276051
Muller_E	2821440	0.0655389	0.931694	0.00276696
Muller_E	2826939	0.0635623	0.933554	0.00288326
Muller_E	2831172	0.0620407	0.934986	0.00297281
Muller_E	2831515	0.0619174	0.935103	0.00298006
Muller_E	2832336	0.0616223	0.93538	0.00299743
Muller_E	2833070	0.0613585	0.935629	0.00301296
Muller_E	2850717	0.0550156	0.941598	0.00338644
Muller_E	2853215	0.0541178	0.942443	0.00343933
Muller_E	2856496	0.0529385	0.943553	0.0035088
Muller_E	2856945	0.0527772	0.943705	0.00351831
Muller_E	2857481	0.0525845	0.943886	0.00352966
Muller_E	2858163	0.0523394	0.944117	0.0035441
Muller_E	2859754	0.0517676	0.944655	0.00357779
Muller_E	2859987	0.0516838	0.944733	0.00358273
Muller_E	2862604	0.0507433	0.945619	0.00363815
Muller_E	2866488	0.0493473	0.946932	0.00372041
Muller_E	2867267	0.0490674	0.947196	0.00373691
Muller_E	2868557	0.0486037	0.947632	0.00376424
Muller_E	2870085	0.0480546	0.948149	0.00379661
Muller_E	2870623	0.0478612	0.948331	0.00380801
Muller_E	2876155	0.045873	0.950202	0.00392521
Muller_E	2877151	0.0455151	0.950539	0.00394631
Muller_E	2886067	0.0423108	0.953554	0.00413525
Muller_E	2886534	0.0421429	0.953712	0.00414515
Muller_E	2887599	0.0417602	0.954072	0.00416772
Muller_E	2887882	0.0416585	0.954168	0.00417372
Muller_E	2888492	0.0414392	0.954374	0.00418665
Muller_E	2888607	0.0413979	0.954413	0.00418908
Muller_E	2890000	0.0408973	0.954884	0.00421861
Muller_E	2890387	0.0407582	0.955015	0.00422681
Muller_E	2890907	0.0405713	0.955191	0.00423783
Muller_E	2894764	0.0391852	0.956495	0.00431959
Muller_E	2899098	0.0376277	0.957961	0.00441147
Muller_E	2901481	0.0367713	0.958767	0.004462
Muller_E	2901643	0.0367131	0.958821	0.00446543
Muller_E	2902627	0.0363595	0.959154	0.0044863
Muller_E	2903432	0.0360702	0.959426	0.00450336
Muller_E	2904998	0.0355074	0.959956	0.00453657
Muller_E	2905994	0.0351495	0.960293	0.00455769
Muller_E	2907134	0.0347398	0.960678	0.00458186
Muller_E	2908511	0.0342449	0.961144	0.00461106
Muller_E	2909452	0.0339068	0.961462	0.00463102
Muller_E	2910160	0.0336523	0.961702	0.00464603
Muller_E	2911022	0.0333426	0.961993	0.00466431
Muller_E	2911252	0.0332599	0.962071	0.00466919
Muller_E	2911992	0.032994	0.962321	0.00468488
Muller_E	2914672	0.0320309	0.963227	0.00474172
Muller_E	2915489	0.0317373	0.963504	0.00475905
Muller_E	2918585	0.0306247	0.964551	0.00482471
Muller_E	2919015	0.0304702	0.964696	0.00483384
Muller_E	2919728	0.030214	0.964937	0.00484896
Muller_E	2919971	0.0301266	0.965019	0.00485411
Muller_E	2921506	0.029575	0.965538	0.00488667
Muller_E	2922564	0.0291948	0.965896	0.00490912
Muller_E	2922707	0.0291434	0.965944	0.00491215
Muller_E	2924226	0.0285976	0.966458	0.00494437
Muller_E	2925108	0.0282806	0.966756	0.00496308
Muller_E	2925552	0.0281211	0.966906	0.0049725
Muller_E	2928855	0.0269341	0.968023	0.00504257
Muller_E	2930674	0.0262805	0.968638	0.00508116
Muller_E	2931258	0.0260706	0.968836	0.00509355
Muller_E	2931592	0.0259506	0.968949	0.00510064
Muller_E	2931798	0.0258766	0.969018	0.00510501
Muller_E	2932326	0.0256868	0.969197	0.00511621
Muller_E	2945623	0.0209086	0.973693	0.00539836
Muller_E	2945753	0.0208619	0.973737	0.00540112
Muller_E	2945878	0.0208169	0.973779	0.00540377
Muller_E	2946001	0.0207727	0.973821	0.00540638
Muller_E	2955783	0.0172577	0.977128	0.00561399
Muller_E	2957997	0.0164621	0.977877	0.00566098
Muller_E	2959282	0.0160003	0.978311	0.00568826
Muller_E	2959697	0.0158512	0.978452	0.00569707
Muller_E	2959819	0.0158074	0.978493	0.00569966
Muller_E	2960759	0.0154696	0.978811	0.00571961
Muller_E	2961667	0.0151433	0.979118	0.00573888
Muller_E	2961801	0.0150952	0.979163	0.00574173
Muller_E	2963254	0.0145731	0.979654	0.00577257
Muller_E	2963568	0.0144602	0.979761	0.00577924
Muller_E	2975263	0.0102578	0.983715	0.00602751
Muller_E	2976725	0.00973246	0.984209	0.00605854
Muller_E	2977784	0.00935193	0.984567	0.00608103
Muller_E	2982473	0.00766702	0.986152	0.00618058
Muller_E	2984283	0.00701664	0.986764	0.00621901
Muller_E	2985483	0.00658544	0.98717	0.00624449
Muller_E	2985658	0.00652256	0.987229	0.00624821
Muller_E	2985908	0.00100384	0.987463	0.011533
Muller_E	2987685	0.00633388	0.987395	0.00627138
Muller_E	2992894	0.006044	0.987632	0.0063236
Muller_E	2993313	0.00602067	0.987652	0.0063278
Muller_E	2993798	0.00599367	0.987674	0.00633265
Muller_E	2994137	0.00597479	0.987689	0.00633604
Muller_E	2994487	0.00595531	0.987705	0.00633954
Muller_E	2994615	0.00594818	0.987711	0.00634082
Muller_E	2995123	0.00591989	0.987734	0.00634589
Muller_E	2995701	0.0058877	0.987761	0.00635167
Muller_E	2996048	0.00586838	0.987776	0.00635513
Muller_E	2996738	0.00582995	0.987808	0.00636202
Muller_E	2996880	0.00582204	0.987815	0.00636344
Muller_E	2997113	0.00580906	0.987825	0.00636576
Muller_E	2999116	0.00569748	0.987917	0.00638573
Muller_E	2999459	0.00567837	0.987932	0.00638915
Muller_E	3001420	0.0055691	0.988022	0.00640867
Muller_E	3001578	0.00556029	0.988029	0.00641024
Muller_E	3001696	0.00555372	0.988035	0.00641141
Muller_E	3002579	0.0055045	0.988075	0.00642019
Muller_E	3003095	0.00547574	0.988099	0.00642532
Muller_E	3003540	0.00545093	0.988119	0.00642974
Muller_E	3004120	0.0054186	0.988146	0.00643549
Muller_E	3005221	0.00535721	0.988196	0.00644642
Muller_E	3007967	0.00520407	0.988322	0.00647363
Muller_E	3012773	0.00493592	0.988543	0.00652111
Muller_E	3013331	0.00490477	0.988569	0.00652662
Muller_E	3013618	0.00488875	0.988582	0.00652945
Muller_E	3014080	0.00486296	0.988603	0.006534
Muller_E	3014783	0.00482372	0.988635	0.00654093
Muller_E	3016296	0.00473924	0.988705	0.00655582
Muller_E	3017214	0.00468798	0.988747	0.00656485
Muller_E	3018320	0.00462621	0.988798	0.00657571
Muller_E	3018982	0.00458923	0.988829	0.00658222
Muller_E	3019303	0.0045713	0.988843	0.00658537
Muller_E	3019831	0.000710514	0.987162	0.0121273
Muller_E	3021834	0.00452829	0.988876	0.00659547
Muller_E	3021944	0.00452754	0.988877	0.00659574
Muller_E	3023127	0.00451955	0.988882	0.00659863
Muller_E	3024474	0.00451042	0.988888	0.00660191
Muller_E	3024813	0.00450813	0.988889	0.00660273
Muller_E	3029421	0.0044768	0.988909	0.00661382
Muller_E	3029834	0.00447399	0.988911	0.00661481
Muller_E	3030101	0.00447217	0.988912	0.00661545
Muller_E	3033200	0.00445099	0.988926	0.00662279
Muller_E	3033901	0.00444619	0.988929	0.00662445
Muller_E	3034073	0.00444501	0.98893	0.00662485
Muller_E	3036032	0.00443157	0.988939	0.00662944
Muller_E	3038305	0.00441594	0.988949	0.00663474
Muller_E	3041816	0.00439172	0.988965	0.00664283
Muller_E	3044683	0.00437186	0.988979	0.00664937
Muller_E	3046757	0.00435746	0.988988	0.00665405
Muller_E	3046887	0.00435656	0.988989	0.00665435
Muller_E	3047900	0.00434951	0.988994	0.00665662
Muller_E	3048135	0.00434787	0.988995	0.00665715
Muller_E	3050664	0.00433024	0.989007	0.00666279
Muller_E	3051698	0.00432301	0.989012	0.00666509
Muller_E	3051968	0.00432112	0.989013	0.00666568
Muller_E	3052635	0.00431646	0.989016	0.00666716
Muller_E	3053197	0.00431252	0.989019	0.00666839
Muller_E	3056428	0.00428985	0.989035	0.00667547
Muller_E	3056712	0.00428785	0.989036	0.00667608
Muller_E	3058398	0.00427599	0.989044	0.00667974
Muller_E	3059687	0.0042669	0.989051	0.00668252
Muller_E	3061511	0.00425402	0.98906	0.00668642
Muller_E	3062406	0.00424769	0.989064	0.00668833
Muller_E	3062537	0.00424676	0.989065	0.00668861
Muller_E	3100018	0.00397593	0.989261	0.00676282
Muller_E	3100718	0.00397077	0.989265	0.0067641
Muller_E	3112367	0.00388427	0.989331	0.00678484
Muller_E	3112987	0.00387963	0.989334	0.00678592
Muller_E	3113420	0.00387639	0.989337	0.00678666
Muller_E	3116107	0.00385627	0.989352	0.00679127
Muller_E	3119432	0.00383128	0.989372	0.0067969
Muller_E	3119714	0.00382916	0.989373	0.00679737
Muller_E	3120862	0.00382051	0.98938	0.00679929
Muller_E	3122265	0.00380992	0.989388	0.00680162
Muller_E	3123364	0.00380162	0.989395	0.00680344
Muller_E	3124138	0.00379577	0.9894	0.00680471
Muller_E	3127464	0.00377056	0.989419	0.00681013
Muller_E	3128767	0.00376066	0.989427	0.00681223
Muller_E	3128895	0.00375969	0.989428	0.00681243
Muller_E	3129611	0.00375424	0.989432	0.00681358
Muller_E	3129743	0.00375324	0.989433	0.00681379
Muller_E	3130171	0.00374998	0.989436	0.00681447
Muller_E	3131529	0.00373964	0.989444	0.00681663
Muller_E	3137674	0.00369264	0.989481	0.00682621
Muller_E	3139976	0.00367496	0.989495	0.00682972
Muller_E	3143168	0.00365037	0.989515	0.00683452
Muller_E	3169152	0.00344721	0.989682	0.00687061
Muller_E	3170575	0.00343593	0.989692	0.00687243
Muller_E	3173857	0.00340985	0.989714	0.00687657
Muller_E	3192801	0.00325766	0.989844	0.00689882
Muller_E	3194086	0.00324723	0.989853	0.00690023
Muller_E	3194230	0.00324606	0.989854	0.00690038
Muller_E	3207603	0.00313676	0.989949	0.00691423
Muller_E	3207708	0.00313589	0.98995	0.00691433
Muller_E	3208070	0.00313291	0.989952	0.00691469
Muller_E	3208369	0.00313045	0.989955	0.00691498
Muller_E	3208507	0.00312932	0.989956	0.00691511
Muller_E	3208706	0.00312768	0.989957	0.00691531
Muller_E	3210124	0.00311599	0.989967	0.00691668
Muller_E	3211254	0.00310667	0.989976	0.00691776
Muller_E	3212088	0.00309978	0.989982	0.00691856
Muller_E	3216063	0.00306688	0.990011	0.00692226
Muller_E	3216461	0.00306358	0.990014	0.00692262
Muller_E	3217109	0.0030582	0.990019	0.00692321
Muller_E	3217441	0.00305544	0.990021	0.00692351
Muller_E	3217706	0.00305324	0.990023	0.00692375
Muller_E	3217825	0.00305225	0.990024	0.00692386
Muller_E	3218354	0.00304786	0.990028	0.00692434
Muller_E	3219292	0.00304006	0.990035	0.00692517
Muller_E	3219763	0.00303614	0.990038	0.00692559
Muller_E	3221459	0.00302201	0.990051	0.00692708
Muller_E	3222112	0.00301657	0.990056	0.00692765
Muller_E	3223012	0.00300905	0.990063	0.00692843
Muller_E	3223549	0.00062936	0.987007	0.0123636
Muller_E	3224815	0.00300956	0.990069	0.00692192
Muller_E	3226800	0.00301737	0.990072	0.00691095
Muller_E	3229718	0.00302878	0.990076	0.00689478
Muller_E	3240322	0.00306969	0.990095	0.00683545
Muller_E	3240918	0.00307196	0.990096	0.00683209
Muller_E	3241273	0.00307332	0.990097	0.00683009
Muller_E	3247835	0.00309814	0.990109	0.00679288
Muller_E	3251442	0.00311163	0.990116	0.00677228
Muller_E	3252203	0.00311447	0.990118	0.00676792
Muller_E	3254014	0.0031212	0.990121	0.00675753
Muller_E	3254518	0.00312306	0.990122	0.00675463
Muller_E	3255141	0.00312537	0.990124	0.00675105
Muller_E	3255365	0.0031262	0.990124	0.00674976
Muller_E	3259142	0.0031401	0.990132	0.00672796
Muller_E	3259935	0.00314301	0.990134	0.00672337
Muller_E	3262497	0.00315236	0.990139	0.0067085
Muller_E	3263708	0.00315676	0.990142	0.00670146
Muller_E	3264644	0.00316016	0.990144	0.00669601
Muller_E	3266132	0.00316554	0.990147	0.00668732
Muller_E	3266579	0.00316715	0.990148	0.00668471
Muller_E	3266806	0.00316797	0.990149	0.00668338
Muller_E	3269029	0.00317597	0.990154	0.00667037
Muller_E	3271700	0.00318552	0.99016	0.00665468
Muller_E	3271881	0.00318617	0.99016	0.00665361
Muller_E	3273894	0.00319333	0.990165	0.00664175
Muller_E	3275081	0.00319754	0.990168	0.00663473
Muller_E	3275989	0.00320075	0.99017	0.00662936
Muller_E	3278049	0.00320801	0.990175	0.00661715
Muller_E	3280894	0.00321798	0.990182	0.00660023
Muller_E	3282107	0.00322221	0.990185	0.006593
Muller_E	3282973	0.00322523	0.990187	0.00658783
Muller_E	3284532	0.00323064	0.990191	0.00657851
Muller_E	3291321	0.00325398	0.990208	0.00653768
Muller_E	3291878	0.00325588	0.99021	0.00653431
Muller_E	3293351	0.00326089	0.990214	0.0065254
Muller_E	3293759	0.00326228	0.990215	0.00652293
Muller_E	3304917	0.00329963	0.990246	0.00645482
Muller_E	3306663	0.00330539	0.990251	0.00644408
Muller_E	3306880	0.0033061	0.990251	0.00644274
Muller_E	3310127	0.00331673	0.990261	0.00642269
Muller_E	3312301	0.00332381	0.990267	0.00640921
Muller_E	3312718	0.00332516	0.990268	0.00640662
Muller_E	3318766	0.00334462	0.990286	0.00636892
Muller_E	3323588	0.00335993	0.990301	0.00633866
Muller_E	3324201	0.00336186	0.990303	0.0063348
Muller_E	3324656	0.00336329	0.990305	0.00633193
Muller_E	3325091	0.00336466	0.990306	0.00632919
Muller_E	3326084	0.00336778	0.990309	0.00632292
Muller_E	3326190	0.00336811	0.99031	0.00632225
Muller_E	3330218	0.00338067	0.990323	0.00629674
Muller_E	3334866	0.00339501	0.990338	0.00626715
Muller_E	3337545	0.00340319	0.990347	0.00625002
Muller_E	3340268	0.00341145	0.990356	0.00623255
Muller_E	3340480	0.00341209	0.990357	0.00623118
Muller_E	3410593	0.00360441	0.990635	0.00576096
Muller_E	3431230	0.00365359	0.990731	0.00561514
Muller_E	3437416	0.00366767	0.990762	0.00557077
Muller_E	3456916	0.00371007	0.990861	0.00542893
Muller_E	3457694	0.0037117	0.990865	0.00542321
Muller_E	3459001	0.00371443	0.990872	0.00541358
Muller_E	3462300	0.00372125	0.99089	0.00538923
Muller_E	3464519	0.00372579	0.990901	0.00537281
Muller_E	3464673	0.0037261	0.990902	0.00537167
Muller_E	3477602	0.00375176	0.990973	0.00527516
Muller_E	3525631	0.00383543	0.99126	0.00490507
Muller_E	3546828	0.00386653	0.991398	0.00473591
Muller_E	3557059	0.00388026	0.991467	0.00465299
Muller_E	3566467	0.00389216	0.991532	0.00457601
Muller_E	3572057	0.0038989	0.991571	0.00452993
Muller_E	3572168	0.00389903	0.991572	0.00452901
Muller_E	3579272	0.00390722	0.991623	0.0044701
Muller_E	3579502	0.00390748	0.991624	0.00446818
Muller_E	3582419	0.00391072	0.991645	0.00444387
Muller_E	3590131	0.00391897	0.991702	0.00437926
Muller_E	3605233	0.00393376	0.991815	0.00425137
Muller_E	3610748	0.0039387	0.991857	0.00420422
Muller_E	3611776	0.0039396	0.991865	0.0041954
Muller_E	3615071	0.00394241	0.99189	0.00416709
Muller_E	3617701	0.0039446	0.991911	0.00414443
Muller_E	3617818	0.00394469	0.991912	0.00414342
Muller_E	3617948	0.0039448	0.991913	0.0041423
Muller_E	3623404	0.00394914	0.991956	0.0040951
Muller_E	3630035	0.0039541	0.992008	0.00403741
Muller_E	3631532	0.00395517	0.99202	0.00402434
Muller_E	3634067	0.00395695	0.992041	0.00400217
Muller_E	3642157	0.00396227	0.992107	0.00393106
Muller_E	3643438	0.00396306	0.992117	0.00391976
Muller_E	3645674	0.00396442	0.992136	0.00389999
Muller_E	3652519	0.00396832	0.992192	0.00383923
Muller_E	3655257	0.00396978	0.992215	0.00381482
Muller_E	3657953	0.00397115	0.992238	0.00379072
Muller_E	3660200	0.00397226	0.992257	0.0037706
Muller_E	3665461	0.00397468	0.992302	0.00372332
Muller_E	3670065	0.00397662	0.992342	0.00368177
Muller_E	3757777	0.0039814	0.993161	0.0028579
Muller_E	3766114	0.00397866	0.993245	0.0027764
Muller_E	3770199	0.00397712	0.993287	0.00273627
Muller_E	3771242	0.00397671	0.993297	0.002726
Muller_E	3775369	0.00397498	0.99334	0.00268528
Muller_E	3781958	0.00397194	0.993408	0.00261999
Muller_E	3788305	0.00396869	0.993475	0.00255677
Muller_E	3788531	0.00396856	0.993477	0.00255451
Muller_E	3788717	0.00396846	0.993479	0.00255266
Muller_E	3791492	0.00396693	0.993508	0.00252491
Muller_E	3791929	0.00396668	0.993513	0.00252053
Muller_E	3794089	0.00396544	0.993536	0.00249888
Muller_E	3798034	0.00396308	0.993578	0.00245924
Muller_E	3805877	0.003958	0.993662	0.00238007
Muller_E	3808116	0.00395647	0.993686	0.00235737
Muller_E	3837593	0.00393249	0.994013	0.00205489
Muller_E	3889492	0.00387343	0.994621	0.00150544
Muller_E	3892070	0.00386994	0.994652	0.00147759
Muller_E	3892768	0.00386899	0.994661	0.00147004
Muller_E	3893846	0.0038675	0.994674	0.00145837
Muller_E	3895236	0.00386558	0.994691	0.00144331
Muller_E	3896701	0.00386353	0.994709	0.00142742
Muller_E	3964144	0.00375077	0.995572	0.000677299
Muller_E	3964249	0.00375057	0.995573	0.000676103
Muller_E	3964701	0.00644904	0.993366	0.00018496
Muller_E	3965335	0.00374536	0.995585	0.000669447
Muller_E	3965537	0.00374398	0.995587	0.000668967
Muller_E	3971184	0.00370528	0.995639	0.000655411
Muller_E	4005791	0.00346248	0.995971	0.000566728
Muller_E	4007537	0.00344998	0.995988	0.000561998
Muller_E	4008073	0.00344614	0.995993	0.000560541
Muller_E	4008732	0.00344141	0.996	0.000558747
Muller_E	4009275	0.00343751	0.996005	0.000557266
Muller_E	4009794	0.00343378	0.99601	0.000555848
Muller_E	4010462	0.00342898	0.996017	0.00055402
Muller_E	4011246	0.00342334	0.996025	0.000551869
Muller_E	4011350	0.00342259	0.996026	0.000551584
Muller_E	4011743	0.00341976	0.99603	0.000550504
Muller_E	4012926	0.00341123	0.996042	0.000547245
Muller_E	4015010	0.00339618	0.996062	0.000541477
Muller_E	4015956	0.00338934	0.996072	0.000538848
Muller_E	4016731	0.00338373	0.99608	0.000536688
Muller_E	4017133	0.00338082	0.996084	0.000535566
Muller_E	4017640	0.00337715	0.996089	0.000534148
Muller_E	4021078	0.00335217	0.996123	0.000524484
Muller_E	4021876	0.00334636	0.996131	0.000522227
Muller_E	4022513	0.00334172	0.996138	0.000520422
Muller_E	4022928	0.0033387	0.996142	0.000519244
Muller_E	4024532	0.00332699	0.996158	0.000514679
Muller_E	4024639	0.00332621	0.996159	0.000514373
Muller_E	4025270	0.0033216	0.996166	0.000512571
Muller_E	4027169	0.0033077	0.996185	0.000507128
Muller_E	4027437	0.00330573	0.996188	0.000506357
Muller_E	4027764	0.00330334	0.996191	0.000505417
Muller_E	4029270	0.00329229	0.996207	0.000501072
Muller_E	4032202	0.00327072	0.996237	0.000492561
Muller_E	4032327	0.0032698	0.996238	0.000492197
Muller_E	4033521	0.003261	0.99625	0.00048871
Muller_E	4033797	0.00325896	0.996253	0.000487902
Muller_E	4036360	0.00324002	0.99628	0.000480373
Muller_E	4037138	0.00323426	0.996288	0.000478077
Muller_E	4037610	0.00323077	0.996293	0.000476682
Muller_E	4040496	0.00320935	0.996323	0.000468111
Muller_E	4040949	0.00320598	0.996327	0.00046676
Muller_E	4045900	0.00316906	0.996379	0.000451883
Muller_E	4046078	0.00316773	0.996381	0.000451344
Muller_E	4046843	0.00316201	0.996389	0.000449027
Muller_E	4047581	0.00315648	0.996397	0.000446787
Muller_E	4048275	0.00315128	0.996404	0.000444676
Muller_E	4048700	0.0031481	0.996409	0.000443382
Muller_E	4053592	0.00311131	0.99646	0.000428377
Muller_E	4056223	0.00309145	0.996488	0.000420228
Muller_E	4056545	0.00308902	0.996492	0.000419227
Muller_E	4056951	0.00308595	0.996496	0.000417963
Muller_E	4057601	0.00308103	0.996503	0.000415937
Muller_E	4057720	0.00308013	0.996504	0.000415566
Muller_E	4058043	0.00307768	0.996508	0.000414558
Muller_E	4058149	0.00307688	0.996509	0.000414227
Muller_E	4058704	0.00307267	0.996515	0.000412492
Muller_E	4059417	0.00306727	0.996522	0.00041026
Muller_E	4059965	0.00306311	0.996528	0.000408541
Muller_E	4061381	0.00305235	0.996544	0.00040409
Muller_E	4061745	0.00304959	0.996547	0.000402943
Muller_E	4062020	0.00304749	0.99655	0.000402075
Muller_E	4062507	0.00304379	0.996556	0.000400538
Muller_E	4062941	0.00304049	0.99656	0.000399166
Muller_E	4064035	0.00303215	0.996572	0.000395702
Muller_E	4064680	0.00302723	0.996579	0.000393655
Muller_E	4064829	0.0030261	0.996581	0.000393182
Muller_E	4065474	0.00302118	0.996588	0.000391131
Muller_E	4065574	0.00302041	0.996589	0.000390813
Muller_E	4066028	0.00301694	0.996594	0.000389367
Muller_E	4067541	0.00300538	0.99661	0.000384535
Muller_E	4067967	0.00300212	0.996615	0.000383172
Muller_E	4068535	0.00299777	0.996621	0.000381351
Muller_E	4069245	0.00299233	0.996629	0.000379072
Muller_E	4070105	0.00298574	0.996638	0.000376306
Muller_E	4071088	0.00297819	0.996649	0.000373137
Muller_E	4071641	0.00297394	0.996655	0.000371351
Muller_E	4072126	0.00297022	0.99666	0.000369782
Muller_E	4072768	0.00296528	0.996667	0.000367703
Muller_E	4072973	0.0029637	0.996669	0.000367038
Muller_E	4073359	0.00296073	0.996673	0.000365786
Muller_E	4075135	0.00294705	0.996693	0.000360008
Muller_E	4075254	0.00294613	0.996694	0.00035962
Muller_E	4076053	0.00293997	0.996703	0.000357012
Muller_E	4077160	0.00293142	0.996715	0.000353389
Muller_E	4078165	0.00292365	0.996726	0.000350092
Muller_E	4078690	0.00291958	0.996732	0.000348366
Muller_E	4078900	0.00291796	0.996734	0.000347675
Muller_E	4079010	0.00291711	0.996736	0.000347313
Muller_E	4079297	0.00543145	0.994523	4.57903e-05
Muller_E	4081728	0.00287549	0.996772	0.000352142
Muller_E	4082079	0.00286979	0.996777	0.000352971
Muller_E	4083988	0.00283882	0.996804	0.000357467
Muller_E	4085715	0.00281077	0.996828	0.000361508
Muller_E	4089306	0.00275237	0.996878	0.000369835
Muller_E	4089803	0.00274428	0.996885	0.000370979
Muller_E	4092778	0.00269581	0.996926	0.000377787
Muller_E	4092894	0.00269392	0.996928	0.000378052
Muller_E	4098915	0.0025956	0.997013	0.000391608
Muller_E	4109650	0.00241959	0.997165	0.000415056
Muller_E	4113217	0.0023609	0.997216	0.000422642
Muller_E	4113538	0.00235561	0.997221	0.00042332
Muller_E	4114422	0.00234105	0.997234	0.000425182
Muller_E	4114803	0.00233477	0.997239	0.000425982
Muller_E	4115118	0.00232958	0.997244	0.000426644
Muller_E	4116856	0.00230092	0.997269	0.000430276
Muller_E	4117074	0.00229732	0.997272	0.00043073
Muller_E	4117473	0.00229074	0.997278	0.00043156
Muller_E	4118970	0.00226602	0.997299	0.000434663
Muller_E	4121851	0.00221841	0.997341	0.000440583
Muller_E	4122071	0.00221478	0.997344	0.000441032
Muller_E	4122393	0.00220945	0.997349	0.000441689
Muller_E	4122818	0.00220242	0.997355	0.000442555
Muller_E	4124318	0.00217759	0.997377	0.000445599
Muller_E	4124418	0.00217594	0.997378	0.000445801
Muller_E	4126492	0.00214158	0.997408	0.000449979
Muller_E	4127527	0.00212442	0.997424	0.000452051
Muller_E	4127720	0.00212122	0.997426	0.000452436
Muller_E	4128101	0.0021149	0.997432	0.000453196
Muller_E	4128234	0.00211269	0.997434	0.000453461
Muller_E	4130334	0.00207784	0.997465	0.000457627
Muller_E	4132221	0.00204649	0.997492	0.00046134
Muller_E	4134741	0.00200458	0.997529	0.000466253
Muller_E	4134982	0.00200057	0.997533	0.00046672
Muller_E	4136547	0.00197452	0.997556	0.000469743
Muller_E	4140224	0.00191323	0.99761	0.000476768
Muller_E	4140902	0.00190191	0.99762	0.000478052
Muller_E	4141485	0.00189218	0.997629	0.000479152
Muller_E	4143836	0.00185291	0.997664	0.000483563
Muller_E	4144350	0.00184432	0.997671	0.000484522
Muller_E	4144848	0.00183599	0.997679	0.000485448
Muller_E	4150850	0.00173548	0.997768	0.000496459
Muller_E	4151927	0.00171742	0.997784	0.000498404
Muller_E	4154621	0.00167219	0.997825	0.000503229
Muller_E	4159745	0.001586	0.997902	0.000512245
Muller_E	4159958	0.00158241	0.997905	0.000512615
Muller_E	4160923	0.00156616	0.99792	0.000514288
Muller_E	4161787	0.0015516	0.997933	0.000515779
Muller_E	4162162	0.00154527	0.997938	0.000516424
Muller_E	4163984	0.00151454	0.997966	0.000519544
Muller_E	4164218	0.00151059	0.997969	0.000519943
Muller_E	4164859	0.00149977	0.997979	0.000521033
Muller_E	4165033	0.00149683	0.997982	0.000521328
Muller_E	4165157	0.00149474	0.997984	0.000521538
Muller_E	4165383	0.00149092	0.997987	0.000521921
Muller_E	4165808	0.00148375	0.997994	0.00052264
Muller_E	4165958	0.00148121	0.997996	0.000522894
Muller_E	4166062	0.000164929	0.998121	0.00171425
Muller_E	4166243	0.00147967	0.997998	0.000522712
Muller_E	4166628	0.00148013	0.997998	0.000521952
Muller_E	4168755	0.00148263	0.998	0.000517729
Muller_E	4172546	0.001487	0.998003	0.000510111
Muller_E	4172827	0.00148732	0.998003	0.000509542
Muller_E	4173860	0.00148849	0.998004	0.000507443
Muller_E	4176100	0.001491	0.998006	0.000502864
Muller_E	4176326	0.00149125	0.998006	0.0005024
Muller_E	4176826	0.0014918	0.998007	0.000501371
Muller_E	4177022	0.00149202	0.998007	0.000500968
Muller_E	4178339	0.00149346	0.998008	0.000498246
Muller_E	4178608	0.00149375	0.998009	0.000497689
Muller_E	4179326	0.00149453	0.998009	0.000496198
Muller_E	4180712	0.00149603	0.998011	0.000493308
Muller_E	4180966	0.0014963	0.998011	0.000492777
Muller_E	4184926	0.00150047	0.998015	0.000484427
Muller_E	4185178	0.00150073	0.998015	0.000483891
Muller_E	4185319	0.00150088	0.998016	0.000483591
Muller_E	4185532	0.0015011	0.998016	0.000483138
Muller_E	4187632	0.00150325	0.998018	0.000478648
Muller_E	4188227	0.00150385	0.998019	0.000477369
Muller_E	4188670	0.0015043	0.998019	0.000476416
Muller_E	4192621	0.00150822	0.998024	0.000467839
Muller_E	4193546	0.00150912	0.998025	0.000465813
Muller_E	4194407	0.00150995	0.998026	0.000463921
Muller_E	4195783	0.00151127	0.998028	0.000460884
Muller_E	4196010	0.00151148	0.998028	0.000460382
Muller_E	4197440	0.00151283	0.99803	0.000457208
Muller_E	4198223	0.00151356	0.998031	0.000455463
Muller_E	4199021	0.0015143	0.998032	0.000453679
Muller_E	4199203	0.00151447	0.998032	0.000453272
Muller_E	4199424	0.00151467	0.998033	0.000452776
Muller_E	4199639	0.00151487	0.998033	0.000452294
Muller_E	4199983	0.00151519	0.998033	0.000451522
Muller_E	4203293	0.00151818	0.998038	0.000444043
Muller_E	4205814	0.0015204	0.998041	0.000438288
Muller_E	4206134	0.00152067	0.998042	0.000437554
Muller_E	4207588	0.00152193	0.998044	0.000434207
Muller_E	4210680	0.00152453	0.998048	0.000427034
Muller_E	4210928	0.000239162	0.998974	0.00078681
Muller_E	4211312	0.00153179	0.998044	0.000424508
Muller_E	4211755	0.00153993	0.998038	0.00042226
Muller_E	4213444	0.00157094	0.998015	0.000413674
Muller_E	4216650	0.00162974	0.997973	0.000397315
Muller_E	4217058	0.00163722	0.997968	0.000395228
Muller_E	4217453	0.00164446	0.997962	0.000393205
Muller_E	4217565	0.00164651	0.997961	0.000392631
Muller_E	4217669	0.00164841	0.997959	0.000392099
Muller_E	4217825	0.00165127	0.997957	0.000391299
Muller_E	4218923	0.00167138	0.997943	0.000385667
Muller_E	4225215	0.00178643	0.99786	0.000353209
Muller_E	4232774	0.00192422	0.997762	0.000313797
Muller_E	4235298	0.00365182	0.996305	4.31428e-05
Muller_E	4245993	0.00206839	0.997624	0.000308108
Muller_E	4252835	0.00213076	0.997557	0.000312469
Muller_E	4253725	0.00213885	0.997548	0.000313008
Muller_E	4256197	0.00216127	0.997524	0.000314473
Muller_E	4261234	0.00220681	0.997476	0.000317305
Muller_E	4262892	0.00222176	0.99746	0.000318192
Muller_E	4263238	0.00222488	0.997457	0.000318375
Muller_E	4263588	0.00222803	0.997453	0.000318558
Muller_E	4264621	0.00223732	0.997444	0.000319094
Muller_E	4266950	0.00225825	0.997421	0.000320271
Muller_E	4267529	0.00226344	0.997416	0.000320556
Muller_E	4276223	0.00234113	0.997334	0.000324522
Muller_E	4311688	0.00265172	0.997014	0.000334384
Muller_E	4311965	0.00265411	0.997011	0.000334421
Muller_E	4312254	0.0026566	0.997009	0.000334459
Muller_E	4312510	0.0026588	0.997007	0.000334492
Muller_E	4334492	0.0028461	0.996819	0.00033537
Muller_E	4352032	0.00299275	0.996674	0.000333278
Muller_E	4353438	0.0030044	0.996663	0.000333003
Muller_E	4356857	0.00303267	0.996635	0.000332268
Muller_E	4360054	0.00305901	0.996609	0.000331495
Muller_E	4374783	0.0031793	0.996494	0.000326872
Muller_E	4374946	0.00318062	0.996493	0.000326811
Muller_E	4381350	0.00323238	0.996443	0.000324248
Muller_E	4558836	0.00453578	0.995342	0.000121857
Muller_E	4562012	0.0045568	0.995327	0.000115927
Muller_E	4564083	0.00457047	0.995318	0.000112017
Muller_E	4564194	0.0045712	0.995317	0.000111807
Muller_E	4568491	0.00459944	0.995297	0.00010358
Muller_E	4569115	0.00460353	0.995294	0.000102373
Muller_E	4569749	0.00460768	0.995291	0.000101143
Muller_E	4570340	0.00461155	0.995288	9.99939e-05
Muller_E	4571890	0.00462168	0.995281	9.69668e-05
Muller_E	4572624	0.00462647	0.995278	9.55266e-05
Muller_E	4573491	0.00463212	0.995274	9.38198e-05
Muller_E	4573809	0.00463419	0.995273	9.31923e-05
Muller_E	4577361	0.00465727	0.995257	8.61278e-05
Muller_E	4577462	0.00465793	0.995256	8.59254e-05
Muller_E	4578308	0.00466341	0.995252	8.42272e-05
Muller_E	4580664	0.00467865	0.995242	7.94675e-05
Muller_E	4580954	0.00468052	0.995241	7.88785e-05
Muller_E	4581769	0.00468578	0.995237	7.72197e-05
Muller_E	4581909	0.00468668	0.995236	7.69342e-05
Muller_E	4583019	0.00469383	0.995232	7.46651e-05
Muller_E	4583393	0.00469624	0.99523	7.38984e-05
Muller_E	4583516	0.00469703	0.995229	7.3646e-05
Muller_E	4584473	0.00470319	0.995225	7.16779e-05
Muller_E	4589180	0.00473335	0.995205	6.18907e-05
Muller_E	4590247	0.00474017	0.9952	5.96474e-05
Muller_E	4591539	0.0047484	0.995195	5.69187e-05
Muller_E	4593253	0.00475931	0.995187	5.32781e-05
Muller_E	4593508	0.00476093	0.995186	5.27344e-05
Muller_E	4593974	0.00476389	0.995184	5.17396e-05
Muller_E	4595111	0.00477111	0.99518	4.93049e-05
Muller_E	4595303	0.00477233	0.995179	4.88928e-05
Muller_E	4597548	0.00478654	0.995169	4.40515e-05
Muller_E	4597833	0.00478834	0.995168	4.34341e-05
Muller_E	4600306	0.00480395	0.995158	3.80486e-05
Muller_E	4607273	0.00484765	0.99513	2.26121e-05
Muller_E	4607398	0.00484843	0.995129	2.23316e-05
Muller_E	4610441	0.0048674	0.995117	1.54638e-05
Muller_E	4611041	0.00487113	0.995115	1.41009e-05
Muller_E	4611562	0.00487436	0.995113	1.29151e-05
Muller_E	4611697	0.0048752	0.995112	1.26075e-05
Muller_E	4612447	0.00487986	0.995109	1.08958e-05
Muller_E	4612733	0.00916116	0.990838	1.17533e-06
Muller_E	4612927	0.00907816	0.99092	1.34845e-06
Muller_E	4613148	0.0048804	0.995109	1.04701e-05
Muller_E	4614502	0.00487265	0.995115	1.19918e-05
Muller_E	4615888	0.0048647	0.995122	1.35342e-05
Muller_E	4616173	0.00486306	0.995123	1.38494e-05
Muller_E	4616508	0.00486114	0.995125	1.42191e-05
Muller_E	4616663	0.00486025	0.995125	1.43899e-05
Muller_E	4618190	0.00485146	0.995132	1.60617e-05
Muller_E	4619781	0.00484229	0.99514	1.77837e-05
Muller_E	4622166	0.0048285	0.995151	2.03268e-05
Muller_E	4626314	0.00480441	0.995171	2.46408e-05
Muller_E	4626864	0.0048012	0.995174	2.52024e-05
Muller_E	4627368	0.00479826	0.995176	2.57149e-05
Muller_E	4627488	0.00479756	0.995177	2.58366e-05
Muller_E	4633961	0.00475963	0.995208	3.22307e-05
Muller_E	4635834	0.00474859	0.995217	3.4018e-05
Muller_E	4636452	0.00474494	0.99522	3.46015e-05
Muller_E	4637295	0.00473996	0.995225	3.53925e-05
Muller_E	4640891	0.00471865	0.995243	3.87024e-05
Muller_E	4645727	0.00468982	0.995267	4.29895e-05
Muller_E	4646376	0.00468594	0.995271	4.35505e-05
Muller_E	4646798	0.00468341	0.995273	4.39134e-05
Muller_E	4653320	0.00464418	0.995306	4.93407e-05
Muller_E	4656520	0.00462481	0.995323	5.18784e-05
Muller_E	4672665	0.00452582	0.995411	6.34242e-05
Muller_E	4674140	0.00451667	0.995419	6.43743e-05
Muller_E	4675745	0.0045067	0.995428	6.53884e-05
Muller_E	4676485	0.00450209	0.995432	6.58489e-05
Muller_E	4677110	0.0044982	0.995436	6.62344e-05
Muller_E	4677655	0.0044948	0.995439	6.6568e-05
Muller_E	4678986	0.0044865	0.995446	6.73728e-05
Muller_E	4680223	0.00447876	0.995453	6.81078e-05
Muller_E	4682403	0.0044651	0.995466	6.93733e-05
Muller_E	4682621	0.00446374	0.995467	6.94977e-05
Muller_E	4684270	0.00445338	0.995476	7.04266e-05
Muller_E	4685491	0.00444569	0.995483	7.11003e-05
Muller_E	4686019	0.00444236	0.995486	7.13879e-05
Muller_E	4687101	0.00443554	0.995492	7.19703e-05
Muller_E	4689628	0.00441956	0.995507	7.32937e-05
Muller_E	4690052	0.00441688	0.99551	7.35107e-05
Muller_E	4690344	0.00441503	0.995511	7.36593e-05
Muller_E	4690905	0.00441147	0.995515	7.39429e-05
Muller_E	4691125	0.00441008	0.995516	7.40534e-05
Muller_E	4691712	0.00440635	0.995519	7.43464e-05
Muller_E	4691999	0.00440453	0.995521	7.44886e-05
Muller_E	4692111	0.00440382	0.995522	7.45439e-05
Muller_E	4693234	0.00439668	0.995528	7.50931e-05
Muller_E	4693620	0.00439422	0.99553	7.52795e-05
Muller_E	4693753	0.00439338	0.995531	7.53434e-05
Muller_E	4694021	0.00439167	0.995533	7.54719e-05
Muller_E	4694592	0.00438803	0.995536	7.57436e-05
Muller_E	4696429	0.00822545	0.991766	8.64554e-06
Muller_E	4696792	0.00437091	0.99555	7.92451e-05
Muller_E	4699402	0.00433205	0.99557	9.82339e-05
Muller_E	4700957	0.00430888	0.995582	0.000109521
Muller_E	4702606	0.00428428	0.995594	0.00012147
Muller_E	4708142	0.00420153	0.995637	0.000161427
Muller_E	4712097	0.00414227	0.995668	0.000189823
Muller_E	4713898	0.00411524	0.995682	0.000202713
Muller_E	4714194	0.0041108	0.995684	0.000204829
Muller_E	4717094	0.00406722	0.995707	0.000225523
Muller_E	4717794	0.00405669	0.995713	0.000230508
Muller_E	4720564	0.00401499	0.995735	0.000250197
Muller_E	4722390	0.00398746	0.995749	0.000263143
Muller_E	4727534	0.00390978	0.995791	0.000299469
Muller_E	4730688	0.00386205	0.995816	0.000321639
Muller_E	4731377	0.00385161	0.995822	0.000326471
Muller_E	4732944	0.00382786	0.995835	0.000337448
Muller_E	4738342	0.00374588	0.995879	0.00037511
Muller_E	4739398	0.00372982	0.995888	0.000382451
Muller_E	4742492	0.0036827	0.995913	0.000403907
Muller_E	4745718	0.0036335	0.99594	0.000426198
Muller_E	4746457	0.00362221	0.995946	0.000431293
Muller_E	4748015	0.00359841	0.99596	0.00044202
Muller_E	4748352	0.00359326	0.995962	0.000444337
Muller_E	4748630	0.00358901	0.995965	0.000446249
Muller_E	4751071	0.00355167	0.995985	0.000463004
Muller_E	4751685	0.00354227	0.995991	0.000467211
Muller_E	4751817	0.00354024	0.995992	0.000468115
Muller_E	4752607	0.00352814	0.995998	0.000473523
Muller_E	4752773	0.0035256	0.996	0.000474659
Muller_E	4753826	0.00350946	0.996009	0.000481858
Muller_E	4754671	0.00349651	0.996016	0.000487629
Muller_E	4756619	0.00346661	0.996032	0.000500911
Muller_E	4759191	0.0034271	0.996054	0.000518401
Muller_E	4761262	0.00339525	0.996072	0.000532445
Muller_E	4761866	0.00338595	0.996078	0.000536535
Muller_E	4761985	0.00338412	0.996079	0.000537341
Muller_E	4763545	0.0033601	0.996092	0.000547889
Muller_E	4764509	0.00334524	0.9961	0.000554397
Muller_E	4765595	0.0033285	0.99611	0.00056172
Muller_E	4766291	0.00331776	0.996116	0.000566409
Muller_E	4766501	0.00331452	0.996118	0.000567823
Muller_E	4767354	0.00330135	0.996125	0.000573562
Muller_E	4769627	0.00326624	0.996145	0.000588828
Muller_E	4769950	0.00326125	0.996148	0.000590994
Muller_E	4772288	0.00322509	0.996168	0.000606647
Muller_E	4773763	0.00320225	0.996181	0.0006165
Muller_E	4773963	0.00319916	0.996183	0.000617835
