chrom	position	2,0	1,1	0,2
Muller_E	62882	0.796433	0.174373	0.0291941
Muller_E	267432	0.80073	0.172972	0.0262983
Muller_E	441230	0.804657	0.171434	0.0239088
Muller_E	511157	0.80631	0.170725	0.0229659
Muller_E	557879	0.807437	0.170222	0.0223417
Muller_E	581000	0.808001	0.169964	0.0220346
Muller_E	709108	0.811213	0.168433	0.0203538
Muller_E	768129	0.81274	0.167668	0.0195914
Muller_E	785241	0.813188	0.16744	0.0193718
Muller_E	787322	0.813243	0.167412	0.0193451
Muller_E	787424	0.813246	0.16741	0.0193438
Muller_E	788173	0.813265	0.1674	0.0193342
Muller_E	788750	0.813281	0.167393	0.0193268
Muller_E	788860	0.813284	0.167391	0.0193254
Muller_E	791823	0.813362	0.167351	0.0192875
Muller_E	802257	0.813637	0.167209	0.019154
Muller_E	893794	0.816091	0.165916	0.0179934
Muller_E	894300	0.816105	0.165908	0.017987
Muller_E	896281	0.816159	0.165879	0.0179621
Muller_E	897287	0.816186	0.165864	0.0179495
Muller_E	897987	0.816205	0.165854	0.0179407
Muller_E	901015	0.816288	0.16581	0.0179026
Muller_E	901718	0.816307	0.165799	0.0178938
Muller_E	923408	0.816901	0.165478	0.0176218
Muller_E	923675	0.816908	0.165474	0.0176185
Muller_E	924320	0.816926	0.165464	0.0176104
Muller_E	927795	0.817021	0.165412	0.0175669
Muller_E	948021	0.817579	0.165106	0.0173145
Muller_E	948230	0.817585	0.165103	0.0173118
Muller_E	958531	0.817871	0.164946	0.0171836
Muller_E	967701	0.818126	0.164805	0.0170696
Muller_E	969142	0.818166	0.164783	0.0170517
Muller_E	1033237	0.819969	0.16377	0.0162605
Muller_E	1120573	0.822484	0.162319	0.0151968
Muller_E	1123171	0.82256	0.162274	0.0151654
Muller_E	1146845	0.823254	0.161866	0.0148801
Muller_E	1148492	0.823302	0.161837	0.0148603
Muller_E	1168315	0.823887	0.16149	0.0146224
Muller_E	1213395	0.82523	0.160685	0.0140847
Muller_E	1262309	0.826708	0.159786	0.0135063
Muller_E	1275111	0.827098	0.159546	0.0133558
Muller_E	1275707	0.827116	0.159535	0.0133488
Muller_E	1314313	0.828302	0.158801	0.0128972
Muller_E	1318297	0.828425	0.158724	0.0128508
Muller_E	1358440	0.829673	0.157942	0.0123851
Muller_E	1358616	0.829679	0.157938	0.0123831
Muller_E	1378824	0.830312	0.157538	0.01215
Muller_E	1480336	0.833551	0.155456	0.0109931
Muller_E	1489232	0.833839	0.155268	0.0108928
Muller_E	1645912	0.83903	0.151814	0.00915581
Muller_E	1673398	0.839964	0.15118	0.00885684
Muller_E	1718642	0.841515	0.150117	0.00836849
Muller_E	1746815	0.84249	0.149443	0.00806676
Muller_E	1763447	0.843069	0.149041	0.00788949
Muller_E	1765039	0.843125	0.149003	0.00787256
Muller_E	1765159	0.843129	0.149	0.00787128
Muller_E	1765369	0.843136	0.148995	0.00786905
Muller_E	1771226	0.843341	0.148852	0.0078068
Muller_E	1799036	0.844317	0.148171	0.00751232
Muller_E	1802542	0.844441	0.148084	0.00747532
Muller_E	1802678	0.844445	0.148081	0.00747389
Muller_E	1803039	0.844458	0.148072	0.00747008
Muller_E	1803347	0.844469	0.148064	0.00746683
Muller_E	1805518	0.844546	0.148011	0.00744394
Muller_E	1812938	0.844808	0.147827	0.00736578
Muller_E	1813040	0.844811	0.147824	0.0073647
Muller_E	1815234	0.844889	0.14777	0.00734162
Muller_E	1815907	0.844913	0.147753	0.00733454
Muller_E	1816383	0.844929	0.147741	0.00732953
Muller_E	1831501	0.845465	0.147364	0.0071708
Muller_E	1850978	0.846159	0.146874	0.00696709
Muller_E	1851905	0.846192	0.146851	0.00695741
Muller_E	1852166	0.846201	0.146844	0.00695469
Muller_E	1857635	0.846397	0.146706	0.00689766
Muller_E	1861157	0.846523	0.146617	0.00686097
Muller_E	1861336	0.846529	0.146612	0.00685911
Muller_E	1861880	0.846548	0.146598	0.00685345
Muller_E	1866595	0.846717	0.146478	0.00680438
Muller_E	1870209	0.846847	0.146386	0.00676681
Muller_E	1871973	0.492977	0.446282	0.0607409
Muller_E	1880064	0.848873	0.144633	0.00649426
Muller_E	1889333	0.851126	0.142667	0.0062072
Muller_E	1891195	0.851579	0.142271	0.00615008
Muller_E	1894320	0.85234	0.141606	0.0060546
Muller_E	1900363	0.853813	0.140315	0.00587142
Muller_E	1904375	0.854793	0.139457	0.00575086
Muller_E	1915469	0.857506	0.137073	0.00542182
Muller_E	1927060	0.860348	0.134567	0.00508488
Muller_E	1932459	0.861675	0.133395	0.00493032
Muller_E	1944351	0.864603	0.130802	0.00459524
Muller_E	1946702	0.865183	0.130288	0.00452986
Muller_E	1961660	0.86888	0.127	0.00412068
Muller_E	1975567	0.872329	0.123921	0.0037507
Muller_E	2011856	0.881383	0.115784	0.0028328
Muller_E	2013122	0.8817	0.115498	0.00280202
Muller_E	2044597	0.889619	0.108318	0.00206367
Muller_E	2048236	0.890538	0.10748	0.00198164
Muller_E	2048434	0.890588	0.107435	0.0019772
Muller_E	2086567	0.967776	0.0321872	3.65621e-05
Muller_E	2103366	0.901502	0.0973677	0.00113065
Muller_E	2117584	0.902546	0.0963475	0.00110617
Muller_E	2126123	0.903174	0.095734	0.00109155
Muller_E	2135792	0.903886	0.0950385	0.00107506
Muller_E	2140907	0.904263	0.0946702	0.00106637
Muller_E	2141169	0.904283	0.0946513	0.00106592
Muller_E	2142715	0.904397	0.09454	0.0010633
Muller_E	2145389	0.904594	0.0943473	0.00105877
Muller_E	2146953	0.904709	0.0942346	0.00105612
Muller_E	2147057	0.904717	0.0942271	0.00105595
Muller_E	2201852	0.908771	0.0902641	0.000964514
Muller_E	2204792	0.90899	0.0900507	0.000959682
Muller_E	2219543	0.910086	0.0889787	0.000935553
Muller_E	2220290	0.910141	0.0889244	0.000934337
Muller_E	2241628	0.91173	0.0873702	0.000899795
Muller_E	2243471	0.911867	0.0872357	0.000896831
Muller_E	2531559	0.933698	0.0658265	0.000475386
Muller_E	2693610	0.946294	0.0534259	0.000279814
Muller_E	2696554	0.946525	0.0531982	0.00027657
Muller_E	2706179	0.947281	0.052453	0.000266047
Muller_E	2713009	0.947818	0.0519236	0.000258655
Muller_E	2716202	0.948069	0.0516759	0.000255221
Muller_E	2721440	0.948481	0.0512694	0.000249616
Muller_E	2735475	0.949586	0.0501788	0.000234783
Muller_E	2763120	0.951769	0.0480245	0.000206353
Muller_E	2777976	0.952945	0.0468636	0.000191512
Muller_E	2779619	0.953075	0.046735	0.00018989
Muller_E	2787347	0.953688	0.0461301	0.00018231
Muller_E	2788916	0.953812	0.0460072	0.000180781
Muller_E	2795398	0.954326	0.0454991	0.000174503
Muller_E	2798296	0.954556	0.0452719	0.000171715
Muller_E	2799305	0.954637	0.0451927	0.000170748
Muller_E	2800245	0.954711	0.045119	0.000169847
Muller_E	2800507	0.954732	0.0450984	0.000169597
Muller_E	2800780	0.954754	0.045077	0.000169335
Muller_E	2800932	0.954766	0.0450651	0.00016919
Muller_E	2801158	0.954784	0.0450473	0.000168974
Muller_E	2805736	0.955147	0.044688	0.000164613
Muller_E	2807233	0.955266	0.0445704	0.000163194
Muller_E	2807795	0.955311	0.0445263	0.000162662
Muller_E	2808363	0.955356	0.0444817	0.000162125
Muller_E	2809031	0.955409	0.0444292	0.000161493
Muller_E	2809272	0.955428	0.0444103	0.000161266
Muller_E	2809909	0.955479	0.0443602	0.000160665
Muller_E	2811470	0.955603	0.0442376	0.000159194
Muller_E	2811776	0.955628	0.0442135	0.000158906
Muller_E	2812117	0.955655	0.0441867	0.000158585
Muller_E	2815676	0.955938	0.043907	0.000155249
Muller_E	2816259	0.955984	0.0438611	0.000154704
Muller_E	2817070	0.956049	0.0437974	0.000153947
Muller_E	2817616	0.956092	0.0437544	0.000153437
Muller_E	2819402	0.956234	0.0436139	0.000151775
Muller_E	2820166	0.956295	0.0435538	0.000151065
Muller_E	2820386	0.956313	0.0435365	0.000150861
Muller_E	2820775	0.956344	0.0435059	0.0001505
Muller_E	2821135	0.956372	0.0434776	0.000150166
Muller_E	2821440	0.956397	0.0434536	0.000149883
Muller_E	2826939	0.956834	0.0430208	0.000144809
Muller_E	2831172	0.957172	0.0426873	0.000140933
Muller_E	2831515	0.957199	0.0426603	0.00014062
Muller_E	2832336	0.957265	0.0425956	0.000139872
Muller_E	2833070	0.957323	0.0425378	0.000139204
Muller_E	2850717	0.958731	0.0411454	0.000123375
Muller_E	2853215	0.958931	0.040948	0.000121172
Muller_E	2856496	0.959193	0.0406887	0.000118291
Muller_E	2856945	0.959229	0.0406532	0.000117898
Muller_E	2857481	0.959272	0.0406108	0.00011743
Muller_E	2858163	0.959326	0.0405569	0.000116834
Muller_E	2859754	0.959454	0.040431	0.000115447
Muller_E	2859987	0.959472	0.0404126	0.000115244
Muller_E	2862604	0.959681	0.0402056	0.000112971
Muller_E	2866488	0.959992	0.0398982	0.000109617
Muller_E	2867267	0.960055	0.0398365	0.000108947
Muller_E	2868557	0.960158	0.0397343	0.00010784
Muller_E	2870085	0.96028	0.0396133	0.000106531
Muller_E	2870623	0.960323	0.0395707	0.000106071
Muller_E	2876155	0.960766	0.0391324	0.000101367
Muller_E	2877151	0.960846	0.0390534	0.000100525
Muller_E	2886067	0.961561	0.0383461	9.30527e-05
Muller_E	2886534	0.961598	0.038309	9.26646e-05
Muller_E	2887599	0.961684	0.0382245	9.17808e-05
Muller_E	2887882	0.961706	0.038202	9.15463e-05
Muller_E	2888492	0.961755	0.0381536	9.10411e-05
Muller_E	2888607	0.961765	0.0381444	9.09459e-05
Muller_E	2890000	0.961876	0.0380338	8.97946e-05
Muller_E	2890387	0.961907	0.0380031	8.94753e-05
Muller_E	2890907	0.961949	0.0379618	8.90466e-05
Muller_E	2894764	0.962259	0.0376553	8.58794e-05
Muller_E	2899098	0.962607	0.0373108	8.23474e-05
Muller_E	2901481	0.962798	0.0371213	8.04176e-05
Muller_E	2901643	0.962811	0.0371084	8.02867e-05
Muller_E	2902627	0.96289	0.0370301	7.94925e-05
Muller_E	2903432	0.962955	0.0369661	7.8844e-05
Muller_E	2904998	0.963081	0.0368415	7.75851e-05
Muller_E	2905994	0.963161	0.0367622	7.67864e-05
Muller_E	2907134	0.963253	0.0366714	7.5874e-05
Muller_E	2908511	0.963363	0.0365618	7.47747e-05
Muller_E	2909452	0.963439	0.0364869	7.40251e-05
Muller_E	2910160	0.963496	0.0364305	7.3462e-05
Muller_E	2911022	0.963565	0.0363619	7.27774e-05
Muller_E	2911252	0.963584	0.0363435	7.2595e-05
Muller_E	2911992	0.963643	0.0362846	7.20085e-05
Muller_E	2914672	0.963859	0.0360711	6.98914e-05
Muller_E	2915489	0.963925	0.036006	6.92482e-05
Muller_E	2918585	0.964174	0.0357592	6.68201e-05
Muller_E	2919015	0.964209	0.0357249	6.6484e-05
Muller_E	2919728	0.964266	0.035668	6.59274e-05
Muller_E	2919971	0.964286	0.0356487	6.57379e-05
Muller_E	2921506	0.964409	0.0355262	6.45428e-05
Muller_E	2922564	0.964494	0.0354418	6.37211e-05
Muller_E	2922707	0.964506	0.0354304	6.36102e-05
Muller_E	2924226	0.964628	0.0353092	6.24339e-05
Muller_E	2925108	0.964699	0.0352389	6.17526e-05
Muller_E	2925552	0.964735	0.0352034	6.141e-05
Muller_E	2928855	0.965001	0.0349398	5.88713e-05
Muller_E	2930674	0.965148	0.0347945	5.74804e-05
Muller_E	2931258	0.965195	0.0347479	5.7035e-05
Muller_E	2931592	0.965222	0.0347212	5.67804e-05
Muller_E	2931798	0.965239	0.0347047	5.66235e-05
Muller_E	2932326	0.965281	0.0346626	5.62217e-05
Muller_E	2945623	0.966354	0.0335994	4.62444e-05
Muller_E	2945753	0.966365	0.033589	4.61482e-05
Muller_E	2945878	0.966375	0.033579	4.60558e-05
Muller_E	2946001	0.966385	0.0335692	4.59648e-05
Muller_E	2955783	0.967175	0.0327858	3.88071e-05
Muller_E	2957997	0.967354	0.0326084	3.72079e-05
Muller_E	2959282	0.967458	0.0325053	3.62833e-05
Muller_E	2959697	0.967492	0.0324721	3.59852e-05
Muller_E	2959819	0.967502	0.0324623	3.58977e-05
Muller_E	2960759	0.967578	0.0323869	3.52237e-05
Muller_E	2961667	0.967651	0.0323141	3.45741e-05
Muller_E	2961801	0.967662	0.0323034	3.44783e-05
Muller_E	2963254	0.96778	0.0321868	3.34417e-05
Muller_E	2963568	0.967805	0.0321616	3.32181e-05
Muller_E	2975263	0.968752	0.0312227	2.50023e-05
Muller_E	2976725	0.968871	0.0311052	2.39905e-05
Muller_E	2977784	0.968957	0.0310201	2.32598e-05
Muller_E	2982473	0.969337	0.030643	2.00457e-05
Muller_E	2984283	0.969484	0.0304974	1.88144e-05
Muller_E	2985483	0.969581	0.0304009	1.80009e-05
Muller_E	2985658	0.983598	0.0164013	1.16337e-06
Muller_E	2985908	0.969606	0.0303765	1.78687e-05
Muller_E	2987685	0.969679	0.0303033	1.77706e-05
Muller_E	2992894	0.969894	0.0300887	1.74806e-05
Muller_E	2993313	0.969911	0.0300714	1.74571e-05
Muller_E	2993798	0.969931	0.0300514	1.743e-05
Muller_E	2994137	0.969945	0.0300374	1.74109e-05
Muller_E	2994487	0.96996	0.030023	1.73913e-05
Muller_E	2994615	0.969965	0.0300177	1.73841e-05
Muller_E	2995123	0.969986	0.0299968	1.73555e-05
Muller_E	2995701	0.97001	0.0299729	1.7323e-05
Muller_E	2996048	0.970024	0.0299586	1.73034e-05
Muller_E	2996738	0.970053	0.0299302	1.72645e-05
Muller_E	2996880	0.970058	0.0299243	1.72565e-05
Muller_E	2997113	0.970068	0.0299147	1.72433e-05
Muller_E	2999116	0.970151	0.029832	1.713e-05
Muller_E	2999459	0.970165	0.0298179	1.71105e-05
Muller_E	3001420	0.970246	0.0297369	1.69989e-05
Muller_E	3001578	0.970253	0.0297304	1.69899e-05
Muller_E	3001696	0.970257	0.0297255	1.69832e-05
Muller_E	3002579	0.970294	0.0296891	1.69328e-05
Muller_E	3003095	0.970315	0.0296677	1.69033e-05
Muller_E	3003540	0.970334	0.0296494	1.68778e-05
Muller_E	3004120	0.970358	0.0296254	1.68446e-05
Muller_E	3005221	0.970403	0.0295799	1.67814e-05
Muller_E	3007967	0.970517	0.0294664	1.66233e-05
Muller_E	3012773	0.970716	0.0292676	1.63444e-05
Muller_E	3013331	0.970739	0.0292446	1.63118e-05
Muller_E	3013618	0.970751	0.0292327	1.62951e-05
Muller_E	3014080	0.97077	0.0292136	1.62681e-05
Muller_E	3014783	0.970799	0.0291845	1.6227e-05
Muller_E	3016296	0.970862	0.0291218	1.61383e-05
Muller_E	3017214	0.9709	0.0290838	1.60844e-05
Muller_E	3018320	0.970946	0.029038	1.60193e-05
Muller_E	3018982	0.970973	0.0290106	1.59803e-05
Muller_E	3019303	0.970987	0.0289973	1.59613e-05
Muller_E	3019831	0.971009	0.0289754	1.59302e-05
Muller_E	3021834	0.971092	0.0288924	1.58116e-05
Muller_E	3021944	0.971096	0.0288878	1.58051e-05
Muller_E	3023127	0.971145	0.0288388	1.57349e-05
Muller_E	3024474	0.971201	0.028783	1.56547e-05
Muller_E	3024813	0.971215	0.0287689	1.56345e-05
Muller_E	3029421	0.971407	0.0285777	1.53588e-05
Muller_E	3029834	0.971424	0.0285606	1.5334e-05
Muller_E	3030101	0.971435	0.0285495	1.53179e-05
Muller_E	3033200	0.971564	0.0284208	1.5131e-05
Muller_E	3033901	0.971593	0.0283917	1.50886e-05
Muller_E	3034073	0.9716	0.0283846	1.50782e-05
Muller_E	3036032	0.971682	0.0283032	1.49593e-05
Muller_E	3038305	0.971776	0.0282087	1.4821e-05
Muller_E	3041816	0.971923	0.0280627	1.46063e-05
Muller_E	3044683	0.972042	0.0279434	1.44301e-05
Muller_E	3046757	0.972129	0.027857	1.43021e-05
Muller_E	3046887	0.972134	0.0278516	1.42941e-05
Muller_E	3047900	0.972176	0.0278094	1.42314e-05
Muller_E	3048135	0.972186	0.0277996	1.42169e-05
Muller_E	3050664	0.972292	0.0276943	1.406e-05
Muller_E	3051698	0.972335	0.0276512	1.39956e-05
Muller_E	3051968	0.972346	0.0276399	1.39788e-05
Muller_E	3052635	0.972374	0.0276121	1.39373e-05
Muller_E	3053197	0.972397	0.0275887	1.39022e-05
Muller_E	3056428	0.983419	0.0165779	2.69201e-06
Muller_E	3056712	0.972539	0.0274476	1.37089e-05
Muller_E	3058398	0.972576	0.02741	1.37609e-05
Muller_E	3059687	0.972605	0.0273811	1.38002e-05
Muller_E	3061511	0.972646	0.0273403	1.38554e-05
Muller_E	3062406	0.972666	0.0273203	1.38822e-05
Muller_E	3062537	0.972669	0.0273173	1.38861e-05
Muller_E	3100018	0.973512	0.0264729	1.48771e-05
Muller_E	3100718	0.973528	0.026457	1.48932e-05
Muller_E	3112367	0.973792	0.0261924	1.51487e-05
Muller_E	3112987	0.973807	0.0261782	1.51616e-05
Muller_E	3113420	0.973816	0.0261684	1.51706e-05
Muller_E	3116107	0.973878	0.0261072	1.52257e-05
Muller_E	3119432	0.973953	0.0260313	1.52922e-05
Muller_E	3119714	0.97396	0.0260249	1.52977e-05
Muller_E	3120862	0.973986	0.0259987	1.53202e-05
Muller_E	3122265	0.974018	0.0259667	1.53473e-05
Muller_E	3123364	0.974043	0.0259416	1.53683e-05
Muller_E	3124138	0.974061	0.0259239	1.5383e-05
Muller_E	3127464	0.974137	0.0258478	1.54449e-05
Muller_E	3128767	0.974167	0.025818	1.54687e-05
Muller_E	3128895	0.974169	0.0258151	1.5471e-05
Muller_E	3129611	0.974186	0.0257987	1.54839e-05
Muller_E	3129743	0.974189	0.0257957	1.54863e-05
Muller_E	3130171	0.974199	0.0257859	1.54939e-05
Muller_E	3131529	0.97423	0.0257548	1.55181e-05
Muller_E	3137674	0.974371	0.0256139	1.56234e-05
Muller_E	3139976	0.974423	0.025561	1.56613e-05
Muller_E	3143168	0.974497	0.0254876	1.57123e-05
Muller_E	3169152	0.975096	0.0248875	1.60663e-05
Muller_E	3170575	0.975129	0.0248545	1.60825e-05
Muller_E	3173857	0.975206	0.0247783	1.61189e-05
Muller_E	3192801	0.975647	0.0243369	1.62962e-05
Muller_E	3194086	0.975677	0.0243069	1.63062e-05
Muller_E	3194230	0.97568	0.0243035	1.63073e-05
Muller_E	3207603	0.975994	0.0239901	1.6397e-05
Muller_E	3207708	0.975996	0.0239876	1.63976e-05
Muller_E	3208070	0.976004	0.0239791	1.63997e-05
Muller_E	3208369	0.976011	0.0239721	1.64014e-05
Muller_E	3208507	0.976015	0.0239689	1.64021e-05
Muller_E	3208706	0.976019	0.0239642	1.64033e-05
Muller_E	3210124	0.976053	0.0239309	1.6411e-05
Muller_E	3211254	0.976079	0.0239043	1.6417e-05
Muller_E	3212088	0.976099	0.0238847	1.64212e-05
Muller_E	3216063	0.976192	0.0237911	1.64403e-05
Muller_E	3216461	0.976202	0.0237818	1.6442e-05
Muller_E	3217109	0.976217	0.0237665	1.64449e-05
Muller_E	3217441	0.976225	0.0237587	1.64463e-05
Muller_E	3217706	0.976231	0.0237524	1.64475e-05
Muller_E	3217825	0.976234	0.0237496	1.6448e-05
Muller_E	3218354	0.976246	0.0237372	1.64502e-05
Muller_E	3219292	0.976268	0.023715	1.6454e-05
Muller_E	3219763	0.97628	0.0237039	1.64559e-05
Muller_E	3221459	0.97632	0.0236639	1.64624e-05
Muller_E	3222112	0.976335	0.0236485	1.64649e-05
Muller_E	3223012	0.976356	0.0236273	1.64681e-05
Muller_E	3223549	0.976369	0.0236146	1.64699e-05
Muller_E	3224815	0.976399	0.0235847	1.64742e-05
Muller_E	3226800	0.976446	0.0235378	1.64803e-05
Muller_E	3229718	0.976515	0.0234688	1.64884e-05
Muller_E	3240322	0.976766	0.0232176	1.65078e-05
Muller_E	3240918	0.97678	0.0232034	1.65084e-05
Muller_E	3241273	0.976788	0.023195	1.65088e-05
Muller_E	3247835	0.976944	0.023039	1.65122e-05
Muller_E	3251442	0.97703	0.0229532	1.65116e-05
Muller_E	3252203	0.977048	0.022935	1.65113e-05
Muller_E	3254014	0.977092	0.0228919	1.65101e-05
Muller_E	3254518	0.977104	0.0228799	1.65097e-05
Muller_E	3255141	0.977118	0.022865	1.65092e-05
Muller_E	3255365	0.977124	0.0228597	1.6509e-05
Muller_E	3259142	0.977214	0.0227695	1.65046e-05
Muller_E	3259935	0.977233	0.0227506	1.65034e-05
Muller_E	3262497	0.977294	0.0226894	1.64991e-05
Muller_E	3263708	0.977323	0.0226604	1.64967e-05
Muller_E	3264644	0.977345	0.022638	1.64948e-05
Muller_E	3266132	0.977381	0.0226024	1.64914e-05
Muller_E	3266579	0.977392	0.0225917	1.64904e-05
Muller_E	3266806	0.977397	0.0225863	1.64898e-05
Muller_E	3269029	0.97745	0.0225331	1.64841e-05
Muller_E	3271700	0.977514	0.0224691	1.64764e-05
Muller_E	3271881	0.977519	0.0224647	1.64759e-05
Muller_E	3273894	0.977567	0.0224164	1.64694e-05
Muller_E	3275081	0.977596	0.022388	1.64654e-05
Muller_E	3275989	0.977617	0.0223662	1.64622e-05
Muller_E	3278049	0.977667	0.0223167	1.64545e-05
Muller_E	3280894	0.977735	0.0222483	1.6443e-05
Muller_E	3282107	0.977764	0.0222191	1.64378e-05
Muller_E	3282973	0.977785	0.0221983	1.6434e-05
Muller_E	3284532	0.977823	0.0221608	1.64269e-05
Muller_E	3291321	0.977986	0.0219972	1.63924e-05
Muller_E	3291878	0.978	0.0219837	1.63893e-05
Muller_E	3293351	0.978035	0.0219482	1.6381e-05
Muller_E	3293759	0.978045	0.0219383	1.63787e-05
Muller_E	3304917	0.978315	0.0216684	1.63065e-05
Muller_E	3306663	0.978358	0.0216261	1.62939e-05
Muller_E	3306880	0.978363	0.0216209	1.62923e-05
Muller_E	3310127	0.978442	0.0215421	1.62678e-05
Muller_E	3312301	0.978494	0.0214893	1.62507e-05
Muller_E	3312718	0.978505	0.0214792	1.62474e-05
Muller_E	3318766	0.978652	0.0213321	1.61967e-05
Muller_E	3323588	0.978769	0.0212147	1.61533e-05
Muller_E	3324201	0.978784	0.0211998	1.61476e-05
Muller_E	3324656	0.978795	0.0211887	1.61433e-05
Muller_E	3325091	0.978806	0.0211781	1.61392e-05
Muller_E	3326084	0.97883	0.0211538	1.61298e-05
Muller_E	3326190	0.978833	0.0211513	1.61287e-05
Muller_E	3330218	0.978931	0.0210529	1.60893e-05
Muller_E	3334866	0.979045	0.0209393	1.60416e-05
Muller_E	3337545	0.97911	0.0208738	1.6013e-05
Muller_E	3340268	0.979177	0.0208071	1.59831e-05
Muller_E	3340480	0.979182	0.0208019	1.59808e-05
Muller_E	3410593	0.98092	0.0190648	1.49536e-05
Muller_E	3431230	0.981439	0.0185463	1.45659e-05
Muller_E	3437416	0.981595	0.0183902	1.44429e-05
Muller_E	3456916	0.98209	0.0178962	1.4036e-05
Muller_E	3457694	0.98211	0.0178765	1.40192e-05
Muller_E	3459001	0.982143	0.0178432	1.39908e-05
Muller_E	3462300	0.982227	0.0177593	1.39187e-05
Muller_E	3464519	0.982283	0.0177028	1.38698e-05
Muller_E	3464673	0.982287	0.0176989	1.38664e-05
Muller_E	3477602	0.982617	0.017369	1.35744e-05
Muller_E	3525631	0.983856	0.0161319	1.23991e-05
Muller_E	3546828	0.984408	0.0155801	1.18412e-05
Muller_E	3557059	0.984676	0.0153125	1.15646e-05
Muller_E	3566467	0.984923	0.0150657	1.13065e-05
Muller_E	3572057	0.98507	0.0149188	1.11516e-05
Muller_E	3572168	0.985073	0.0149159	1.11485e-05
Muller_E	3579272	0.98526	0.0147287	1.095e-05
Muller_E	3579502	0.985266	0.0147227	1.09435e-05
Muller_E	3582419	0.985343	0.0146457	1.08615e-05
Muller_E	3590131	0.985547	0.0144419	1.06433e-05
Muller_E	3605233	0.985948	0.0140415	1.02109e-05
Muller_E	3610748	0.986095	0.0138948	1.00515e-05
Muller_E	3611776	0.986123	0.0138674	1.00217e-05
Muller_E	3615071	0.98621	0.0137797	9.92604e-06
Muller_E	3617701	0.986281	0.0137095	9.84952e-06
Muller_E	3617818	0.986284	0.0137064	9.84611e-06
Muller_E	3617948	0.986287	0.0137029	9.84232e-06
Muller_E	3623404	0.986433	0.0135573	9.68309e-06
Muller_E	3630035	0.986611	0.0133799	9.48879e-06
Muller_E	3631532	0.986651	0.0133398	9.44482e-06
Muller_E	3634067	0.986719	0.0132719	9.37027e-06
Muller_E	3642157	0.986936	0.0130548	9.1317e-06
Muller_E	3643438	0.986971	0.0130204	9.09384e-06
Muller_E	3645674	0.987031	0.0129603	9.02771e-06
Muller_E	3652519	0.987215	0.012776	8.82489e-06
Muller_E	3655257	0.987289	0.0127021	8.74363e-06
Muller_E	3657953	0.987362	0.0126294	8.66355e-06
Muller_E	3660200	0.987423	0.0125687	8.59676e-06
Muller_E	3665461	0.987565	0.0124265	8.44024e-06
Muller_E	3670065	0.98769	0.0123019	8.30313e-06
Muller_E	3757777	0.9901	0.00989477	5.71145e-06
Muller_E	3766114	0.990332	0.00966276	5.4716e-06
Muller_E	3770199	0.990446	0.00954887	5.35477e-06
Muller_E	3771242	0.990475	0.00951977	5.32502e-06
Muller_E	3775369	0.99059	0.00940454	5.20761e-06
Muller_E	3781958	0.990775	0.00922028	5.02127e-06
Muller_E	3788305	0.990953	0.00904246	4.84314e-06
Muller_E	3788531	0.990959	0.00903612	4.83682e-06
Muller_E	3788717	0.990964	0.00903091	4.83163e-06
Muller_E	3791492	0.991042	0.00895305	4.75423e-06
Muller_E	3791929	0.991054	0.00894078	4.74207e-06
Muller_E	3794089	0.991115	0.00888013	4.68205e-06
Muller_E	3798034	0.991226	0.00876925	4.57289e-06
Muller_E	3805877	0.991447	0.00854845	4.35769e-06
Muller_E	3808116	0.99151	0.00848532	4.29671e-06
Muller_E	3837593	0.992346	0.00765045	3.51512e-06
Muller_E	3889492	0.993834	0.00616332	2.25495e-06
Muller_E	3892070	0.993909	0.00608888	2.19689e-06
Muller_E	3892768	0.993929	0.00606871	2.18125e-06
Muller_E	3893846	0.99396	0.00603756	2.15717e-06
Muller_E	3895236	0.994	0.00599738	2.12624e-06
Muller_E	3896701	0.994043	0.00595501	2.09379e-06
Muller_E	3964144	0.996014	0.0039855	7.87439e-07
Muller_E	3964249	0.996017	0.00398241	7.85721e-07
Muller_E	3964701	0.99603	0.00396908	7.78334e-07
Muller_E	3965335	0.996049	0.00395039	7.68005e-07
Muller_E	3965537	0.996055	0.00394443	7.64723e-07
Muller_E	3971184	0.996222	0.00377776	6.74579e-07
Muller_E	4005791	0.997249	0.00275056	1.9375e-07
Muller_E	4007537	0.997301	0.00269847	1.72914e-07
Muller_E	4008073	0.997317	0.00268248	1.66586e-07
Muller_E	4008732	0.997337	0.00266281	1.58851e-07
Muller_E	4009275	0.997353	0.0026466	1.52514e-07
Muller_E	4009794	0.997369	0.0026311	1.46488e-07
Muller_E	4010462	0.997389	0.00261115	1.38777e-07
Muller_E	4011246	0.997412	0.00258774	1.29792e-07
Muller_E	4011350	0.997415	0.00258463	1.28605e-07
Muller_E	4011743	0.997427	0.00257289	1.24132e-07
Muller_E	4012926	0.997462	0.00253754	1.10774e-07
Muller_E	4015010	0.997525	0.00247525	8.76313e-08
Muller_E	4015956	0.997553	0.00244696	7.72909e-08
Muller_E	4016731	0.997576	0.00242377	6.88967e-08
Muller_E	4017133	0.997588	0.00241175	6.45699e-08
Muller_E	4017640	0.997603	0.00239658	5.91396e-08
Muller_E	4021078	0.997706	0.00229365	2.31068e-08
Muller_E	4021876	0.99773	0.00226975	1.4941e-08
Muller_E	4022513	0.998815	0.00118493	4.39882e-10
Muller_E	4022928	0.997756	0.00224429	8.09368e-09
Muller_E	4024532	0.99778	0.00221965	6.59661e-09
Muller_E	4024639	0.997782	0.00221801	6.49575e-09
Muller_E	4025270	0.997792	0.00220831	5.89845e-09
Muller_E	4027169	0.997821	0.0021791	4.0755e-09
Muller_E	4027437	0.998831	0.00116945	2.83709e-10
Muller_E	4027764	0.997827	0.00217251	3.8478e-09
Muller_E	4029270	0.997839	0.00216115	3.97452e-09
Muller_E	4032202	0.997861	0.00213897	4.11231e-09
Muller_E	4032327	0.997862	0.00213803	4.11501e-09
Muller_E	4033521	0.997871	0.00212898	4.12785e-09
Muller_E	4033797	0.998876	0.00112408	2.3122e-10
Muller_E	4036360	0.99788	0.00212009	8.54064e-09
Muller_E	4037138	0.997882	0.00211801	9.86005e-09
Muller_E	4037610	0.997883	0.00211675	1.06559e-08
Muller_E	4040496	0.997891	0.00210901	1.54474e-08
Muller_E	4040949	0.997892	0.00210779	1.61878e-08
Muller_E	4045900	0.997906	0.00209433	2.40751e-08
Muller_E	4046078	0.997906	0.00209384	2.43517e-08
Muller_E	4046843	0.997908	0.00209174	2.5535e-08
Muller_E	4047581	0.99791	0.00208971	2.6668e-08
Muller_E	4048275	0.997912	0.0020878	2.7726e-08
Muller_E	4048700	0.997913	0.00208663	2.83703e-08
Muller_E	4053592	0.997927	0.00207302	3.55906e-08
Muller_E	4056223	0.997934	0.00206563	3.93255e-08
Muller_E	4056545	0.997935	0.00206472	3.97756e-08
Muller_E	4056951	0.997936	0.00206357	4.03408e-08
Muller_E	4057601	0.997938	0.00206173	4.12406e-08
Muller_E	4057720	0.997939	0.00206139	4.14047e-08
Muller_E	4058043	0.997939	0.00206048	4.18489e-08
Muller_E	4058149	0.99794	0.00206018	4.19944e-08
Muller_E	4058704	0.997941	0.0020586	4.27532e-08
Muller_E	4059417	0.997943	0.00205657	4.37214e-08
Muller_E	4059965	0.997945	0.00205501	4.44605e-08
Muller_E	4061381	0.997949	0.00205096	4.63496e-08
Muller_E	4061745	0.99795	0.00204992	4.68305e-08
Muller_E	4062020	0.997951	0.00204913	4.71925e-08
Muller_E	4062507	0.997952	0.00204773	4.78309e-08
Muller_E	4062941	0.997953	0.00204649	4.83968e-08
Muller_E	4064035	0.997957	0.00204334	4.98113e-08
Muller_E	4064680	0.997958	0.00204147	5.0637e-08
Muller_E	4064829	0.997959	0.00204104	5.08269e-08
Muller_E	4065474	0.997961	0.00203918	5.16451e-08
Muller_E	4065574	0.997961	0.00203889	5.17714e-08
Muller_E	4066028	0.997962	0.00203757	5.23431e-08
Muller_E	4067541	0.997967	0.00203317	5.42266e-08
Muller_E	4067967	0.997968	0.00203193	5.4751e-08
Muller_E	4068535	0.99797	0.00203027	5.5446e-08
Muller_E	4069245	0.997972	0.0020282	5.63082e-08
Muller_E	4070105	0.997974	0.00202568	5.73429e-08
Muller_E	4071088	0.997977	0.00202279	5.85126e-08
Muller_E	4071641	0.997979	0.00202116	5.91645e-08
Muller_E	4072126	0.99798	0.00201973	5.97326e-08
Muller_E	4072768	0.997982	0.00201784	6.04795e-08
Muller_E	4072973	0.997983	0.00201723	6.07167e-08
Muller_E	4073359	0.997984	0.00201609	6.11618e-08
Muller_E	4075135	0.997989	0.00201082	6.31823e-08
Muller_E	4075254	0.997989	0.00201047	6.33161e-08
Muller_E	4076053	0.997992	0.00200809	6.42092e-08
Muller_E	4077160	0.997995	0.00200478	6.54315e-08
Muller_E	4078165	0.997998	0.00200177	6.65262e-08
Muller_E	4078690	0.998	0.0020002	6.70924e-08
Muller_E	4078900	0.998	0.00199957	6.73178e-08
Muller_E	4079010	0.998001	0.00199923	6.74356e-08
Muller_E	4079297	0.998002	0.00199837	6.77422e-08
Muller_E	4081728	0.998009	0.00199104	7.02929e-08
Muller_E	4082079	0.99801	0.00198997	7.06543e-08
Muller_E	4083988	0.998016	0.00198417	7.25901e-08
Muller_E	4085715	0.998021	0.0019789	7.42977e-08
Muller_E	4089306	0.998032	0.00196787	7.77167e-08
Muller_E	4089803	0.998034	0.00196633	7.8176e-08
Muller_E	4092778	0.998043	0.00195709	8.08547e-08
Muller_E	4092894	0.998043	0.00195673	8.09567e-08
Muller_E	4098915	0.998062	0.00193782	8.60029e-08
Muller_E	4109650	0.998097	0.00190337	9.38077e-08
Muller_E	4113217	0.998108	0.00189172	9.60698e-08
Muller_E	4113538	0.998109	0.00189067	9.62653e-08
Muller_E	4114422	0.998112	0.00188776	9.67972e-08
Muller_E	4114803	0.998113	0.00188651	9.70233e-08
Muller_E	4115118	0.998114	0.00188547	9.72089e-08
Muller_E	4116856	0.99812	0.00187973	9.82103e-08
Muller_E	4117074	0.998121	0.00187901	9.83332e-08
Muller_E	4117473	0.998122	0.00187768	9.85566e-08
Muller_E	4118970	0.998127	0.00187271	9.93769e-08
Muller_E	4121851	0.998137	0.00186309	1.00877e-07
Muller_E	4122071	0.998138	0.00186236	1.00987e-07
Muller_E	4122393	0.998139	0.00186128	1.01148e-07
Muller_E	4122818	0.99814	0.00185985	1.01357e-07
Muller_E	4124318	0.998145	0.0018548	1.02079e-07
Muller_E	4124418	0.998145	0.00185447	1.02127e-07
Muller_E	4126492	0.998152	0.00184746	1.03077e-07
Muller_E	4127527	0.998156	0.00184395	1.03532e-07
Muller_E	4127720	0.998157	0.00184329	1.03615e-07
Muller_E	4128101	0.998158	0.00184199	1.03778e-07
Muller_E	4128234	0.998158	0.00184154	1.03835e-07
Muller_E	4130334	0.998166	0.00183438	1.04699e-07
Muller_E	4132221	0.998172	0.00182792	1.0543e-07
Muller_E	4134741	0.998181	0.00181924	1.06341e-07
Muller_E	4134982	0.998181	0.0018184	1.06424e-07
Muller_E	4136547	0.998187	0.00181298	1.06947e-07
Muller_E	4140224	0.9982	0.00180017	1.08061e-07
Muller_E	4140902	0.998202	0.0017978	1.0825e-07
Muller_E	4141485	0.998204	0.00179576	1.08407e-07
Muller_E	4143836	0.998212	0.00178749	1.09003e-07
Muller_E	4144350	0.998214	0.00178567	1.09125e-07
Muller_E	4144848	0.998216	0.00178391	1.0924e-07
Muller_E	4150850	0.998237	0.00176254	1.10406e-07
Muller_E	4151927	0.998241	0.00175868	1.10573e-07
Muller_E	4154621	0.998251	0.00174897	1.10932e-07
Muller_E	4159745	0.99827	0.00173034	1.11396e-07
Muller_E	4159958	0.99827	0.00172956	1.11409e-07
Muller_E	4160923	0.998274	0.00172603	1.11462e-07
Muller_E	4161787	0.998277	0.00172286	1.11502e-07
Muller_E	4162162	0.998278	0.00172148	1.11516e-07
Muller_E	4163984	0.998285	0.00171477	1.11565e-07
Muller_E	4164218	0.998286	0.00171391	1.11569e-07
Muller_E	4164859	0.998288	0.00171154	1.11576e-07
Muller_E	4165033	0.998289	0.0017109	1.11578e-07
Muller_E	4165157	0.998289	0.00171044	1.11578e-07
Muller_E	4165383	0.99829	0.0017096	1.11579e-07
Muller_E	4165808	0.998292	0.00170803	1.11579e-07
Muller_E	4165958	0.998292	0.00170747	1.11579e-07
Muller_E	4166062	0.998293	0.00170709	1.11578e-07
Muller_E	4166243	0.998293	0.00170642	1.11577e-07
Muller_E	4166628	0.998295	0.00170499	1.11574e-07
Muller_E	4168755	0.998303	0.00169708	1.11528e-07
Muller_E	4172546	0.998317	0.00168288	1.1133e-07
Muller_E	4172827	0.998318	0.00168183	1.11309e-07
Muller_E	4173860	0.998322	0.00167794	1.11226e-07
Muller_E	4176100	0.99833	0.00166947	1.1101e-07
Muller_E	4176326	0.998331	0.00166862	1.10986e-07
Muller_E	4176826	0.998333	0.00166672	1.10929e-07
Muller_E	4177022	0.998334	0.00166598	1.10906e-07
Muller_E	4178339	0.998339	0.00166097	1.10744e-07
Muller_E	4178608	0.99834	0.00165995	1.10708e-07
Muller_E	4179326	0.998343	0.00165721	1.1061e-07
Muller_E	4180712	0.998348	0.00165192	1.10407e-07
Muller_E	4180966	0.998349	0.00165095	1.10367e-07
Muller_E	4184926	0.998364	0.00163573	1.09672e-07
Muller_E	4185178	0.998365	0.00163476	1.09623e-07
Muller_E	4185319	0.998366	0.00163421	1.09595e-07
Muller_E	4185532	0.998367	0.00163339	1.09552e-07
Muller_E	4187632	0.998375	0.00162526	1.0911e-07
Muller_E	4188227	0.998377	0.00162295	1.08977e-07
Muller_E	4188670	0.998379	0.00162122	1.08876e-07
Muller_E	4192621	0.998394	0.00160579	1.07891e-07
Muller_E	4193546	0.998398	0.00160216	1.0764e-07
Muller_E	4194407	0.998401	0.00159878	1.07398e-07
Muller_E	4195783	0.998407	0.00159336	1.06999e-07
Muller_E	4196010	0.998407	0.00159246	1.06931e-07
Muller_E	4197440	0.998413	0.0015868	1.06495e-07
Muller_E	4198223	0.998416	0.0015837	1.06248e-07
Muller_E	4199021	0.998419	0.00158053	1.05991e-07
Muller_E	4199203	0.99842	0.00157981	1.05931e-07
Muller_E	4199424	0.998421	0.00157893	1.05858e-07
Muller_E	4199639	0.998422	0.00157808	1.05787e-07
Muller_E	4199983	0.998423	0.00157671	1.05673e-07
Muller_E	4203293	0.998436	0.00156349	1.04516e-07
Muller_E	4205814	0.998447	0.00155336	1.03571e-07
Muller_E	4206134	0.998448	0.00155207	1.03447e-07
Muller_E	4207588	0.998454	0.0015462	1.02873e-07
Muller_E	4210680	0.998466	0.00153367	1.01592e-07
Muller_E	4210928	0.998467	0.00153266	1.01486e-07
Muller_E	4211312	0.998469	0.0015311	1.01321e-07
Muller_E	4211755	0.998471	0.00152929	1.01128e-07
Muller_E	4213444	0.998478	0.0015224	1.00379e-07
Muller_E	4216650	0.998491	0.00150925	9.8893e-08
Muller_E	4217058	0.998492	0.00150757	9.86979e-08
Muller_E	4217453	0.998494	0.00150594	9.85077e-08
Muller_E	4217565	0.998494	0.00150548	9.84535e-08
Muller_E	4217669	0.998495	0.00150505	9.84031e-08
Muller_E	4217825	0.998495	0.00150441	9.83274e-08
Muller_E	4218923	0.9985	0.00149987	9.77888e-08
Muller_E	4225215	0.998526	0.00147371	9.45185e-08
Muller_E	4232774	0.998558	0.00144185	9.01889e-08
Muller_E	4235298	0.998569	0.00143111	8.86494e-08
Muller_E	4245993	0.998615	0.00138503	8.163e-08
Muller_E	4252835	0.998645	0.00135506	7.67394e-08
Muller_E	4253725	0.998649	0.00135114	7.60814e-08
Muller_E	4256197	0.99866	0.0013402	7.42283e-08
Muller_E	4261234	0.998682	0.00131776	7.03387e-08
Muller_E	4262892	0.99869	0.00131033	6.90259e-08
Muller_E	4263238	0.998691	0.00130878	6.875e-08
Muller_E	4263588	0.998693	0.00130721	6.84702e-08
Muller_E	4264621	0.998697	0.00130256	6.76403e-08
Muller_E	4266950	0.998708	0.00129205	6.57474e-08
Muller_E	4267529	0.998711	0.00128943	6.52722e-08
Muller_E	4276223	0.99875	0.00124978	5.79234e-08
Muller_E	4311688	0.99942	0.000580218	1.76817e-09
Muller_E	4311965	0.998919	0.00108126	2.46196e-08
Muller_E	4312254	0.998919	0.0010808	2.47837e-08
Muller_E	4312510	0.99892	0.00108039	2.49286e-08
Muller_E	4334492	0.998957	0.00104333	3.56041e-08
Muller_E	4352032	0.998989	0.00101095	4.17151e-08
Muller_E	4353438	0.998992	0.00100825	4.21164e-08
Muller_E	4356857	0.998998	0.00100161	4.30389e-08
Muller_E	4360054	0.999005	0.000995319	4.38337e-08
Muller_E	4374783	0.999035	0.000965259	4.66719e-08
Muller_E	4374946	0.999035	0.000964916	4.66959e-08
Muller_E	4381350	0.999049	0.000951291	4.75152e-08
Muller_E	4558836	0.999558	0.000441755	4.00368e-09
Muller_E	4562012	0.99957	0.000430316	2.68336e-09
Muller_E	4564083	0.999577	0.000422813	1.82519e-09
Muller_E	4564194	0.999776	0.000223563	1.03757e-10
Muller_E	4568491	0.999583	0.000416541	1.83392e-09
Muller_E	4569115	0.999584	0.000415677	1.83724e-09
Muller_E	4569749	0.999585	0.000414795	1.83941e-09
Muller_E	4570340	0.999586	0.00041397	1.84037e-09
Muller_E	4571890	0.999588	0.000411793	1.83798e-09
Muller_E	4572624	0.999589	0.000410756	1.83438e-09
Muller_E	4573491	0.99959	0.000409525	1.82811e-09
Muller_E	4573809	0.999591	0.000409071	1.82526e-09
Muller_E	4577361	0.999596	0.000403955	1.77364e-09
Muller_E	4577462	0.999596	0.000403808	1.77164e-09
Muller_E	4578308	0.999597	0.000402573	1.7538e-09
Muller_E	4580664	0.999601	0.000399105	1.69349e-09
Muller_E	4580954	0.999601	0.000398675	1.685e-09
Muller_E	4581769	0.999603	0.000397463	1.65988e-09
Muller_E	4581909	0.999603	0.000397254	1.65539e-09
Muller_E	4583019	0.999604	0.000395594	1.61781e-09
Muller_E	4583393	0.999605	0.000395032	1.60438e-09
Muller_E	4583516	0.999605	0.000394847	1.59988e-09
Muller_E	4584473	0.999607	0.000393403	1.56348e-09
Muller_E	4589180	0.999793	0.00020666	9.44865e-11
Muller_E	4590247	0.999614	0.000386295	1.55471e-09
Muller_E	4591539	0.999614	0.000386404	1.80057e-09
Muller_E	4593253	0.999613	0.000386529	2.12053e-09
Muller_E	4593508	0.999613	0.000386545	2.16753e-09
Muller_E	4593974	0.999613	0.000386574	2.25301e-09
Muller_E	4595111	0.999613	0.000386637	2.45938e-09
Muller_E	4595303	0.999613	0.000386646	2.49392e-09
Muller_E	4597548	0.999613	0.000386736	2.89119e-09
Muller_E	4597833	0.999613	0.000386744	2.94075e-09
Muller_E	4600306	0.999613	0.00038679	3.3626e-09
Muller_E	4607273	0.999613	0.000386653	4.47168e-09
Muller_E	4607398	0.999613	0.000386647	4.49051e-09
Muller_E	4610441	0.999614	0.000386461	4.93727e-09
Muller_E	4611041	0.999614	0.000386416	5.02272e-09
Muller_E	4611562	0.999614	0.000386374	5.09622e-09
Muller_E	4611697	0.999614	0.000386363	5.11516e-09
Muller_E	4612447	0.999614	0.000386298	5.21958e-09
Muller_E	4612733	0.999614	0.000386272	5.25904e-09
Muller_E	4612927	0.999614	0.000386254	5.28569e-09
Muller_E	4613148	0.999614	0.000386233	5.31595e-09
Muller_E	4614502	0.999614	0.000386096	5.49874e-09
Muller_E	4615888	0.999614	0.000385941	5.68128e-09
Muller_E	4616173	0.999614	0.000385907	5.71825e-09
Muller_E	4616508	0.999614	0.000385867	5.76145e-09
Muller_E	4616663	0.999614	0.000385848	5.78134e-09
Muller_E	4618190	0.999614	0.000385649	5.97427e-09
Muller_E	4619781	0.999615	0.000385422	6.16934e-09
Muller_E	4622166	0.999615	0.000385044	6.45039e-09
Muller_E	4626314	0.999616	0.000384276	6.9068e-09
Muller_E	4626864	0.999616	0.000384164	6.96423e-09
Muller_E	4627368	0.999616	0.000384059	7.01623e-09
Muller_E	4627488	0.999616	0.000384033	7.02852e-09
Muller_E	4633961	0.999617	0.000382496	7.64089e-09
Muller_E	4635834	0.999618	0.000381987	7.79959e-09
Muller_E	4636452	0.999618	0.000381814	7.85014e-09
Muller_E	4637295	0.999618	0.000381571	7.91765e-09
Muller_E	4640891	0.99962	0.000380474	8.18688e-09
Muller_E	4645727	0.999621	0.000378832	8.50134e-09
Muller_E	4646376	0.999621	0.000378598	8.53941e-09
Muller_E	4646798	0.999622	0.000378443	8.56364e-09
Muller_E	4653320	0.999624	0.000375873	8.88597e-09
Muller_E	4656520	0.999626	0.000374487	9.00856e-09
Muller_E	4672665	0.999634	0.000366227	9.27747e-09
Muller_E	4674140	0.999635	0.000365367	9.27351e-09
Muller_E	4675745	0.999636	0.000364412	9.26387e-09
Muller_E	4676485	0.999636	0.000363964	9.25757e-09
Muller_E	4677110	0.999636	0.000363583	9.25133e-09
Muller_E	4677655	0.999637	0.000363247	9.24521e-09
Muller_E	4678986	0.999638	0.000362419	9.22762e-09
Muller_E	4680223	0.999638	0.000361636	9.20791e-09
Muller_E	4682403	0.99964	0.000360225	9.16533e-09
Muller_E	4682621	0.99964	0.000360082	9.16052e-09
Muller_E	4684270	0.999641	0.000358987	9.12096e-09
Muller_E	4685491	0.999642	0.000358162	9.08803e-09
Muller_E	4686019	0.999642	0.000357801	9.07283e-09
Muller_E	4687101	0.999643	0.000357055	9.0399e-09
Muller_E	4689628	0.999645	0.000355277	8.95365e-09
Muller_E	4690052	0.999645	0.000354973	8.9379e-09
Muller_E	4690344	0.999645	0.000354763	8.92684e-09
Muller_E	4690905	0.999646	0.000354358	8.90512e-09
Muller_E	4691125	0.999646	0.000354198	8.89642e-09
Muller_E	4691712	0.999646	0.000353771	8.87275e-09
Muller_E	4691999	0.999646	0.00035356	8.86092e-09
Muller_E	4692111	0.999647	0.000353478	8.85626e-09
Muller_E	4693234	0.999647	0.000352649	8.80814e-09
Muller_E	4693620	0.999648	0.000352361	8.79102e-09
Muller_E	4693753	0.999648	0.000352262	8.78505e-09
Muller_E	4694021	0.999648	0.000352061	8.77292e-09
Muller_E	4694592	0.999648	0.000351632	8.74659e-09
Muller_E	4696429	0.99965	0.000350232	8.6575e-09
Muller_E	4696792	0.99965	0.000349953	8.63911e-09
Muller_E	4699402	0.999652	0.00034791	8.49926e-09
Muller_E	4700957	0.999653	0.000346666	8.40965e-09
Muller_E	4702606	0.999655	0.000345326	8.30953e-09
Muller_E	4708142	0.999659	0.000340667	7.93569e-09
Muller_E	4712097	0.999663	0.000337187	7.63374e-09
Muller_E	4713898	0.999664	0.00033556	7.48682e-09
Muller_E	4714194	0.999665	0.00033529	7.46211e-09
Muller_E	4717094	0.999667	0.000332609	7.21183e-09
Muller_E	4717794	0.999668	0.000331951	7.14919e-09
Muller_E	4720564	0.999671	0.000329311	6.89297e-09
Muller_E	4722390	0.999672	0.000327536	6.71686e-09
Muller_E	4727534	0.999678	0.000322391	6.19062e-09
Muller_E	4730688	0.999681	0.000319131	5.84651e-09
Muller_E	4731377	0.999682	0.000318408	5.76922e-09
Muller_E	4732944	0.999683	0.00031675	5.59064e-09
Muller_E	4738342	0.999689	0.000310884	4.94642e-09
Muller_E	4739398	0.99969	0.000309709	4.81524e-09
Muller_E	4742492	0.999694	0.000306215	4.42149e-09
Muller_E	4745718	0.999698	0.000302489	3.99631e-09
Muller_E	4746457	0.999698	0.000301623	3.89686e-09
Muller_E	4748015	0.9997	0.000299784	3.68474e-09
Muller_E	4748352	0.999701	0.000299384	3.63842e-09
Muller_E	4748630	0.999701	0.000299053	3.6001e-09
Muller_E	4751071	0.999704	0.00029612	3.25915e-09
Muller_E	4751685	0.999705	0.000295375	3.17215e-09
Muller_E	4751817	0.999705	0.000295214	3.15338e-09
Muller_E	4752607	0.999706	0.00029425	3.04058e-09
Muller_E	4752773	0.999706	0.000294046	3.01678e-09
Muller_E	4753826	0.999707	0.000292752	2.86496e-09
Muller_E	4754671	0.999844	0.000156091	1.92106e-10
Muller_E	4756619	0.999708	0.000292037	2.98792e-09
Muller_E	4759191	0.999708	0.000292427	3.30265e-09
Muller_E	4761262	0.999707	0.000292702	3.54795e-09
Muller_E	4761866	0.999707	0.000292776	3.61812e-09
Muller_E	4761985	0.999707	0.00029279	3.63187e-09
Muller_E	4763545	0.999707	0.000292965	3.80992e-09
Muller_E	4764509	0.999707	0.000293064	3.91788e-09
Muller_E	4765595	0.999707	0.000293165	4.03761e-09
Muller_E	4766291	0.999707	0.000293226	4.11329e-09
Muller_E	4766501	0.999707	0.000293243	4.13596e-09
