chrom	position	2,0	1,1	0,2
Muller_E	62882	0.4456	0.444163	0.110237
Muller_E	267432	0.441571	0.455364	0.103065
Muller_E	441230	0.438217	0.464833	0.0969495
Muller_E	511157	0.436885	0.468633	0.0944824
Muller_E	557879	0.436	0.471169	0.0928317
Muller_E	581000	0.435563	0.472423	0.0920141
Muller_E	709108	0.433162	0.479364	0.0874744
Muller_E	768129	0.432065	0.482558	0.0853771
Muller_E	785241	0.431748	0.483483	0.0847683
Muller_E	787322	0.43171	0.483596	0.0846942
Muller_E	787424	0.431708	0.483601	0.0846906
Muller_E	788173	0.431694	0.483642	0.084664
Muller_E	788750	0.431683	0.483673	0.0846434
Muller_E	788860	0.431681	0.483679	0.0846395
Muller_E	791823	0.431627	0.483839	0.084534
Muller_E	802257	0.431434	0.484404	0.0841626
Muller_E	893794	0.42975	0.489352	0.0808984
Muller_E	894300	0.42974	0.489379	0.0808803
Muller_E	896281	0.429704	0.489486	0.0808096
Muller_E	897287	0.429686	0.489541	0.0807736
Muller_E	897987	0.429673	0.489578	0.0807486
Muller_E	901015	0.429617	0.489742	0.0806405
Muller_E	901718	0.429605	0.48978	0.0806153
Muller_E	923408	0.429208	0.490952	0.0798402
Muller_E	923675	0.429203	0.490966	0.0798306
Muller_E	924320	0.429191	0.491001	0.0798076
Muller_E	927795	0.429128	0.491189	0.0796833
Muller_E	948021	0.428758	0.492282	0.0789598
Muller_E	948230	0.428755	0.492293	0.0789523
Muller_E	958531	0.428567	0.49285	0.0785836
Muller_E	967701	0.4284	0.493345	0.0782553
Muller_E	969142	0.428373	0.493423	0.0782037
Muller_E	1033237	0.42721	0.496885	0.0759057
Muller_E	1120573	0.425633	0.501601	0.0727652
Muller_E	1123171	0.425587	0.501742	0.0726716
Muller_E	1146845	0.425161	0.50302	0.0718183
Muller_E	1148492	0.425132	0.503109	0.0717589
Muller_E	1168315	0.424776	0.50418	0.0710438
Muller_E	1213395	0.42397	0.506615	0.0694152
Muller_E	1262309	0.423098	0.509257	0.0676446
Muller_E	1275111	0.42287	0.509949	0.0671806
Muller_E	1275707	0.42286	0.509981	0.067159
Muller_E	1314313	0.422174	0.512068	0.065758
Muller_E	1318297	0.422104	0.512283	0.0656133
Muller_E	1358440	0.421393	0.514453	0.0641537
Muller_E	1358616	0.42139	0.514463	0.0641473
Muller_E	1378824	0.421033	0.515555	0.0634115
Muller_E	1480336	0.419248	0.521048	0.0597047
Muller_E	1489232	0.419092	0.521529	0.0593789
Muller_E	1645912	0.416359	0.530022	0.0536183
Muller_E	1673398	0.415883	0.531515	0.0526028
Muller_E	1718642	0.415099	0.533973	0.0509281
Muller_E	1746815	0.414613	0.535504	0.0498832
Muller_E	1763447	0.414326	0.536409	0.0492655
Muller_E	1765039	0.414298	0.536495	0.0492064
Muller_E	1765159	0.414296	0.536502	0.0492019
Muller_E	1765369	0.414292	0.536513	0.0491941
Muller_E	1771226	0.414191	0.536832	0.0489765
Muller_E	1799036	0.413712	0.538346	0.047942
Muller_E	1802542	0.413652	0.538537	0.0478114
Muller_E	1802678	0.41365	0.538544	0.0478064
Muller_E	1803039	0.413643	0.538564	0.0477929
Muller_E	1803347	0.413638	0.53858	0.0477815
Muller_E	1805518	0.413601	0.538699	0.0477006
Muller_E	1812938	0.413473	0.539103	0.0474242
Muller_E	1813040	0.413471	0.539108	0.0474204
Muller_E	1815234	0.413434	0.539228	0.0473387
Muller_E	1815907	0.413422	0.539264	0.0473136
Muller_E	1816383	0.413414	0.53929	0.0472959
Muller_E	1831501	0.413154	0.540114	0.0467323
Muller_E	1850978	0.412819	0.541175	0.0460055
Muller_E	1851905	0.412803	0.541226	0.0459709
Muller_E	1852166	0.412799	0.54124	0.0459611
Muller_E	1857635	0.412705	0.541538	0.0457569
Muller_E	1861157	0.412644	0.54173	0.0456253
Muller_E	1861336	0.412641	0.54174	0.0456186
Muller_E	1861880	0.412632	0.54177	0.0455983
Muller_E	1866595	0.412551	0.542027	0.0454221
Muller_E	1870209	0.412489	0.542224	0.045287
Muller_E	1871973	0.412459	0.54232	0.0452211
Muller_E	1880064	0.41232	0.542761	0.0449186
Muller_E	1889333	0.412161	0.543267	0.0445718
Muller_E	1891195	0.412129	0.543369	0.0445021
Muller_E	1894320	0.412076	0.543539	0.0443852
Muller_E	1900363	0.411972	0.543869	0.0441589
Muller_E	1904375	0.411903	0.544088	0.0440087
Muller_E	1915469	0.411713	0.544694	0.043593
Muller_E	1927060	0.411515	0.545327	0.0431585
Muller_E	1932459	0.411422	0.545622	0.0429559
Muller_E	1944351	0.411219	0.546271	0.0425096
Muller_E	1946702	0.411179	0.5464	0.0424214
Muller_E	1961660	0.410923	0.547217	0.0418595
Muller_E	1975567	0.410686	0.547978	0.0413366
Muller_E	2011856	0.410066	0.549964	0.0399702
Muller_E	2013122	0.410045	0.550033	0.0399224
Muller_E	2044597	0.409508	0.551757	0.0387347
Muller_E	2048236	0.409446	0.551956	0.0385972
Muller_E	2048434	0.409443	0.551967	0.0385898
Muller_E	2086567	0.408794	0.554059	0.0371473
Muller_E	2103366	0.408509	0.554981	0.0365108
Muller_E	2117584	0.408267	0.555761	0.0359715
Muller_E	2126123	0.408122	0.556231	0.0356474
Muller_E	2135792	0.407958	0.556762	0.0352802
Muller_E	2140907	0.407871	0.557043	0.0350859
Muller_E	2141169	0.407867	0.557058	0.0350759
Muller_E	2142715	0.40784	0.557143	0.0350171
Muller_E	2145389	0.407795	0.55729	0.0349155
Muller_E	2146953	0.407768	0.557376	0.034856
Muller_E	2147057	0.407767	0.557381	0.0348521
Muller_E	2201852	0.406838	0.560397	0.0327653
Muller_E	2204792	0.406788	0.560559	0.0326531
Muller_E	2219543	0.406538	0.561372	0.0320899
Muller_E	2220290	0.406526	0.561413	0.0320614
Muller_E	2241628	0.406165	0.56259	0.0312457
Muller_E	2243471	0.406133	0.562691	0.0311752
Muller_E	2531559	0.401278	0.578677	0.0200448
Muller_E	2693610	0.398558	0.587759	0.0136826
Muller_E	2696554	0.398509	0.587925	0.0135663
Muller_E	2706179	0.398347	0.588467	0.0131859
Muller_E	2713009	0.398233	0.588851	0.0129158
Muller_E	2716202	0.398179	0.589031	0.0127895
Muller_E	2721440	0.398091	0.589326	0.0125822
Muller_E	2735475	0.397856	0.590117	0.0120264
Muller_E	2763120	0.397393	0.591677	0.0109298
Muller_E	2777976	0.397144	0.592517	0.0103396
Muller_E	2779619	0.397116	0.59261	0.0102743
Muller_E	2787347	0.396987	0.593046	0.00996697
Muller_E	2788916	0.39696	0.593135	0.00990455
Muller_E	2795398	0.396852	0.593502	0.00964659
Muller_E	2798296	0.396803	0.593666	0.00953122
Muller_E	2799305	0.396786	0.593723	0.00949104
Muller_E	2800245	0.39677	0.593776	0.00945361
Muller_E	2800507	0.396766	0.593791	0.00944318
Muller_E	2800780	0.396761	0.593806	0.00943231
Muller_E	2800932	0.396759	0.593815	0.00942625
Muller_E	2801158	0.396755	0.593828	0.00941725
Muller_E	2805736	0.396678	0.594087	0.00923491
Muller_E	2807233	0.396653	0.594171	0.00917527
Muller_E	2807795	0.396644	0.594203	0.00915287
Muller_E	2808363	0.396634	0.594235	0.00913024
Muller_E	2809031	0.396623	0.594273	0.00910362
Muller_E	2809272	0.396619	0.594287	0.00909402
Muller_E	2809909	0.396608	0.594323	0.00906864
Muller_E	2811470	0.396582	0.594411	0.00900642
Muller_E	2811776	0.396577	0.594429	0.00899423
Muller_E	2812117	0.396571	0.594448	0.00898064
Muller_E	2815676	0.396512	0.594649	0.00883876
Muller_E	2816259	0.396502	0.594682	0.00881552
Muller_E	2817070	0.396488	0.594728	0.00878318
Muller_E	2817616	0.396479	0.594759	0.00876141
Muller_E	2819402	0.396449	0.59486	0.00869019
Muller_E	2820166	0.396437	0.594904	0.00865972
Muller_E	2820386	0.396433	0.594916	0.00865095
Muller_E	2820775	0.396426	0.594938	0.00863543
Muller_E	2821135	0.39642	0.594959	0.00862107
Muller_E	2821440	0.396415	0.594976	0.00860891
Muller_E	2826939	0.396323	0.595287	0.00838952
Muller_E	2831172	0.396252	0.595527	0.00822058
Muller_E	2831515	0.396246	0.595547	0.00820689
Muller_E	2832336	0.396233	0.595593	0.00817412
Muller_E	2833070	0.39622	0.595635	0.00814482
Muller_E	2850717	0.395925	0.596636	0.00743981
Muller_E	2853215	0.395883	0.596777	0.00733993
Muller_E	2856496	0.395828	0.596964	0.00720872
Muller_E	2856945	0.39582	0.596989	0.00719076
Muller_E	2857481	0.395811	0.597019	0.00716932
Muller_E	2858163	0.3958	0.597058	0.00714204
Muller_E	2859754	0.395773	0.597149	0.0070784
Muller_E	2859987	0.395769	0.597162	0.00706908
Muller_E	2862604	0.395725	0.59731	0.00696437
Muller_E	2866488	0.39566	0.597531	0.00680892
Muller_E	2867267	0.395647	0.597575	0.00677774
Muller_E	2868557	0.395626	0.597648	0.0067261
Muller_E	2870085	0.3956	0.597735	0.00666492
Muller_E	2870623	0.395591	0.597766	0.00664338
Muller_E	2876155	0.395498	0.59808	0.00642183
Muller_E	2877151	0.395482	0.598137	0.00638193
Muller_E	2886067	0.395332	0.598643	0.00602461
Muller_E	2886534	0.395324	0.59867	0.00600589
Muller_E	2887599	0.395306	0.59873	0.00596319
Muller_E	2887882	0.395302	0.598746	0.00595184
Muller_E	2888492	0.395291	0.598781	0.00592739
Muller_E	2888607	0.39529	0.598788	0.00592277
Muller_E	2890000	0.395266	0.598867	0.00586692
Muller_E	2890387	0.39526	0.598889	0.0058514
Muller_E	2890907	0.395251	0.598918	0.00583054
Muller_E	2894764	0.395186	0.599138	0.00567583
Muller_E	2899098	0.395114	0.599384	0.00550193
Muller_E	2901481	0.395074	0.59952	0.00540629
Muller_E	2901643	0.395071	0.599529	0.00539979
Muller_E	2902627	0.395055	0.599585	0.00536029
Muller_E	2903432	0.395041	0.599631	0.00532797
Muller_E	2904998	0.395015	0.59972	0.0052651
Muller_E	2905994	0.394998	0.599777	0.00522511
Muller_E	2907134	0.394979	0.599842	0.00517934
Muller_E	2908511	0.394956	0.59992	0.00512404
Muller_E	2909452	0.39494	0.599974	0.00508624
Muller_E	2910160	0.394928	0.600014	0.00505781
Muller_E	2911022	0.394914	0.600063	0.00502318
Muller_E	2911252	0.39491	0.600076	0.00501394
Muller_E	2911992	0.394898	0.600118	0.00498422
Muller_E	2914672	0.394853	0.600271	0.00487654
Muller_E	2915489	0.394839	0.600317	0.00484371
Muller_E	2918585	0.394787	0.600494	0.00471929
Muller_E	2919015	0.39478	0.600518	0.00470201
Muller_E	2919728	0.394768	0.600559	0.00467335
Muller_E	2919971	0.394764	0.600573	0.00466358
Muller_E	2921506	0.394738	0.60066	0.00460187
Muller_E	2922564	0.39472	0.60072	0.00455934
Muller_E	2922707	0.394718	0.600728	0.00455359
Muller_E	2924226	0.394693	0.600815	0.00449251
Muller_E	2925108	0.394678	0.600865	0.00445704
Muller_E	2925552	0.39467	0.60089	0.00443918
Muller_E	2928855	0.394615	0.601079	0.00430633
Muller_E	2930674	0.394584	0.601182	0.00423316
Muller_E	2931258	0.394575	0.601216	0.00420966
Muller_E	2931592	0.394569	0.601235	0.00419622
Muller_E	2931798	0.394566	0.601246	0.00418793
Muller_E	2932326	0.394557	0.601277	0.00416669
Muller_E	2945623	0.394334	0.602035	0.00363136
Muller_E	2945753	0.394332	0.602042	0.00362613
Muller_E	2945878	0.39433	0.602049	0.00362109
Muller_E	2946001	0.394328	0.602056	0.00361614
Muller_E	2955783	0.394164	0.602614	0.00322195
Muller_E	2957997	0.394127	0.602741	0.00313268
Muller_E	2959282	0.394105	0.602814	0.00308087
Muller_E	2959697	0.394098	0.602838	0.00306413
Muller_E	2959819	0.394096	0.602845	0.00305921
Muller_E	2960759	0.39408	0.602898	0.00302131
Muller_E	2961667	0.394065	0.60295	0.00298468
Muller_E	2961801	0.394063	0.602958	0.00297928
Muller_E	2963254	0.394038	0.603041	0.00292067
Muller_E	2963568	0.394033	0.603059	0.00290801
Muller_E	2975263	0.393837	0.603727	0.00243602
Muller_E	2976725	0.393813	0.60381	0.00237699
Muller_E	2977784	0.393795	0.603871	0.00233422
Muller_E	2982473	0.393716	0.604139	0.00214482
Muller_E	2984283	0.393686	0.604242	0.00207169
Muller_E	2985483	0.393666	0.604311	0.0020232
Muller_E	2985658	0.393663	0.604321	0.00201613
Muller_E	2985908	0.393659	0.604335	0.00200602
Muller_E	2987685	0.393629	0.604437	0.00193421
Muller_E	2992894	0.393541	0.604735	0.00172363
Muller_E	2993313	0.393534	0.604759	0.00170669
Muller_E	2993798	0.393526	0.604787	0.00168707
Muller_E	2994137	0.393521	0.604806	0.00167336
Muller_E	2994487	0.393515	0.604826	0.00165921
Muller_E	2994615	0.393513	0.604833	0.00165403
Muller_E	2995123	0.393504	0.604862	0.00163349
Muller_E	2995701	0.393494	0.604895	0.00161011
Muller_E	2996048	0.393489	0.604915	0.00159608
Muller_E	2996738	0.393477	0.604955	0.00156817
Muller_E	2996880	0.393475	0.604963	0.00156243
Muller_E	2997113	0.393471	0.604976	0.001553
Muller_E	2999116	0.393437	0.605091	0.00147198
Muller_E	2999459	0.393431	0.60511	0.0014581
Muller_E	3001420	0.393399	0.605223	0.00137876
Muller_E	3001578	0.393396	0.605232	0.00137237
Muller_E	3001696	0.393394	0.605239	0.00136759
Muller_E	3002579	0.393379	0.605289	0.00133186
Muller_E	3003095	0.39337	0.605319	0.00131098
Muller_E	3003540	0.393363	0.605344	0.00129297
Muller_E	3004120	0.393353	0.605377	0.0012695
Muller_E	3005221	0.393335	0.60544	0.00122494
Muller_E	3007967	0.393289	0.605597	0.00111378
Muller_E	3012773	0.393208	0.605873	0.000919178
Muller_E	3013331	0.393199	0.605905	0.000896578
Muller_E	3013618	0.393194	0.605921	0.000884954
Muller_E	3014080	0.393186	0.605948	0.000866241
Muller_E	3014783	0.393174	0.605988	0.000837766
Muller_E	3016296	0.393149	0.606074	0.000776475
Muller_E	3017214	0.393134	0.606127	0.000739284
Muller_E	3018320	0.393115	0.60619	0.000694473
Muller_E	3018982	0.393104	0.606228	0.000667649
Muller_E	3019303	0.393099	0.606247	0.000654641
Muller_E	3019831	0.39309	0.606277	0.000633245
Muller_E	3021834	0.393056	0.606392	0.00055207
Muller_E	3021944	0.393054	0.606398	0.000547612
Muller_E	3023127	0.393035	0.606466	0.000499662
Muller_E	3024474	0.393012	0.606543	0.000445059
Muller_E	3024813	0.393006	0.606562	0.000431317
Muller_E	3029421	0.392929	0.606827	0.000244473
Muller_E	3029834	0.392922	0.60685	0.000227724
Muller_E	3030101	0.550033	0.449949	1.80014e-05
Muller_E	3033200	0.392719	0.607078	0.000203161
Muller_E	3033901	0.392674	0.607126	0.000200049
Muller_E	3034073	0.392663	0.607137	0.000199284
Muller_E	3036032	0.392538	0.607271	0.000190571
Muller_E	3038305	0.392393	0.607427	0.000180438
Muller_E	3041816	0.392168	0.607668	0.000164736
Muller_E	3044683	0.391984	0.607864	0.000151871
Muller_E	3046757	0.391851	0.608006	0.00014254
Muller_E	3046887	0.391843	0.608015	0.000141954
Muller_E	3047900	0.391778	0.608084	0.000137388
Muller_E	3048135	0.391763	0.6081	0.000136328
Muller_E	3050664	0.391601	0.608274	0.000124905
Muller_E	3051698	0.391535	0.608345	0.000120225
Muller_E	3051968	0.391518	0.608363	0.000119002
Muller_E	3052635	0.391475	0.608409	0.00011598
Muller_E	3053197	0.54859	0.451401	9.33641e-06
Muller_E	3056428	0.390993	0.608893	0.000113531
Muller_E	3056712	0.390954	0.608933	0.000113537
Muller_E	3058398	0.390721	0.609165	0.000113566
Muller_E	3059687	0.390543	0.609343	0.000113579
Muller_E	3061511	0.390291	0.609595	0.000113584
Muller_E	3062406	0.390168	0.609719	0.00011358
Muller_E	3062537	0.390149	0.609737	0.00011358
Muller_E	3100018	0.384972	0.614918	0.00010994
Muller_E	3100718	0.384876	0.615014	0.000109807
Muller_E	3112367	0.383266	0.616626	0.000107247
Muller_E	3112987	0.383181	0.616712	0.000107092
Muller_E	3113420	0.383121	0.616772	0.000106983
Muller_E	3116107	0.382749	0.617144	0.000106284
Muller_E	3119432	0.38229	0.617605	0.000105371
Muller_E	3119714	0.382251	0.617644	0.000105291
Muller_E	3120862	0.382092	0.617803	0.000104962
Muller_E	3122265	0.381898	0.617997	0.00010455
Muller_E	3123364	0.53529	0.464699	1.05582e-05
Muller_E	3124138	0.38154	0.618353	0.00010634
Muller_E	3127464	0.380654	0.619231	0.000115421
Muller_E	3128767	0.380306	0.619575	0.000118967
Muller_E	3128895	0.380272	0.619608	0.000119315
Muller_E	3129611	0.380082	0.619797	0.000121261
Muller_E	3129743	0.380046	0.619832	0.000121619
Muller_E	3130171	0.379932	0.619945	0.000122781
Muller_E	3131529	0.37957	0.620303	0.000126463
Muller_E	3137674	0.377932	0.621925	0.000143035
Muller_E	3139976	0.377319	0.622532	0.000149206
Muller_E	3143168	0.376468	0.623374	0.00015773
Muller_E	3169152	0.369541	0.630233	0.000225653
Muller_E	3170575	0.369162	0.630609	0.000229297
Muller_E	3173857	0.368287	0.631475	0.000237672
Muller_E	3192801	0.363237	0.636478	0.000285178
Muller_E	3194086	0.362894	0.636817	0.000288349
Muller_E	3194230	0.362856	0.636855	0.000288704
Muller_E	3207603	0.359291	0.640388	0.000321302
Muller_E	3207708	0.359263	0.640416	0.000321555
Muller_E	3208070	0.359166	0.640512	0.000322427
Muller_E	3208369	0.359086	0.640591	0.000323148
Muller_E	3208507	0.35905	0.640627	0.00032348
Muller_E	3208706	0.358996	0.64068	0.000323959
Muller_E	3210124	0.358618	0.641054	0.000327367
Muller_E	3211254	0.358317	0.641353	0.000330077
Muller_E	3212088	0.358095	0.641573	0.000332074
Muller_E	3216063	0.357035	0.642623	0.000341552
Muller_E	3216461	0.356929	0.642729	0.000342498
Muller_E	3217109	0.356756	0.6429	0.000344036
Muller_E	3217441	0.356668	0.642988	0.000344823
Muller_E	3217706	0.356597	0.643058	0.000345451
Muller_E	3217825	0.356565	0.643089	0.000345733
Muller_E	3218354	0.356424	0.643229	0.000346986
Muller_E	3219292	0.356174	0.643477	0.000349205
Muller_E	3219763	0.356048	0.643601	0.000350317
Muller_E	3221459	0.355596	0.644049	0.000354316
Muller_E	3222112	0.355422	0.644222	0.000355853
Muller_E	3223012	0.355182	0.64446	0.000357968
Muller_E	3223549	0.355039	0.644602	0.000359228
Muller_E	3224815	0.354701	0.644936	0.000362195
Muller_E	3226800	0.354172	0.645461	0.000366834
Muller_E	3229718	0.353394	0.646232	0.000373623
Muller_E	3240322	0.350567	0.649035	0.000398
Muller_E	3240918	0.350408	0.649193	0.000399356
Muller_E	3241273	0.350313	0.649287	0.000400163
Muller_E	3247835	0.348563	0.651022	0.00041499
Muller_E	3251442	0.347601	0.651976	0.000423063
Muller_E	3252203	0.347398	0.652177	0.000424759
Muller_E	3254014	0.346915	0.652656	0.000428787
Muller_E	3254518	0.346781	0.652789	0.000429905
Muller_E	3255141	0.346615	0.652954	0.000431286
Muller_E	3255365	0.346555	0.653013	0.000431782
Muller_E	3259142	0.345548	0.654012	0.000440116
Muller_E	3259935	0.345336	0.654222	0.000441858
Muller_E	3262497	0.344653	0.654899	0.000447468
Muller_E	3263708	0.34433	0.65522	0.00045011
Muller_E	3264644	0.34408	0.655467	0.000452148
Muller_E	3266132	0.343684	0.655861	0.00045538
Muller_E	3266579	0.343564	0.655979	0.000456349
Muller_E	3266806	0.343504	0.656039	0.000456841
Muller_E	3269029	0.342911	0.656627	0.000461646
Muller_E	3271700	0.342199	0.657334	0.000467392
Muller_E	3271881	0.34215	0.657382	0.00046778
Muller_E	3273894	0.341614	0.657914	0.000472089
Muller_E	3275081	0.341297	0.658228	0.000474622
Muller_E	3275989	0.341055	0.658469	0.000476555
Muller_E	3278049	0.340505	0.659014	0.000480928
Muller_E	3280894	0.339747	0.659766	0.000486938
Muller_E	3282107	0.339423	0.660087	0.00048949
Muller_E	3282973	0.339192	0.660317	0.000491308
Muller_E	3284532	0.338776	0.660729	0.000494572
Muller_E	3291321	0.336965	0.662526	0.000508668
Muller_E	3291878	0.336817	0.662673	0.000509816
Muller_E	3293351	0.336424	0.663063	0.000512844
Muller_E	3293759	0.336315	0.663171	0.000513681
Muller_E	3304917	0.333339	0.666125	0.000536299
Muller_E	3306663	0.332873	0.666587	0.000539789
Muller_E	3306880	0.332815	0.666645	0.000540222
Muller_E	3310127	0.331949	0.667504	0.000546675
Muller_E	3312301	0.331369	0.66808	0.000550969
Muller_E	3312718	0.331258	0.66819	0.000551791
Muller_E	3318766	0.329644	0.669792	0.000563618
Muller_E	3323588	0.328358	0.671069	0.000572933
Muller_E	3324201	0.328195	0.671231	0.00057411
Muller_E	3324656	0.328073	0.671352	0.000574982
Muller_E	3325091	0.327957	0.671467	0.000575815
Muller_E	3326084	0.327692	0.67173	0.000577714
Muller_E	3326190	0.327664	0.671758	0.000577917
Muller_E	3330218	0.326589	0.672825	0.000585573
Muller_E	3334866	0.325349	0.674057	0.000594318
Muller_E	3337545	0.324634	0.674766	0.000599315
Muller_E	3340268	0.323908	0.675488	0.000604362
Muller_E	3340480	0.323851	0.675544	0.000604753
Muller_E	3410593	0.305139	0.694138	0.000723049
Muller_E	3431230	0.29963	0.699617	0.00075353
Muller_E	3437416	0.297978	0.70126	0.000762273
Muller_E	3456916	0.292771	0.706441	0.000788637
Muller_E	3457694	0.292563	0.706648	0.000789651
Muller_E	3459001	0.292214	0.706995	0.000791348
Muller_E	3462300	0.291333	0.707872	0.000795594
Muller_E	3464519	0.29074	0.708462	0.00079842
Muller_E	3464673	0.290699	0.708502	0.000798615
Muller_E	3477602	0.287246	0.71194	0.000814595
Muller_E	3525631	0.274413	0.72472	0.000866726
Muller_E	3546828	0.268748	0.730366	0.000886045
Muller_E	3557059	0.266013	0.733093	0.000894548
Muller_E	3566467	0.263497	0.735601	0.00090189
Muller_E	3572057	0.262003	0.737091	0.000906036
Muller_E	3572168	0.261973	0.737121	0.000906116
Muller_E	3579272	0.260073	0.739015	0.000911145
Muller_E	3579502	0.260012	0.739077	0.000911304
Muller_E	3582419	0.259232	0.739855	0.000913289
Muller_E	3590131	0.257169	0.741912	0.000918322
Muller_E	3605233	0.25313	0.745943	0.00092727
Muller_E	3610748	0.251655	0.747415	0.000930237
Muller_E	3611776	0.25138	0.747689	0.000930772
Muller_E	3615071	0.250498	0.748569	0.000932448
Muller_E	3617701	0.249795	0.749271	0.000933745
Muller_E	3617818	0.249764	0.749303	0.000933802
Muller_E	3617948	0.249729	0.749337	0.000933865
Muller_E	3623404	0.248269	0.750794	0.00093643
Muller_E	3630035	0.246495	0.752566	0.000939332
Muller_E	3631532	0.246094	0.752966	0.000939954
Muller_E	3634067	0.245416	0.753643	0.00094098
Muller_E	3642157	0.243251	0.755805	0.000944022
Muller_E	3643438	0.242908	0.756147	0.000944471
Muller_E	3645674	0.24231	0.756745	0.000945234
Muller_E	3652519	0.240478	0.758575	0.000947399
Muller_E	3655257	0.239745	0.759307	0.000948194
Muller_E	3657953	0.239023	0.760028	0.000948936
Muller_E	3660200	0.238422	0.760629	0.000949524
Muller_E	3665461	0.237014	0.762036	0.000950792
Muller_E	3670065	0.235781	0.763267	0.000951777
Muller_E	3757777	0.212285	0.786767	0.000947813
Muller_E	3766114	0.21005	0.789005	0.000945144
Muller_E	3770199	0.208955	0.790102	0.000943689
Muller_E	3771242	0.208675	0.790382	0.000943302
Muller_E	3775369	0.207569	0.79149	0.000941707
Muller_E	3781958	0.205802	0.793259	0.000938954
Muller_E	3788305	0.2041	0.794964	0.00093606
Muller_E	3788531	0.204039	0.795025	0.000935953
Muller_E	3788717	0.203989	0.795075	0.000935864
Muller_E	3791492	0.203245	0.79582	0.000934517
Muller_E	3791929	0.203128	0.795938	0.000934301
Muller_E	3794089	0.202549	0.796518	0.000933216
Muller_E	3798034	0.20149	0.797578	0.000931162
Muller_E	3805877	0.199387	0.799687	0.000926804
Muller_E	3808116	0.198786	0.800289	0.000925493
Muller_E	3837593	0.190876	0.808218	0.000905422
Muller_E	3889492	0.176941	0.822202	0.000857215
Muller_E	3892070	0.176248	0.822898	0.000854386
Muller_E	3892768	0.176061	0.823086	0.000853613
Muller_E	3893846	0.175771	0.823377	0.000852413
Muller_E	3895236	0.175397	0.823752	0.000850855
Muller_E	3896701	0.175004	0.824147	0.0008492
Muller_E	3964144	0.156872	0.842369	0.000758277
Muller_E	3964249	0.156844	0.842398	0.000758113
Muller_E	3964701	0.156722	0.84252	0.000757405
Muller_E	3965335	0.156552	0.842692	0.000756409
Muller_E	3965537	0.156498	0.842746	0.000756092
Muller_E	3971184	0.154978	0.844275	0.000747103
Muller_E	4005791	0.145664	0.853648	0.000687461
Muller_E	4007537	0.145194	0.854122	0.000684243
Muller_E	4008073	0.14505	0.854267	0.000683251
Muller_E	4008732	0.144872	0.854446	0.000682029
Muller_E	4009275	0.144726	0.854593	0.000681019
Muller_E	4009794	0.144586	0.854734	0.000680053
Muller_E	4010462	0.144406	0.854915	0.000678806
Muller_E	4011246	0.144195	0.855127	0.000677339
Muller_E	4011350	0.144167	0.855156	0.000677145
Muller_E	4011743	0.144061	0.855262	0.000676407
Muller_E	4012926	0.143743	0.855583	0.000674182
Muller_E	4015010	0.143182	0.856148	0.00067024
Muller_E	4015956	0.142927	0.856405	0.000668441
Muller_E	4016731	0.142718	0.856615	0.000666963
Muller_E	4017133	0.14261	0.856724	0.000666195
Muller_E	4017640	0.142474	0.856861	0.000665224
Muller_E	4021078	0.141548	0.857794	0.000658597
Muller_E	4021876	0.141333	0.85801	0.000657048
Muller_E	4022513	0.238234	0.761708	5.73755e-05
Muller_E	4022928	0.140948	0.858393	0.000659157
Muller_E	4024532	0.140122	0.859206	0.000672098
Muller_E	4024639	0.140067	0.85926	0.000672962
Muller_E	4025270	0.139742	0.85958	0.000678051
Muller_E	4027169	0.138765	0.860541	0.000693364
Muller_E	4027437	0.138627	0.860677	0.000695524
Muller_E	4027764	0.138459	0.860843	0.00069816
Muller_E	4029270	0.137684	0.861606	0.000710297
Muller_E	4032202	0.136175	0.863091	0.000733913
Muller_E	4032327	0.136111	0.863154	0.000734919
Muller_E	4033521	0.135496	0.863759	0.000744531
Muller_E	4033797	0.135354	0.863899	0.000746753
Muller_E	4036360	0.134035	0.865197	0.000767374
Muller_E	4037138	0.133635	0.865591	0.000773631
Muller_E	4037610	0.133392	0.86583	0.000777427
Muller_E	4040496	0.131907	0.867292	0.000800624
Muller_E	4040949	0.131674	0.867522	0.000804264
Muller_E	4045900	0.129126	0.87003	0.000844015
Muller_E	4046078	0.129034	0.87012	0.000845443
Muller_E	4046843	0.128641	0.870508	0.00085158
Muller_E	4047581	0.128261	0.870882	0.0008575
Muller_E	4048275	0.127904	0.871233	0.000863065
Muller_E	4048700	0.127685	0.871448	0.000866473
Muller_E	4053592	0.125168	0.873927	0.000905672
Muller_E	4056223	0.0432968	0.955005	0.00169826
Muller_E	4056545	0.123761	0.875311	0.00092813
Muller_E	4056951	0.123695	0.875375	0.000929891
Muller_E	4057601	0.12359	0.875478	0.000932708
Muller_E	4057720	0.12357	0.875497	0.000933223
Muller_E	4058043	0.123518	0.875548	0.000934622
Muller_E	4058149	0.1235	0.875564	0.000935081
Muller_E	4058704	0.12341	0.875652	0.000937482
Muller_E	4059417	0.123294	0.875765	0.000940564
Muller_E	4059965	0.123205	0.875852	0.000942931
Muller_E	4061381	0.122975	0.876076	0.000949038
Muller_E	4061745	0.122916	0.876134	0.000950606
Muller_E	4062020	0.122871	0.876177	0.00095179
Muller_E	4062507	0.122792	0.876254	0.000953886
Muller_E	4062941	0.122721	0.876323	0.000955752
Muller_E	4064035	0.122544	0.876496	0.000960452
Muller_E	4064680	0.122439	0.876598	0.000963219
Muller_E	4064829	0.122414	0.876622	0.000963858
Muller_E	4065474	0.12231	0.876724	0.000966622
Muller_E	4065574	0.122293	0.87674	0.00096705
Muller_E	4066028	0.122219	0.876812	0.000968994
Muller_E	4067541	0.121973	0.877051	0.000975463
Muller_E	4067967	0.121904	0.877119	0.000977282
Muller_E	4068535	0.121812	0.877209	0.000979705
Muller_E	4069245	0.121696	0.877321	0.000982731
Muller_E	4070105	0.121556	0.877457	0.000986393
Muller_E	4071088	0.121397	0.877613	0.000990572
Muller_E	4071641	0.121307	0.8777	0.000992921
Muller_E	4072126	0.121228	0.877777	0.000994979
Muller_E	4072768	0.121123	0.877879	0.000997702
Muller_E	4072973	0.12109	0.877911	0.00099857
Muller_E	4073359	0.121027	0.877973	0.00100021
Muller_E	4075135	0.120738	0.878254	0.00100772
Muller_E	4075254	0.120719	0.878273	0.00100822
Muller_E	4076053	0.120589	0.878399	0.00101159
Muller_E	4077160	0.120409	0.878575	0.00101626
Muller_E	4078165	0.120246	0.878734	0.00102049
Muller_E	4078690	0.12016	0.878817	0.00102269
Muller_E	4078900	0.120126	0.87885	0.00102358
Muller_E	4079010	0.120108	0.878868	0.00102404
Muller_E	4079297	0.120061	0.878913	0.00102524
Muller_E	4081728	0.119666	0.879299	0.00103543
Muller_E	4082079	0.119609	0.879354	0.0010369
Muller_E	4083988	0.119298	0.879657	0.00104487
Muller_E	4085715	0.119017	0.879931	0.00105206
Muller_E	4089306	0.118433	0.8805	0.00106695
Muller_E	4089803	0.118352	0.880579	0.00106901
Muller_E	4092778	0.117868	0.881051	0.00108128
Muller_E	4092894	0.117849	0.881069	0.00108175
Muller_E	4098915	0.116869	0.882024	0.00110641
Muller_E	4109650	0.115121	0.883729	0.00114982
Muller_E	4113217	0.114541	0.884295	0.00116408
Muller_E	4113538	0.114488	0.884346	0.00116536
Muller_E	4114422	0.114344	0.884487	0.00116888
Muller_E	4114803	0.114282	0.884547	0.0011704
Muller_E	4115118	0.114231	0.884597	0.00117165
Muller_E	4116856	0.113948	0.884874	0.00117855
Muller_E	4117074	0.113912	0.884908	0.00117941
Muller_E	4117473	0.113847	0.884972	0.00118099
Muller_E	4118970	0.113604	0.885209	0.00118692
Muller_E	4121851	0.113134	0.885667	0.00119827
Muller_E	4122071	0.113098	0.885702	0.00119914
Muller_E	4122393	0.113046	0.885754	0.00120041
Muller_E	4122818	0.112977	0.885821	0.00120208
Muller_E	4124318	0.112732	0.88606	0.00120796
Muller_E	4124418	0.112716	0.886076	0.00120835
Muller_E	4126492	0.112378	0.886405	0.00121646
Muller_E	4127527	0.11221	0.88657	0.0012205
Muller_E	4127720	0.112178	0.886601	0.00122125
Muller_E	4128101	0.112116	0.886661	0.00122274
Muller_E	4128234	0.112094	0.886682	0.00122326
Muller_E	4130334	0.111752	0.887016	0.00123142
Muller_E	4132221	0.111445	0.887316	0.00123873
Muller_E	4134741	0.111034	0.887717	0.00124846
Muller_E	4134982	0.110995	0.887756	0.00124939
Muller_E	4136547	0.11074	0.888005	0.00125541
Muller_E	4140224	0.110141	0.88859	0.00126949
Muller_E	4140902	0.11003	0.888698	0.00127207
Muller_E	4141485	0.109935	0.888791	0.0012743
Muller_E	4143836	0.109552	0.889165	0.00128324
Muller_E	4144350	0.109468	0.889247	0.00128519
Muller_E	4144848	0.109387	0.889326	0.00128708
Muller_E	4150850	0.108408	0.890282	0.0013097
Muller_E	4151927	0.108233	0.890454	0.00131374
Muller_E	4154621	0.107793	0.890883	0.0013238
Muller_E	4159745	0.106958	0.8917	0.00134282
Muller_E	4159958	0.106923	0.891733	0.00134361
Muller_E	4160923	0.106766	0.891887	0.00134717
Muller_E	4161787	0.106625	0.892025	0.00135035
Muller_E	4162162	0.106563	0.892085	0.00135173
Muller_E	4163984	0.106266	0.892375	0.00135843
Muller_E	4164218	0.106228	0.892413	0.00135928
Muller_E	4164859	0.106123	0.892515	0.00136163
Muller_E	4165033	0.106095	0.892543	0.00136227
Muller_E	4165157	0.106075	0.892562	0.00136273
Muller_E	4165383	0.106038	0.892598	0.00136355
Muller_E	4165808	0.105969	0.892666	0.00136511
Muller_E	4165958	0.105944	0.89269	0.00136566
Muller_E	4166062	0.105927	0.892707	0.00136604
Muller_E	4166243	0.105898	0.892736	0.0013667
Muller_E	4166628	0.105835	0.892797	0.0013681
Muller_E	4168755	0.105488	0.893136	0.00137586
Muller_E	4172546	0.104869	0.893741	0.0013896
Muller_E	4172827	0.104823	0.893786	0.00139062
Muller_E	4173860	0.104655	0.893951	0.00139434
Muller_E	4176100	0.104289	0.894308	0.0014024
Muller_E	4176326	0.104252	0.894344	0.00140322
Muller_E	4176826	0.104171	0.894424	0.00140501
Muller_E	4177022	0.104139	0.894455	0.00140571
Muller_E	4178339	0.103924	0.894666	0.00141043
Muller_E	4178608	0.10388	0.894709	0.00141139
Muller_E	4179326	0.103763	0.894823	0.00141396
Muller_E	4180712	0.103537	0.895044	0.0014189
Muller_E	4180966	0.103495	0.895085	0.0014198
Muller_E	4184926	0.102849	0.895717	0.00143385
Muller_E	4185178	0.102808	0.895758	0.00143474
Muller_E	4185319	0.102785	0.89578	0.00143524
Muller_E	4185532	0.10275	0.895814	0.00143599
Muller_E	4187632	0.102407	0.89615	0.00144339
Muller_E	4188227	0.10231	0.896245	0.00144548
Muller_E	4188670	0.102238	0.896315	0.00144704
Muller_E	4192621	0.101593	0.896947	0.00146086
Muller_E	4193546	0.101441	0.897094	0.00146408
Muller_E	4194407	0.101301	0.897232	0.00146708
Muller_E	4195783	0.101076	0.897452	0.00147185
Muller_E	4196010	0.101039	0.897488	0.00147264
Muller_E	4197440	0.100806	0.897717	0.00147759
Muller_E	4198223	0.100678	0.897842	0.00148029
Muller_E	4199021	0.100547	0.89797	0.00148304
Muller_E	4199203	0.100518	0.897999	0.00148367
Muller_E	4199424	0.100482	0.898034	0.00148443
Muller_E	4199639	0.100446	0.898068	0.00148517
Muller_E	4199983	0.10039	0.898123	0.00148635
Muller_E	4203293	0.0998496	0.898653	0.0014977
Muller_E	4205814	0.0994378	0.899056	0.00150629
Muller_E	4206134	0.0993856	0.899107	0.00150738
Muller_E	4207588	0.099148	0.89934	0.00151232
Muller_E	4210680	0.0986429	0.899834	0.00152277
Muller_E	4210928	0.0986024	0.899874	0.0015236
Muller_E	4211312	0.0985396	0.899935	0.0015249
Muller_E	4211755	0.0984672	0.900006	0.00152639
Muller_E	4213444	0.0981913	0.900277	0.00153206
Muller_E	4216650	0.0976674	0.90079	0.00154277
Muller_E	4217058	0.0976007	0.900855	0.00154413
Muller_E	4217453	0.0975361	0.900918	0.00154544
Muller_E	4217565	0.0975178	0.900936	0.00154582
Muller_E	4217669	0.0975008	0.900953	0.00154616
Muller_E	4217825	0.0974753	0.900978	0.00154668
Muller_E	4218923	0.0972959	0.901154	0.00155033
Muller_E	4225215	0.0962675	0.902161	0.00157107
Muller_E	4232774	0.0950317	0.903373	0.00159565
Muller_E	4235298	0.0946189	0.903777	0.00160378
Muller_E	4245993	0.0928697	0.905493	0.00163775
Muller_E	4252835	0.0917503	0.906591	0.00165909
Muller_E	4253725	0.0916047	0.906733	0.00166185
Muller_E	4256197	0.0912002	0.90713	0.00166947
Muller_E	4261234	0.0903758	0.907939	0.00168488
Muller_E	4262892	0.0901045	0.908206	0.00168991
Muller_E	4263238	0.0900478	0.908261	0.00169096
Muller_E	4263588	0.0899905	0.908317	0.00169202
Muller_E	4264621	0.0898214	0.908483	0.00169514
Muller_E	4266950	0.017663	0.979006	0.00333093
Muller_E	4267529	0.0894289	0.908869	0.00170208
Muller_E	4276223	0.0892587	0.909041	0.00170055
Muller_E	4311688	0.0885594	0.909752	0.00168867
Muller_E	4311965	0.0885539	0.909758	0.00168854
Muller_E	4312254	0.0885482	0.909763	0.0016884
Muller_E	4312510	0.0885431	0.909769	0.00168828
Muller_E	4334492	0.0881054	0.910218	0.00167621
Muller_E	4352032	0.0877539	0.910582	0.00166407
Muller_E	4353438	0.0877256	0.910611	0.001663
Muller_E	4356857	0.0876569	0.910683	0.00166033
Muller_E	4360054	0.0875925	0.91075	0.00165777
Muller_E	4374783	0.087295	0.91106	0.00164499
Muller_E	4374946	0.0872917	0.911063	0.00164484
Muller_E	4381350	0.0871619	0.911199	0.00163878
Muller_E	4558836	0.0834567	0.915191	0.00135214
Muller_E	4562012	0.0833885	0.915267	0.00134492
Muller_E	4564083	0.083344	0.915316	0.00134017
Muller_E	4564194	0.0833416	0.915318	0.00133991
Muller_E	4568491	0.0832492	0.915421	0.00132995
Muller_E	4569115	0.0832357	0.915436	0.0013285
Muller_E	4569749	0.0832221	0.915451	0.00132701
Muller_E	4570340	0.0832094	0.915465	0.00132563
Muller_E	4571890	0.083176	0.915502	0.00132198
Muller_E	4572624	0.0831601	0.91552	0.00132025
Muller_E	4573491	0.0831415	0.91554	0.0013182
Muller_E	4573809	0.0831346	0.915548	0.00131744
Muller_E	4577361	0.083058	0.915633	0.00130897
Muller_E	4577462	0.0830558	0.915635	0.00130873
Muller_E	4578308	0.0830375	0.915656	0.00130669
Muller_E	4580664	0.0829866	0.915712	0.00130101
Muller_E	4580954	0.0829804	0.915719	0.00130031
Muller_E	4581769	0.0829627	0.915739	0.00129833
Muller_E	4581909	0.0829597	0.915742	0.00129799
Muller_E	4583019	0.0829357	0.915769	0.00129528
Muller_E	4583393	0.0829276	0.915778	0.00129437
Muller_E	4583516	0.082925	0.915781	0.00129407
Muller_E	4584473	0.0829043	0.915804	0.00129173
Muller_E	4589180	0.0828024	0.915918	0.00128011
Muller_E	4590247	0.0827792	0.915943	0.00127746
Muller_E	4591539	0.0827512	0.915975	0.00127423
Muller_E	4593253	0.0827141	0.916016	0.00126993
Muller_E	4593508	0.0827085	0.916022	0.00126929
Muller_E	4593974	0.0826984	0.916033	0.00126812
Muller_E	4595111	0.0826737	0.916061	0.00126525
Muller_E	4595303	0.0826696	0.916066	0.00126476
Muller_E	4597548	0.0826208	0.91612	0.00125907
Muller_E	4597833	0.0826146	0.916127	0.00125834
Muller_E	4600306	0.0825609	0.916187	0.00125202
Muller_E	4607273	0.0824093	0.916357	0.00123396
Muller_E	4607398	0.0824066	0.91636	0.00123363
Muller_E	4610441	0.0823402	0.916434	0.00122563
Muller_E	4611041	0.0823271	0.916449	0.00122405
Muller_E	4611562	0.0823158	0.916462	0.00122267
Muller_E	4611697	0.0823128	0.916465	0.00122231
Muller_E	4612447	0.0822965	0.916483	0.00122032
Muller_E	4612733	0.0822902	0.91649	0.00121956
Muller_E	4612927	0.082286	0.916495	0.00121905
Muller_E	4613148	0.0822812	0.9165	0.00121846
Muller_E	4614502	0.0822516	0.916534	0.00121485
Muller_E	4615888	0.0822213	0.916568	0.00121114
Muller_E	4616173	0.0822151	0.916575	0.00121038
Muller_E	4616508	0.0822078	0.916583	0.00120948
Muller_E	4616663	0.0822044	0.916587	0.00120906
Muller_E	4618190	0.082171	0.916624	0.00120495
Muller_E	4619781	0.0821363	0.916663	0.00120065
Muller_E	4622166	0.0820841	0.916722	0.00119417
Muller_E	4626314	0.0819932	0.916824	0.0011828
Muller_E	4626864	0.0819812	0.916838	0.00118128
Muller_E	4627368	0.0819701	0.91685	0.00117989
Muller_E	4627488	0.0819675	0.916853	0.00117956
Muller_E	4633961	0.0818255	0.917013	0.0011615
Muller_E	4635834	0.0817843	0.917059	0.00115622
Muller_E	4636452	0.0817707	0.917075	0.00115447
Muller_E	4637295	0.0817522	0.917096	0.00115208
Muller_E	4640891	0.0816731	0.917185	0.00114183
Muller_E	4645727	0.0815666	0.917306	0.0011279
Muller_E	4646376	0.0815523	0.917322	0.00112601
Muller_E	4646798	0.081543	0.917332	0.00112479
Muller_E	4653320	0.081399	0.917495	0.00110567
Muller_E	4656520	0.0813283	0.917576	0.00109618
Muller_E	4672665	0.0809704	0.917983	0.00104713
Muller_E	4674140	0.0809376	0.91802	0.00104255
Muller_E	4675745	0.0809019	0.918061	0.00103755
Muller_E	4676485	0.0808854	0.918079	0.00103524
Muller_E	4677110	0.0808715	0.918095	0.00103329
Muller_E	4677655	0.0808594	0.918109	0.00103158
Muller_E	4678986	0.0808297	0.918143	0.0010274
Muller_E	4680223	0.0808022	0.918174	0.00102351
Muller_E	4682403	0.0807536	0.91823	0.00101662
Muller_E	4682621	0.0807488	0.918235	0.00101593
Muller_E	4684270	0.080712	0.918277	0.00101069
Muller_E	4685491	0.0806848	0.918308	0.0010068
Muller_E	4686019	0.080673	0.918322	0.00100511
Muller_E	4687101	0.0806488	0.91835	0.00100165
Muller_E	4689628	0.0805924	0.918414	0.000993532
Muller_E	4690052	0.0805829	0.918425	0.000992166
Muller_E	4690344	0.0805764	0.918432	0.000991224
Muller_E	4690905	0.0805639	0.918447	0.000989412
Muller_E	4691125	0.080559	0.918452	0.000988701
Muller_E	4691712	0.0805459	0.918467	0.000986802
Muller_E	4691999	0.0805394	0.918475	0.000985872
Muller_E	4692111	0.0805369	0.918478	0.00098551
Muller_E	4693234	0.0805118	0.918506	0.000981866
Muller_E	4693620	0.0805032	0.918516	0.000980612
Muller_E	4693753	0.0805002	0.91852	0.000980179
Muller_E	4694021	0.0804942	0.918526	0.000979307
Muller_E	4694592	0.0804815	0.918541	0.000977448
Muller_E	4696429	0.0804403	0.918588	0.00097145
Muller_E	4696792	0.0804322	0.918598	0.000970261
Muller_E	4699402	0.0803738	0.918665	0.000961689
Muller_E	4700957	0.0803389	0.918705	0.000956559
Muller_E	4702606	0.018204	0.979983	0.00181337
Muller_E	4708142	0.080509	0.918579	0.000912389
Muller_E	4712097	0.0806568	0.918459	0.000884601
Muller_E	4713898	0.0807241	0.918404	0.000871911
Muller_E	4714194	0.138137	0.861719	0.000144025
Muller_E	4717094	0.0807694	0.918358	0.000873061
Muller_E	4717794	0.0807776	0.918349	0.000873834
Muller_E	4720564	0.0808103	0.918313	0.000876854
Muller_E	4722390	0.0808317	0.918289	0.000878815
Muller_E	4727534	0.0808921	0.918224	0.000884205
Muller_E	4730688	0.080929	0.918184	0.000887414
Muller_E	4731377	0.0809371	0.918175	0.000888106
Muller_E	4732944	0.0809554	0.918155	0.000889665
Muller_E	4738342	0.0810184	0.918087	0.000894897
Muller_E	4739398	0.0810307	0.918073	0.000895896
Muller_E	4742492	0.0810667	0.918035	0.000898774
Muller_E	4745718	0.0811041	0.917994	0.0009017
Muller_E	4746457	0.0811127	0.917985	0.00090236
Muller_E	4748015	0.0811307	0.917966	0.000903737
Muller_E	4748352	0.0811346	0.917961	0.000904033
Muller_E	4748630	0.0811379	0.917958	0.000904276
Muller_E	4751071	0.0811661	0.917928	0.000906387
Muller_E	4751685	0.0811732	0.91792	0.000906911
Muller_E	4751817	0.0811747	0.917918	0.000907023
Muller_E	4752607	0.0811839	0.917908	0.000907693
Muller_E	4752773	0.0811858	0.917906	0.000907833
Muller_E	4753826	0.0811979	0.917893	0.000908717
Muller_E	4754671	0.0812077	0.917883	0.00090942
Muller_E	4756619	0.0180729	0.980184	0.00174307
Muller_E	4759191	0.0815205	0.917572	0.000907482
Muller_E	4761262	0.0817543	0.917341	0.000904597
Muller_E	4761866	0.0818225	0.917274	0.00090375
Muller_E	4761985	0.0818359	0.91726	0.000903583
Muller_E	4763545	0.082012	0.917087	0.000901382
Muller_E	4764509	0.0821208	0.916979	0.000900014
Muller_E	4765595	0.0822434	0.916858	0.000898464
Muller_E	4766291	0.0823219	0.916781	0.000897466
Muller_E	4766501	0.0823456	0.916757	0.000897165
Muller_E	4767354	0.0824419	0.916662	0.000895936
Muller_E	4769627	0.0826983	0.916409	0.000892637
Muller_E	4769950	0.0827348	0.916373	0.000892165
Muller_E	4772288	0.0829985	0.916113	0.000888729
Muller_E	4773763	0.0831649	0.915949	0.000886541
Muller_E	4773963	0.0831875	0.915926	0.000886243
Muller_E	4774375	0.083234	0.91588	0.000885628
Muller_E	4774957	0.0832996	0.915816	0.000884758
Muller_E	4775479	0.0833585	0.915758	0.000883976
Muller_E	4776619	0.083487	0.915631	0.000882261
Muller_E	4779373	0.0837976	0.915324	0.000878079
Muller_E	4781913	0.084084	0.915042	0.000874174
Muller_E	4782620	0.0841637	0.914963	0.000873079
Muller_E	4783326	0.0842433	0.914885	0.000871982
Muller_E	4786044	0.0845497	0.914583	0.000867727
Muller_E	4786690	0.0846225	0.914511	0.000866708
Muller_E	4789453	0.084934	0.914204	0.000862316
Muller_E	4790377	0.0850381	0.914101	0.000860835
Muller_E	4792360	0.0852615	0.913881	0.000857637
Muller_E	4792549	0.0852828	0.91386	0.00085733
Muller_E	4792702	0.0853001	0.913843	0.000857082
Muller_E	4822723	0.08868	0.910515	0.000805215
Muller_E	4832155	0.0897407	0.909472	0.000787616
Muller_E	4834924	0.090052	0.909166	0.000782331
Muller_E	4838041	0.0904023	0.908821	0.000776317
Muller_E	4839031	0.0905136	0.908712	0.000774393
Muller_E	4840034	0.0906263	0.908601	0.000772437
Muller_E	4843722	0.0910407	0.908194	0.000765183
Muller_E	4844215	0.0910961	0.90814	0.000764206
Muller_E	4846930	0.0914011	0.90784	0.000758796
Muller_E	4847984	0.0915195	0.907724	0.000756682
Muller_E	4849699	0.0917122	0.907535	0.000753226
