chrom	position	2,0	1,1	0,2
Muller_E	62882	0.365852	0.628843	0.0053049
Muller_E	267432	0.207128	0.754008	0.0388639
Muller_E	441230	0.186948	0.774286	0.0387663
Muller_E	511157	0.178803	0.782506	0.0386914
Muller_E	557879	0.173352	0.788018	0.0386295
Muller_E	581000	0.170652	0.790752	0.0385954
Muller_E	709108	0.155659	0.805978	0.0383629
Muller_E	768129	0.148731	0.813038	0.0382304
Muller_E	785241	0.14672	0.815091	0.0381889
Muller_E	787322	0.146476	0.815341	0.0381838
Muller_E	787424	0.146464	0.815353	0.0381836
Muller_E	788173	0.146376	0.815443	0.0381817
Muller_E	788750	0.146308	0.815512	0.0381803
Muller_E	788860	0.146295	0.815525	0.03818
Muller_E	791823	0.145946	0.815881	0.0381726
Muller_E	802257	0.144719	0.817134	0.0381463
Muller_E	893794	0.133937	0.82817	0.0378934
Muller_E	894300	0.133877	0.828231	0.0378919
Muller_E	896281	0.133643	0.828471	0.0378859
Muller_E	897287	0.133524	0.828593	0.0378829
Muller_E	897987	0.133442	0.828677	0.0378808
Muller_E	901015	0.133084	0.829044	0.0378717
Muller_E	901718	0.133002	0.829129	0.0378696
Muller_E	923408	0.130441	0.831756	0.0378028
Muller_E	923675	0.130409	0.831789	0.037802
Muller_E	924320	0.130333	0.831867	0.0378
Muller_E	927795	0.129923	0.832288	0.0377891
Muller_E	948021	0.127533	0.834743	0.0377243
Muller_E	948230	0.127508	0.834769	0.0377236
Muller_E	958531	0.12629	0.83602	0.0376898
Muller_E	967701	0.125205	0.837135	0.0376593
Muller_E	969142	0.125035	0.837311	0.0376545
Muller_E	1033237	0.117443	0.845128	0.0374289
Muller_E	1120573	0.10707	0.855842	0.0370877
Muller_E	1123171	0.0291193	0.9028	0.0680805
Muller_E	1146845	0.10629	0.857067	0.0366431
Muller_E	1148492	0.106257	0.857131	0.0366128
Muller_E	1168315	0.10586	0.857894	0.0362467
Muller_E	1213395	0.104948	0.859646	0.0354052
Muller_E	1262309	0.103947	0.861575	0.0344779
Muller_E	1275111	0.103682	0.862085	0.0342328
Muller_E	1275707	0.10367	0.862109	0.0342214
Muller_E	1314313	0.102867	0.863657	0.0334758
Muller_E	1318297	0.102784	0.863818	0.0333983
Muller_E	1358440	0.101939	0.865449	0.0326123
Muller_E	1358616	0.101935	0.865456	0.0326088
Muller_E	1378824	0.101507	0.866284	0.0322093
Muller_E	1480336	0.0993173	0.870519	0.0301634
Muller_E	1489232	0.0991227	0.870896	0.029981
Muller_E	1645912	0.0956184	0.877696	0.0266858
Muller_E	1673398	0.0949888	0.87892	0.0260915
Muller_E	1718642	0.0939427	0.880955	0.0251025
Muller_E	1746815	0.0932852	0.882235	0.02448
Muller_E	1763447	0.0928948	0.882995	0.02411
Muller_E	1765039	0.0928573	0.883068	0.0240745
Muller_E	1765159	0.0928545	0.883074	0.0240718
Muller_E	1765369	0.0928496	0.883083	0.0240672
Muller_E	1771226	0.0927116	0.883352	0.0239364
Muller_E	1799036	0.0920539	0.884634	0.0233123
Muller_E	1802542	0.0919706	0.884796	0.0232333
Muller_E	1802678	0.0919674	0.884802	0.0232302
Muller_E	1803039	0.0919588	0.884819	0.0232221
Muller_E	1803347	0.0919515	0.884833	0.0232151
Muller_E	1805518	0.0918999	0.884934	0.0231661
Muller_E	1812938	0.0917233	0.885278	0.0229985
Muller_E	1813040	0.0917209	0.885283	0.0229962
Muller_E	1815234	0.0916686	0.885385	0.0229465
Muller_E	1815907	0.0916525	0.885416	0.0229313
Muller_E	1816383	0.0916412	0.885438	0.0229205
Muller_E	1831501	0.0912801	0.886143	0.0225774
Muller_E	1850978	0.0908128	0.887054	0.0221332
Muller_E	1851905	0.0907905	0.887098	0.0221119
Muller_E	1852166	0.0907843	0.88711	0.022106
Muller_E	1857635	0.0906526	0.887367	0.0219807
Muller_E	1861157	0.0905677	0.887532	0.0219
Muller_E	1861336	0.0905634	0.887541	0.0218959
Muller_E	1861880	0.0905503	0.887566	0.0218834
Muller_E	1866595	0.0904365	0.887788	0.0217751
Muller_E	1870209	0.0903492	0.887959	0.0216921
Muller_E	1871973	0.0903066	0.888042	0.0216515
Muller_E	1880064	0.0901108	0.888424	0.0214651
Muller_E	1889333	0.089886	0.888863	0.021251
Muller_E	1891195	0.0898407	0.888951	0.0212079
Muller_E	1894320	0.0897648	0.8891	0.0211356
Muller_E	1900363	0.0896178	0.889387	0.0209955
Muller_E	1904375	0.08952	0.889578	0.0209024
Muller_E	1915469	0.0892493	0.890106	0.0206443
Muller_E	1927060	0.0889656	0.890661	0.0203738
Muller_E	1932459	0.0888331	0.890919	0.0202474
Muller_E	1944351	0.0885408	0.891491	0.0199685
Muller_E	1946702	0.0884829	0.891604	0.0199133
Muller_E	1961660	0.0881138	0.892325	0.0195609
Muller_E	1975567	0.0877694	0.892999	0.0192319
Muller_E	2011856	0.086865	0.894768	0.0183674
Muller_E	2013122	0.0868333	0.89483	0.0183371
Muller_E	2044597	0.0860421	0.896378	0.0175798
Muller_E	2048236	0.0859502	0.896558	0.0174918
Muller_E	2048434	0.0859452	0.896568	0.017487
Muller_E	2086567	0.0849775	0.898463	0.0165595
Muller_E	2103366	0.0845483	0.899304	0.0161478
Muller_E	2117584	0.0841837	0.900018	0.0157979
Muller_E	2126123	0.0839641	0.900449	0.0155871
Muller_E	2135792	0.0837149	0.900937	0.0153477
Muller_E	2140907	0.0835828	0.901196	0.0152209
Muller_E	2141169	0.0835761	0.90121	0.0152144
Muller_E	2142715	0.0835361	0.901288	0.015176
Muller_E	2145389	0.083467	0.901423	0.0151095
Muller_E	2146953	0.0834265	0.901503	0.0150707
Muller_E	2147057	0.0834238	0.901508	0.0150681
Muller_E	2201852	0.0819966	0.904308	0.0136954
Muller_E	2204792	0.0819194	0.904459	0.0136212
Muller_E	2219543	0.0815317	0.90522	0.0132479
Muller_E	2220290	0.081512	0.905259	0.0132289
Muller_E	2241628	0.0809486	0.906365	0.0126861
Muller_E	2243471	0.0808998	0.906461	0.0126391
Muller_E	2531559	0.124196	0.874823	0.000980961
Muller_E	2693610	0.0631577	0.932371	0.00447114
Muller_E	2696554	0.0629772	0.932563	0.00445986
Muller_E	2706179	0.00935509	0.982	0.00864455
Muller_E	2713009	0.062497	0.933153	0.00434954
Muller_E	2716202	0.0625485	0.933136	0.00431529
Muller_E	2721440	0.0626329	0.933108	0.00425895
Muller_E	2735475	0.0628579	0.933035	0.00410702
Muller_E	2763120	0.0632973	0.932899	0.00380363
Muller_E	2777976	0.0635313	0.93283	0.00363832
Muller_E	2779619	0.0635571	0.932823	0.00361994
Muller_E	2787347	0.0636782	0.932789	0.00353323
Muller_E	2788916	0.0637027	0.932782	0.00351558
Muller_E	2795398	0.0638039	0.932754	0.00344244
Muller_E	2798296	0.063849	0.932741	0.00340965
Muller_E	2799305	0.0638647	0.932737	0.00339822
Muller_E	2800245	0.0638794	0.932733	0.00338756
Muller_E	2800507	0.0638834	0.932732	0.00338459
Muller_E	2800780	0.0638877	0.932731	0.00338149
Muller_E	2800932	0.06389	0.93273	0.00337977
Muller_E	2801158	0.0638935	0.932729	0.0033772
Muller_E	2805736	0.0639647	0.93271	0.00332518
Muller_E	2807233	0.0639879	0.932704	0.00330814
Muller_E	2807795	0.0639966	0.932702	0.00330174
Muller_E	2808363	0.0640054	0.932699	0.00329526
Muller_E	2809031	0.0640157	0.932697	0.00328765
Muller_E	2809272	0.0640195	0.932696	0.0032849
Muller_E	2809909	0.0640293	0.932693	0.00327763
Muller_E	2811470	0.0640535	0.932687	0.00325981
Muller_E	2811776	0.0640583	0.932685	0.00325632
Muller_E	2812117	0.0640635	0.932684	0.00325242
Muller_E	2815676	0.0641186	0.93267	0.00321171
Muller_E	2816259	0.0641276	0.932667	0.00320503
Muller_E	2817070	0.0641401	0.932664	0.00319574
Muller_E	2817616	0.0641485	0.932662	0.00318948
Muller_E	2819402	0.0641761	0.932655	0.00316899
Muller_E	2820166	0.0641879	0.932652	0.00316022
Muller_E	2820386	0.0641913	0.932651	0.00315769
Muller_E	2820775	0.0641973	0.93265	0.00315323
Muller_E	2821135	0.0642028	0.932648	0.00314909
Muller_E	2821440	0.0642075	0.932647	0.00314559
Muller_E	2826939	0.0642922	0.932626	0.00308228
Muller_E	2831172	0.0643572	0.932609	0.0030334
Muller_E	2831515	0.0643624	0.932608	0.00302943
Muller_E	2832336	0.0121789	0.982032	0.00578864
Muller_E	2833070	0.0644761	0.93252	0.00300362
Muller_E	2850717	0.0669047	0.930485	0.00261073
Muller_E	2853215	0.0672484	0.930197	0.00255502
Muller_E	2856496	0.0676998	0.929818	0.00248179
Muller_E	2856945	0.0677616	0.929767	0.00247177
Muller_E	2857481	0.0678353	0.929705	0.0024598
Muller_E	2858163	0.0679291	0.929626	0.00244458
Muller_E	2859754	0.068148	0.929443	0.00240904
Muller_E	2859987	0.06818	0.929416	0.00240384
Muller_E	2862604	0.06854	0.929115	0.00234537
Muller_E	2866488	0.0690742	0.928667	0.00225853
Muller_E	2867267	0.0691813	0.928578	0.00224111
Muller_E	2868557	0.0693588	0.928429	0.00221225
Muller_E	2870085	0.0695689	0.928253	0.00217806
Muller_E	2870623	0.0696429	0.928191	0.00216602
Muller_E	2876155	0.0704036	0.927554	0.00204214
Muller_E	2877151	0.0705405	0.92744	0.00201983
Muller_E	2886067	0.0717663	0.926414	0.00181987
Muller_E	2886534	0.0718305	0.92636	0.00180939
Muller_E	2887599	0.0719769	0.926238	0.00178548
Muller_E	2887882	0.0720158	0.926205	0.00177913
Muller_E	2888492	0.0720997	0.926135	0.00176543
Muller_E	2888607	0.0721155	0.926122	0.00176285
Muller_E	2890000	0.072307	0.925961	0.00173157
Muller_E	2890387	0.0723601	0.925917	0.00172288
Muller_E	2890907	0.0724316	0.925857	0.0017112
Muller_E	2894764	0.0729617	0.925414	0.00162452
Muller_E	2899098	0.0735574	0.924916	0.00152706
Muller_E	2901481	0.0738848	0.924642	0.00147343
Muller_E	2901643	0.0739071	0.924623	0.00146979
Muller_E	2902627	0.0740423	0.92451	0.00144764
Muller_E	2903432	0.0741529	0.924418	0.00142952
Muller_E	2904998	0.0743681	0.924238	0.00139425
Muller_E	2905994	0.0745049	0.924123	0.00137182
Muller_E	2907134	0.0746616	0.923992	0.00134614
Muller_E	2908511	0.0748507	0.923834	0.00131511
Muller_E	2909452	0.07498	0.923726	0.0012939
Muller_E	2910160	0.0750773	0.923645	0.00127794
Muller_E	2911022	0.0751957	0.923546	0.00125851
Muller_E	2911252	0.0752273	0.923519	0.00125333
Muller_E	2911992	0.075329	0.923434	0.00123664
Muller_E	2914672	0.0756971	0.923127	0.00117619
Muller_E	2915489	0.0758093	0.923033	0.00115776
Muller_E	2918585	0.0762346	0.922678	0.00108789
Muller_E	2919015	0.0762937	0.922628	0.00107818
Muller_E	2919728	0.0763916	0.922546	0.00106208
Muller_E	2919971	0.076425	0.922518	0.00105659
Muller_E	2921506	0.0766358	0.922342	0.00102192
Muller_E	2922564	0.0767811	0.922221	0.000998024
Muller_E	2922707	0.0768008	0.922204	0.000994794
Muller_E	2924226	0.0770094	0.92203	0.000960471
Muller_E	2925108	0.0771305	0.921929	0.000940537
Muller_E	2925552	0.0771915	0.921878	0.000930502
Muller_E	2928855	0.077645	0.921499	0.000855819
Muller_E	2930674	0.0778948	0.921291	0.000814672
Muller_E	2931258	0.077975	0.921224	0.000801458
Muller_E	2931592	0.0780209	0.921185	0.000793901
Muller_E	2931798	0.0780492	0.921162	0.000789239
Muller_E	2932326	0.0781217	0.921101	0.00077729
Muller_E	2945623	0.0799471	0.919577	0.00047601
Muller_E	2945753	0.079965	0.919562	0.000473061
Muller_E	2945878	0.0799821	0.919548	0.000470226
Muller_E	2946001	0.079999	0.919534	0.000467435
Muller_E	2955783	0.0813415	0.918413	0.000245332
Muller_E	2957997	0.0816454	0.91816	0.000195009
Muller_E	2959282	0.0818217	0.918013	0.000165793
Muller_E	2959697	0.144131	0.855852	1.63183e-05
Muller_E	2959819	0.0818871	0.917957	0.000156073
Muller_E	2960759	0.0819527	0.917893	0.000153888
Muller_E	2961667	0.0820159	0.917832	0.000151771
Muller_E	2961801	0.0820253	0.917823	0.000151458
Muller_E	2963254	0.0821265	0.917725	0.000148057
Muller_E	2963568	0.0821484	0.917704	0.00014732
Muller_E	2975263	0.0829629	0.916918	0.000119363
Muller_E	2976725	0.0830647	0.91682	0.000115798
Muller_E	2977784	0.0831384	0.916748	0.000113207
Muller_E	2982473	0.0834646	0.916434	0.000101635
Muller_E	2984283	0.0835905	0.916312	9.71257e-05
Muller_E	2985483	0.083674	0.916232	9.41231e-05
Muller_E	2985658	0.0836861	0.91622	9.36844e-05
Muller_E	2985908	0.0837035	0.916203	9.30572e-05
Muller_E	2987685	0.0838271	0.916084	8.85864e-05
Muller_E	2992894	0.0841892	0.915735	7.53499e-05
Muller_E	2993313	0.0842183	0.915707	7.42767e-05
Muller_E	2993798	0.084252	0.915675	7.30329e-05
Muller_E	2994137	0.0842755	0.915652	7.21625e-05
Muller_E	2994487	0.0842998	0.915629	7.1263e-05
Muller_E	2994615	0.0843087	0.91562	7.09338e-05
Muller_E	2995123	0.084344	0.915586	6.96262e-05
Muller_E	2995701	0.0843842	0.915548	6.81361e-05
Muller_E	2996048	0.0844083	0.915524	6.72404e-05
Muller_E	2996738	0.0844562	0.915478	6.54567e-05
Muller_E	2996880	0.0844661	0.915469	6.50892e-05
Muller_E	2997113	0.0844823	0.915453	6.44859e-05
Muller_E	2999116	0.0846214	0.915319	5.92833e-05
Muller_E	2999459	0.0846452	0.915296	5.83894e-05
Muller_E	3001420	0.0847814	0.915165	5.32631e-05
Muller_E	3001578	0.0847924	0.915155	5.28489e-05
Muller_E	3001696	0.0848006	0.915147	5.25394e-05
Muller_E	3002579	0.0848619	0.915088	5.02203e-05
Muller_E	3003095	0.0848977	0.915053	4.88625e-05
Muller_E	3003540	0.0849286	0.915024	4.769e-05
Muller_E	3004120	0.0849689	0.914985	4.61596e-05
Muller_E	3005221	0.0850453	0.914911	4.32479e-05
Muller_E	3007967	0.0852359	0.914728	3.59479e-05
Muller_E	3012773	0.145092	0.854904	4.0149e-06
Muller_E	3013331	0.0855876	0.91439	2.28491e-05
Muller_E	3013618	0.085597	0.91438	2.27494e-05
Muller_E	3014080	0.0856122	0.914365	2.25877e-05
Muller_E	3014783	0.0856352	0.914342	2.23385e-05
Muller_E	3016296	0.0856849	0.914293	2.179e-05
Muller_E	3017214	0.085715	0.914264	2.1449e-05
Muller_E	3018320	0.0857512	0.914228	2.10298e-05
Muller_E	3018982	0.0857729	0.914206	2.07746e-05
Muller_E	3019303	0.0857834	0.914196	2.06497e-05
Muller_E	3019831	0.0858008	0.914179	2.04426e-05
Muller_E	3021834	0.0858664	0.914114	1.96381e-05
Muller_E	3021944	0.08587	0.91411	1.95931e-05
Muller_E	3023127	0.0859087	0.914072	1.91031e-05
Muller_E	3024474	0.0859528	0.914029	1.85327e-05
Muller_E	3024813	0.0859639	0.914018	1.8387e-05
Muller_E	3029421	0.0861147	0.913869	1.63228e-05
Muller_E	3029834	0.0861282	0.913856	1.61301e-05
Muller_E	3030101	0.0861369	0.913847	1.60049e-05
Muller_E	3033200	0.0862382	0.913747	1.4513e-05
Muller_E	3033901	0.0862611	0.913725	1.41657e-05
Muller_E	3034073	0.0862668	0.913719	1.408e-05
Muller_E	3036032	0.0863308	0.913656	1.30878e-05
Muller_E	3038305	0.086405	0.913583	1.19011e-05
Muller_E	3041816	0.0865196	0.91347	9.99316e-06
Muller_E	3044683	0.152344	0.847655	8.13234e-07
Muller_E	3046757	0.0866263	0.913365	9.19365e-06
Muller_E	3046887	0.0866271	0.913364	9.24435e-06
Muller_E	3047900	0.0866336	0.913357	9.63517e-06
Muller_E	3048135	0.0866351	0.913355	9.72476e-06
Muller_E	3050664	0.0866511	0.913338	1.0663e-05
Muller_E	3051698	0.0866577	0.913331	1.1033e-05
Muller_E	3051968	0.0866594	0.913329	1.11283e-05
Muller_E	3052635	0.0866636	0.913325	1.13614e-05
Muller_E	3053197	0.0866672	0.913321	1.15553e-05
Muller_E	3056428	0.0866876	0.9133	1.26248e-05
Muller_E	3056712	0.0866894	0.913298	1.27151e-05
Muller_E	3058398	0.0867	0.913287	1.3239e-05
Muller_E	3059687	0.0867081	0.913278	1.36254e-05
Muller_E	3061511	0.0867196	0.913266	1.41512e-05
Muller_E	3062406	0.0867252	0.91326	1.44002e-05
Muller_E	3062537	0.152104	0.847894	1.48697e-06
Muller_E	3100018	0.0860789	0.913775	0.000145791
Muller_E	3100718	0.0860668	0.913785	0.000148146
Muller_E	3112367	0.0858637	0.913949	0.000186827
Muller_E	3112987	0.0858529	0.913958	0.000188858
Muller_E	3113420	0.0858453	0.913964	0.000190274
Muller_E	3116107	0.0857983	0.914003	0.000199035
Muller_E	3119432	0.0857401	0.91405	0.000209804
Muller_E	3119714	0.0857352	0.914054	0.000210713
Muller_E	3120862	0.0857151	0.914071	0.00021441
Muller_E	3122265	0.0856905	0.914091	0.000218915
Muller_E	3123364	0.0856712	0.914106	0.000222434
Muller_E	3124138	0.0856576	0.914117	0.000224907
Muller_E	3127464	0.0855992	0.914165	0.000235484
Muller_E	3128767	0.0855763	0.914184	0.000239606
Muller_E	3128895	0.0855741	0.914186	0.00024001
Muller_E	3129611	0.0855615	0.914196	0.000242269
Muller_E	3129743	0.0855592	0.914198	0.000242685
Muller_E	3130171	0.0855516	0.914204	0.000244033
Muller_E	3131529	0.0855277	0.914224	0.000248302
Muller_E	3137674	0.0854195	0.914313	0.000267449
Muller_E	3139976	0.0853789	0.914347	0.000274551
Muller_E	3143168	0.0853225	0.914393	0.000284335
Muller_E	3169152	0.0848611	0.914778	0.000361212
Muller_E	3170575	0.0848357	0.914799	0.00036528
Muller_E	3173857	0.084777	0.914848	0.000374606
Muller_E	3192801	0.0844372	0.915136	0.000426899
Muller_E	3194086	0.0844141	0.915156	0.000430351
Muller_E	3194230	0.0844115	0.915158	0.000430737
Muller_E	3207603	0.08417	0.915364	0.000465934
Muller_E	3207708	0.0841681	0.915366	0.000466205
Muller_E	3208070	0.0841616	0.915371	0.00046714
Muller_E	3208369	0.0841562	0.915376	0.000467911
Muller_E	3208507	0.0841537	0.915378	0.000468266
Muller_E	3208706	0.0841501	0.915381	0.000468779
Muller_E	3210124	0.0841244	0.915403	0.000472423
Muller_E	3211254	0.0841039	0.915421	0.000475317
Muller_E	3212088	0.0840888	0.915434	0.000477446
Muller_E	3216063	0.0840167	0.915496	0.000487526
Muller_E	3216461	0.0840094	0.915502	0.000488529
Muller_E	3217109	0.0839977	0.915512	0.000490159
Muller_E	3217441	0.0839916	0.915517	0.000490994
Muller_E	3217706	0.0839868	0.915522	0.000491659
Muller_E	3217825	0.0839847	0.915523	0.000491957
Muller_E	3218354	0.0839751	0.915532	0.000493283
Muller_E	3219292	0.083958	0.915546	0.000495629
Muller_E	3219763	0.0839494	0.915554	0.000496805
Muller_E	3221459	0.0839186	0.91558	0.000501025
Muller_E	3222112	0.0839067	0.915591	0.000502644
Muller_E	3223012	0.0838903	0.915605	0.00050487
Muller_E	3223549	0.0838806	0.915613	0.000506196
Muller_E	3224815	0.0838575	0.915633	0.000509313
Muller_E	3226800	0.0838214	0.915664	0.000514177
Muller_E	3229718	0.0837681	0.915711	0.000521274
Muller_E	3240322	0.0835743	0.915879	0.000546541
Muller_E	3240918	0.0835634	0.915889	0.000547937
Muller_E	3241273	0.0835569	0.915894	0.000548767
Muller_E	3247835	0.0834365	0.916	0.000563946
Muller_E	3251442	0.0833702	0.916058	0.000572155
Muller_E	3252203	0.0833562	0.91607	0.000573875
Muller_E	3254014	0.0833229	0.916099	0.000577951
Muller_E	3254518	0.0833136	0.916107	0.000579081
Muller_E	3255141	0.0833021	0.916117	0.000580475
Muller_E	3255365	0.083298	0.916121	0.000580976
Muller_E	3259142	0.0832284	0.916182	0.000589361
Muller_E	3259935	0.0832138	0.916195	0.000591109
Muller_E	3262497	0.0831665	0.916237	0.000596723
Muller_E	3263708	0.0831441	0.916257	0.00059936
Muller_E	3264644	0.0831268	0.916272	0.000601391
Muller_E	3266132	0.0830993	0.916296	0.000604606
Muller_E	3266579	0.0830911	0.916303	0.000605569
Muller_E	3266806	0.0830869	0.916307	0.000606057
Muller_E	3269029	0.0830458	0.916343	0.000610819
Muller_E	3271700	0.0829963	0.916387	0.000616493
Muller_E	3271881	0.0829929	0.91639	0.000616876
Muller_E	3273894	0.0829556	0.916423	0.000621115
Muller_E	3275081	0.0829336	0.916443	0.000623601
Muller_E	3275989	0.0829168	0.916458	0.000625496
Muller_E	3278049	0.0828786	0.916492	0.000629772
Muller_E	3280894	0.0828257	0.916539	0.000635626
Muller_E	3282107	0.0828032	0.916559	0.000638104
Muller_E	3282973	0.082787	0.916573	0.000639867
Muller_E	3284532	0.082758	0.916599	0.000643026
Muller_E	3291321	0.0826315	0.916712	0.000656576
Muller_E	3291878	0.0826212	0.916721	0.000657672
Muller_E	3293351	0.0825937	0.916746	0.000660562
Muller_E	3293759	0.082586	0.916753	0.000661359
Muller_E	3304917	0.0823773	0.91694	0.000682697
Muller_E	3306663	0.0823446	0.916969	0.000685954
Muller_E	3306880	0.0823405	0.916973	0.000686357
Muller_E	3310127	0.0822795	0.917028	0.000692349
Muller_E	3312301	0.0822387	0.917065	0.000696317
Muller_E	3312718	0.0822309	0.917072	0.000697074
Muller_E	3318766	0.0821171	0.917175	0.000707914
Muller_E	3323588	0.0820261	0.917257	0.000716364
Muller_E	3324201	0.0820146	0.917268	0.000717426
Muller_E	3324656	0.082006	0.917276	0.000718213
Muller_E	3325091	0.0819978	0.917283	0.000718963
Muller_E	3326084	0.081979	0.9173	0.000720671
Muller_E	3326190	0.081977	0.917302	0.000720853
Muller_E	3330218	0.0819009	0.917371	0.000727705
Muller_E	3334866	0.0818129	0.917452	0.000735463
Muller_E	3337545	0.0817621	0.917498	0.000739863
Muller_E	3340268	0.0817105	0.917545	0.000744281
Muller_E	3340480	0.0817064	0.917549	0.000744623
Muller_E	3410593	0.0803591	0.918801	0.000839551
Muller_E	3431230	0.0799562	0.919183	0.00086062
Muller_E	3437416	0.0798349	0.919299	0.000866326
Muller_E	3456916	0.0794508	0.919667	0.000882472
Muller_E	3457694	0.0794355	0.919681	0.000883058
Muller_E	3459001	0.0794096	0.919706	0.000884033
Muller_E	3462300	0.0793443	0.919769	0.000886437
Muller_E	3464519	0.0793004	0.919812	0.00088801
Muller_E	3464673	0.0792973	0.919815	0.000888117
Muller_E	3477602	0.0790406	0.920063	0.000896543
Muller_E	3525631	0.078077	0.921006	0.00091707
Muller_E	3546828	0.0776468	0.921432	0.000920725
Muller_E	3557059	0.0774381	0.921641	0.000921303
Muller_E	3566467	0.0772455	0.921833	0.000921153
Muller_E	3572057	0.0771308	0.921948	0.000920755
Muller_E	3572168	0.0771285	0.921951	0.000920745
Muller_E	3579272	0.0769824	0.922098	0.0009199
Muller_E	3579502	0.0769777	0.922102	0.000919867
Muller_E	3582419	0.0769176	0.922163	0.000919407
Muller_E	3590131	0.0767585	0.922324	0.000917889
Muller_E	3605233	0.0764457	0.922641	0.000913644
Muller_E	3610748	0.0763311	0.922757	0.000911674
Muller_E	3611776	0.0763097	0.922779	0.000911282
Muller_E	3615071	0.0762411	0.922849	0.000909973
Muller_E	3617701	0.0761863	0.922905	0.00090887
Muller_E	3617818	0.0761839	0.922907	0.00090882
Muller_E	3617948	0.0761811	0.92291	0.000908764
Muller_E	3623404	0.0760673	0.923026	0.000906303
Muller_E	3630035	0.0759287	0.923168	0.000903016
Muller_E	3631532	0.0758973	0.9232	0.000902229
Muller_E	3634067	0.0758442	0.923255	0.000900859
Muller_E	3642157	0.0756744	0.923429	0.000896167
Muller_E	3643438	0.0756475	0.923457	0.00089538
Muller_E	3645674	0.0756005	0.923506	0.000893976
Muller_E	3652519	0.0754563	0.923654	0.00088945
Muller_E	3655257	0.0753986	0.923714	0.000887543
Muller_E	3657953	0.0753417	0.923773	0.000885611
Muller_E	3660200	0.0752942	0.923822	0.000883959
Muller_E	3665461	0.0751829	0.923937	0.000879945
Muller_E	3670065	0.0750853	0.924038	0.000876265
Muller_E	3757777	0.0731994	0.926025	0.000776132
Muller_E	3766114	0.0730174	0.926219	0.000763642
Muller_E	3770199	0.072928	0.926315	0.000757334
Muller_E	3771242	0.0729052	0.926339	0.000755703
Muller_E	3775369	0.0728148	0.926436	0.000749172
Muller_E	3781958	0.0726702	0.926591	0.000738482
Muller_E	3788305	0.0725306	0.926742	0.000727879
Muller_E	3788531	0.0725256	0.926747	0.000727496
Muller_E	3788717	0.0725215	0.926751	0.00072718
Muller_E	3791492	0.0724604	0.926817	0.000722442
Muller_E	3791929	0.0724508	0.926828	0.00072169
Muller_E	3794089	0.0724032	0.926879	0.000717955
Muller_E	3798034	0.0723161	0.926973	0.000711044
Muller_E	3805877	0.0721428	0.92716	0.000696961
Muller_E	3808116	0.0720932	0.927214	0.000692856
Muller_E	3837593	0.0714374	0.927927	0.000635335
Muller_E	3889492	0.0702682	0.929213	0.000518312
Muller_E	3892070	0.0702096	0.929278	0.000511975
Muller_E	3892768	0.0701938	0.929296	0.00051025
Muller_E	3893846	0.0701693	0.929323	0.00050758
Muller_E	3895236	0.0701377	0.929358	0.000504124
Muller_E	3896701	0.0701043	0.929395	0.000500466
Muller_E	3964144	0.0685538	0.931132	0.000314678
Muller_E	3964249	0.0685513	0.931134	0.000314362
Muller_E	3964701	0.0685408	0.931146	0.000313002
Muller_E	3965335	0.0685261	0.931163	0.000311091
Muller_E	3965537	0.0685214	0.931168	0.000310481
Muller_E	3971184	0.0683901	0.931317	0.000293321
Muller_E	4005791	0.0675805	0.932237	0.000182927
Muller_E	4007537	0.0675395	0.932283	0.000177119
Muller_E	4008073	0.0675269	0.932298	0.000175332
Muller_E	4008732	0.0675113	0.932316	0.000173131
Muller_E	4009275	0.0674986	0.93233	0.000171315
Muller_E	4009794	0.0674864	0.932344	0.000169578
Muller_E	4010462	0.0674706	0.932362	0.000167338
Muller_E	4011246	0.0674522	0.932383	0.000164706
Muller_E	4011350	0.0674497	0.932386	0.000164356
Muller_E	4011743	0.0674405	0.932397	0.000163035
Muller_E	4012926	0.0674126	0.932428	0.000159049
Muller_E	4015010	0.0673635	0.932485	0.000152003
Muller_E	4015956	0.0673412	0.93251	0.000148793
Muller_E	4016731	0.0673229	0.932531	0.000146159
Muller_E	4017133	0.0673134	0.932542	0.000144791
Muller_E	4017640	0.0673014	0.932556	0.000143063
Muller_E	4021078	0.0672203	0.932648	0.000131299
Muller_E	4021876	0.0672014	0.93267	0.000128556
Muller_E	4022513	0.0671864	0.932687	0.000126363
Muller_E	4022928	0.0671766	0.932699	0.000124932
Muller_E	4024532	0.0671386	0.932742	0.000119391
Muller_E	4024639	0.0671361	0.932745	0.000119021
Muller_E	4025270	0.0671212	0.932762	0.000116835
Muller_E	4027169	0.0670763	0.932814	0.000110239
Muller_E	4027437	0.0670699	0.932821	0.000109306
Muller_E	4027764	0.0670622	0.93283	0.000108167
Muller_E	4029270	0.0670265	0.932871	0.00010291
Muller_E	4032202	0.0669571	0.93295	9.26268e-05
Muller_E	4032327	0.0669541	0.932954	9.21869e-05
Muller_E	4033521	0.0669258	0.932986	8.79796e-05
Muller_E	4033797	0.0669193	0.932994	8.70055e-05
Muller_E	4036360	0.0668585	0.933064	7.79326e-05
Muller_E	4037138	0.06684	0.933085	7.51687e-05
Muller_E	4037610	0.0668288	0.933098	7.34897e-05
Muller_E	4040496	0.0667603	0.933177	6.31871e-05
Muller_E	4040949	0.0667495	0.933189	6.15643e-05
Muller_E	4045900	0.0666318	0.933324	4.37271e-05
Muller_E	4046078	0.0666276	0.933329	4.30824e-05
Muller_E	4046843	0.0666094	0.93335	4.03088e-05
Muller_E	4047581	0.0665918	0.933371	3.76289e-05
Muller_E	4048275	0.0665753	0.93339	3.51051e-05
Muller_E	4048700	0.0665652	0.933401	3.35577e-05
Muller_E	4053592	0.0664486	0.933536	1.56488e-05
Muller_E	4056223	0.0663858	0.933608	5.94255e-06
Muller_E	4056545	0.117678	0.882321	5.57121e-07
Muller_E	4056951	0.117757	0.882243	5.27886e-07
Muller_E	4057601	0.0192358	0.980756	8.58453e-06
Muller_E	4057720	0.0662816	0.933714	4.75031e-06
Muller_E	4058043	0.0662743	0.933721	4.77411e-06
Muller_E	4058149	0.0662718	0.933723	4.78174e-06
Muller_E	4058704	0.0662592	0.933736	4.82034e-06
Muller_E	4059417	0.0662429	0.933752	4.86652e-06
Muller_E	4059965	0.0662304	0.933765	4.89939e-06
Muller_E	4061381	0.066198	0.933797	4.97384e-06
Muller_E	4061745	0.0661897	0.933805	4.99053e-06
Muller_E	4062020	0.0661834	0.933812	5.00247e-06
Muller_E	4062507	0.0661723	0.933823	5.02222e-06
Muller_E	4062941	0.0661624	0.933833	5.03832e-06
Muller_E	4064035	0.0661374	0.933858	5.07256e-06
Muller_E	4064680	0.0661226	0.933872	5.08851e-06
Muller_E	4064829	0.0661192	0.933876	5.09175e-06
Muller_E	4065474	0.0661045	0.93389	5.10383e-06
Muller_E	4065574	0.0661022	0.933893	5.10543e-06
Muller_E	4066028	0.0660918	0.933903	5.1117e-06
Muller_E	4067541	0.0660572	0.933938	5.12137e-06
Muller_E	4067967	0.0660474	0.933947	5.12097e-06
Muller_E	4068535	0.0660344	0.93396	5.11831e-06
Muller_E	4069245	0.0660182	0.933977	5.11155e-06
Muller_E	4070105	0.0659985	0.933996	5.09826e-06
Muller_E	4071088	0.065976	0.934019	5.07622e-06
Muller_E	4071641	0.0659633	0.934032	5.06061e-06
Muller_E	4072126	0.0659522	0.934043	5.04502e-06
Muller_E	4072768	0.0659375	0.934058	5.02164e-06
Muller_E	4072973	0.0659328	0.934062	5.01352e-06
Muller_E	4073359	0.113211	0.886788	9.06836e-07
Muller_E	4075135	0.0658323	0.934162	6.02294e-06
Muller_E	4075254	0.0658262	0.934168	6.09081e-06
Muller_E	4076053	0.0657849	0.934209	6.54374e-06
Muller_E	4077160	0.0657278	0.934265	7.16332e-06
Muller_E	4078165	0.0656759	0.934316	7.71782e-06
Muller_E	4078690	0.117122	0.882878	8.46667e-07
Muller_E	4078900	0.0656271	0.934364	9.11917e-06
Muller_E	4079010	0.0656157	0.934375	9.70294e-06
Muller_E	4079297	0.065586	0.934403	1.12257e-05
Muller_E	4081728	0.0653344	0.934641	2.41006e-05
Muller_E	4082079	0.0652981	0.934676	2.59562e-05
Muller_E	4083988	0.0651005	0.934863	3.6033e-05
Muller_E	4085715	0.0649217	0.935033	4.51272e-05
Muller_E	4089306	0.0645499	0.935386	6.39705e-05
Muller_E	4089803	0.0644984	0.935435	6.65714e-05
Muller_E	4092778	0.0641903	0.935728	8.21039e-05
Muller_E	4092894	0.0641783	0.935739	8.27082e-05
Muller_E	4098915	0.0635546	0.936331	0.00011395
Muller_E	4109650	0.0624419	0.937389	0.000169023
Muller_E	4113217	0.062072	0.937741	0.000187144
Muller_E	4113538	0.0620387	0.937773	0.00018877
Muller_E	4114422	0.061947	0.93786	0.000193245
Muller_E	4114803	0.0619075	0.937897	0.000195172
Muller_E	4115118	0.0618749	0.937928	0.000196765
Muller_E	4116856	0.0616946	0.9381	0.000205539
Muller_E	4117074	0.061672	0.938121	0.000206638
Muller_E	4117473	0.0616306	0.938161	0.000208648
Muller_E	4118970	0.0614753	0.938309	0.000216182
Muller_E	4121851	0.0611764	0.938593	0.000230637
Muller_E	4122071	0.0611535	0.938615	0.000231738
Muller_E	4122393	0.0611201	0.938647	0.00023335
Muller_E	4122818	0.061076	0.938688	0.000235476
Muller_E	4124318	0.0609204	0.938837	0.000242968
Muller_E	4124418	0.06091	0.938847	0.000243467
Muller_E	4126492	0.0606947	0.939051	0.0002538
Muller_E	4127527	0.0605873	0.939154	0.000258945
Muller_E	4127720	0.0605673	0.939173	0.000259903
Muller_E	4128101	0.0605277	0.93921	0.000261795
Muller_E	4128234	0.0605139	0.939224	0.000262455
Muller_E	4130334	0.0602959	0.939431	0.00027286
Muller_E	4132221	0.0601	0.939618	0.000282184
Muller_E	4134741	0.0598383	0.939867	0.000294596
Muller_E	4134982	0.0598133	0.939891	0.000295781
Muller_E	4136547	0.0596508	0.940046	0.000303464
Muller_E	4140224	0.0592688	0.94041	0.000321448
Muller_E	4140902	0.0591984	0.940477	0.000324754
Muller_E	4141485	0.0193835	0.980041	0.000575334
Muller_E	4143836	0.0590753	0.940591	0.000333739
Muller_E	4144350	0.0590616	0.940603	0.000335077
Muller_E	4144848	0.0590484	0.940615	0.000336371
Muller_E	4150850	0.0588885	0.94076	0.000351825
Muller_E	4151927	0.0588598	0.940786	0.000354569
Muller_E	4154621	0.0587879	0.940851	0.000361395
Muller_E	4159745	0.0586511	0.940975	0.000374229
Muller_E	4159958	0.0586454	0.94098	0.000374759
Muller_E	4160923	0.0586196	0.941003	0.000377152
Muller_E	4161787	0.0585965	0.941024	0.000379289
Muller_E	4162162	0.0585865	0.941033	0.000380215
Muller_E	4163984	0.0585377	0.941078	0.000384698
Muller_E	4164218	0.0585315	0.941083	0.000385271
Muller_E	4164859	0.0585143	0.941099	0.000386842
Muller_E	4165033	0.0585097	0.941103	0.000387267
Muller_E	4165157	0.0585063	0.941106	0.00038757
Muller_E	4165383	0.0585003	0.941112	0.000388123
Muller_E	4165808	0.0584889	0.941122	0.00038916
Muller_E	4165958	0.0584849	0.941126	0.000389526
Muller_E	4166062	0.0584821	0.941128	0.00038978
Muller_E	4166243	0.0584773	0.941133	0.000390221
Muller_E	4166628	0.058467	0.941142	0.000391159
Muller_E	4168755	0.05841	0.941194	0.000396318
Muller_E	4172546	0.0583084	0.941286	0.00040543
Muller_E	4172827	0.0583009	0.941293	0.000406101
Muller_E	4173860	0.0582732	0.941318	0.000408563
Muller_E	4176100	0.0582131	0.941373	0.000413874
Muller_E	4176326	0.058207	0.941379	0.000414408
Muller_E	4176826	0.0581936	0.941391	0.000415587
Muller_E	4177022	0.0581883	0.941396	0.000416049
Muller_E	4178339	0.058153	0.941428	0.000419145
Muller_E	4178608	0.0581457	0.941434	0.000419776
Muller_E	4179326	0.0581265	0.941452	0.000421456
Muller_E	4180712	0.0580892	0.941486	0.00042469
Muller_E	4180966	0.0580824	0.941492	0.000425281
Muller_E	4184926	0.0579759	0.94159	0.000434433
Muller_E	4185178	0.0579692	0.941596	0.000435012
Muller_E	4185319	0.0579654	0.941599	0.000435335
Muller_E	4185532	0.0579596	0.941605	0.000435823
Muller_E	4187632	0.0579031	0.941656	0.000440619
Muller_E	4188227	0.0578871	0.941671	0.000441972
Muller_E	4188670	0.0578752	0.941682	0.000442978
Muller_E	4192621	0.0577687	0.941779	0.00045188
Muller_E	4193546	0.0577438	0.941802	0.000453948
Muller_E	4194407	0.0577206	0.941824	0.000455866
Muller_E	4195783	0.0576835	0.941858	0.000458921
Muller_E	4196010	0.0576773	0.941863	0.000459423
Muller_E	4197440	0.0576388	0.941899	0.00046258
Muller_E	4198223	0.0576176	0.941918	0.000464302
Muller_E	4199021	0.0575961	0.941938	0.000466052
Muller_E	4199203	0.0575912	0.941942	0.000466451
Muller_E	4199424	0.0575852	0.941948	0.000466934
Muller_E	4199639	0.0575794	0.941953	0.000467404
Muller_E	4199983	0.0575701	0.941962	0.000468156
Muller_E	4203293	0.0574807	0.942044	0.00047534
Muller_E	4205814	0.0574125	0.942107	0.000480757
Muller_E	4206134	0.0574039	0.942115	0.000481441
Muller_E	4207588	0.0573645	0.942151	0.00048454
Muller_E	4210680	0.0572808	0.942228	0.000491077
Muller_E	4210928	0.0572741	0.942234	0.000491599
Muller_E	4211312	0.0572637	0.942244	0.000492405
Muller_E	4211755	0.0572517	0.942255	0.000493333
Muller_E	4213444	0.0572059	0.942297	0.00049686
Muller_E	4216650	0.057119	0.942377	0.000503496
Muller_E	4217058	0.057108	0.942388	0.000504335
Muller_E	4217453	0.0570972	0.942398	0.000505146
Muller_E	4217565	0.0570942	0.9424	0.000505375
Muller_E	4217669	0.0570914	0.942403	0.000505589
Muller_E	4217825	0.0570871	0.942407	0.000505908
Muller_E	4218923	0.0570574	0.942434	0.000508153
Muller_E	4225215	0.0568865	0.942593	0.000520844
Muller_E	4232774	0.0566808	0.942784	0.000535695
Muller_E	4235298	0.056612	0.942847	0.000540559
Muller_E	4245993	0.0563201	0.943119	0.000560633
Muller_E	4252835	0.0561329	0.943294	0.000573024
Muller_E	4253725	0.0561086	0.943317	0.00057461
Muller_E	4256197	0.0560408	0.94338	0.000578983
Muller_E	4261234	0.0559027	0.94351	0.000587752
Muller_E	4262892	0.0558572	0.943552	0.000590596
Muller_E	4263238	0.0558477	0.943561	0.000591187
Muller_E	4263588	0.0558381	0.94357	0.000591784
Muller_E	4264621	0.0558097	0.943597	0.000593541
Muller_E	4266950	0.0557458	0.943657	0.000597471
Muller_E	4267529	0.0557298	0.943672	0.000598442
Muller_E	4276223	0.0554906	0.943897	0.000612714
Muller_E	4311688	0.0545093	0.944826	0.000665027
Muller_E	4311965	0.0545016	0.944833	0.000665398
Muller_E	4312254	0.0544935	0.944841	0.000665785
Muller_E	4312510	0.0544864	0.944847	0.000666127
Muller_E	4334492	0.0538735	0.945433	0.000693646
Muller_E	4352032	0.053382	0.945905	0.000712985
Muller_E	4353438	0.0533425	0.945943	0.000714434
Muller_E	4356857	0.0532464	0.946036	0.000717896
Muller_E	4360054	0.0531565	0.946122	0.000721054
Muller_E	4374783	0.0527412	0.946524	0.0007346
Muller_E	4374946	0.0527366	0.946529	0.000734741
Muller_E	4381350	0.0525555	0.946704	0.000740111
Muller_E	4558836	0.0474204	0.951815	0.000764988
Muller_E	4562012	0.0473264	0.95191	0.000763248
Muller_E	4564083	0.0472651	0.951973	0.000762072
Muller_E	4564194	0.0472618	0.951976	0.000762008
Muller_E	4568491	0.0471345	0.952106	0.000759459
Muller_E	4569115	0.047116	0.952125	0.000759078
Muller_E	4569749	0.0470972	0.952144	0.000758687
Muller_E	4570340	0.0470797	0.952162	0.000758319
Muller_E	4571890	0.0470337	0.952209	0.000757344
Muller_E	4572624	0.0470119	0.952231	0.000756875
Muller_E	4573491	0.0469862	0.952257	0.000756316
Muller_E	4573809	0.0469768	0.952267	0.00075611
Muller_E	4577361	0.0468713	0.952375	0.000753753
Muller_E	4577462	0.0468683	0.952378	0.000753684
Muller_E	4578308	0.0468432	0.952404	0.000753108
Muller_E	4580664	0.0467731	0.952475	0.000751474
Muller_E	4580954	0.0467645	0.952484	0.00075127
Muller_E	4581769	0.0467403	0.952509	0.000750693
Muller_E	4581909	0.0467361	0.952513	0.000750593
Muller_E	4583019	0.0467031	0.952547	0.000749798
Muller_E	4583393	0.046692	0.952559	0.000749528
Muller_E	4583516	0.0466883	0.952562	0.000749439
Muller_E	4584473	0.0466598	0.952591	0.000748742
Muller_E	4589180	0.0465197	0.952735	0.000745214
Muller_E	4590247	0.0464879	0.952768	0.00074439
Muller_E	4591539	0.0464494	0.952807	0.000743382
Muller_E	4593253	0.0463982	0.95286	0.000742024
Muller_E	4593508	0.0463906	0.952868	0.00074182
Muller_E	4593974	0.0463767	0.952882	0.000741446
Muller_E	4595111	0.0463428	0.952917	0.000740526
Muller_E	4595303	0.0463371	0.952923	0.00074037
Muller_E	4597548	0.0462701	0.952991	0.000738522
Muller_E	4597833	0.0462616	0.953	0.000738285
Muller_E	4600306	0.0103452	0.988293	0.00136191
Muller_E	4607273	0.0462993	0.952986	0.00071423
Muller_E	4607398	0.0463013	0.952985	0.000713832
Muller_E	4610441	0.0463499	0.952946	0.000704117
Muller_E	4611041	0.0463595	0.952938	0.000702194
Muller_E	4611562	0.0463678	0.952932	0.000700521
Muller_E	4611697	0.04637	0.95293	0.000700087
Muller_E	4612447	0.046382	0.95292	0.000697675
Muller_E	4612733	0.0463865	0.952917	0.000696754
Muller_E	4612927	0.0463896	0.952914	0.000696129
Muller_E	4613148	0.0463932	0.952911	0.000695416
Muller_E	4614502	0.0464147	0.952894	0.000691043
Muller_E	4615888	0.0464368	0.952877	0.000686552
Muller_E	4616173	0.0464414	0.952873	0.000685627
Muller_E	4616508	0.0464467	0.952869	0.000684538
Muller_E	4616663	0.0464492	0.952867	0.000684035
Muller_E	4618190	0.0464735	0.952847	0.000679061
Muller_E	4619781	0.0464988	0.952827	0.00067386
Muller_E	4622166	0.0465367	0.952797	0.000666027
Muller_E	4626314	0.0466025	0.952745	0.000652301
Muller_E	4626864	0.0466112	0.952738	0.000650471
Muller_E	4627368	0.0466192	0.952732	0.000648792
Muller_E	4627488	0.0466211	0.95273	0.000648392
Muller_E	4633961	0.0467236	0.95265	0.000626654
Muller_E	4635834	0.0467531	0.952627	0.000620304
Muller_E	4636452	0.0467629	0.952619	0.000618203
Muller_E	4637295	0.0467762	0.952608	0.000615332
Muller_E	4640891	0.0468329	0.952564	0.000603027
Muller_E	4645727	0.046909	0.952505	0.000586323
Muller_E	4646376	0.0469192	0.952497	0.000584067
Muller_E	4646798	0.0469258	0.952492	0.000582599
Muller_E	4653320	0.0152796	0.983746	0.000974443
Muller_E	4656520	0.0472584	0.952203	0.000538803
Muller_E	4672665	0.0484192	0.951149	0.000432064
Muller_E	4674140	0.0485252	0.951053	0.000422219
Muller_E	4675745	0.0486405	0.950948	0.000411489
Muller_E	4676485	0.0486936	0.9509	0.000406535
Muller_E	4677110	0.0487385	0.950859	0.000402349
Muller_E	4677655	0.0487777	0.950824	0.000398696
Muller_E	4678986	0.0488732	0.950737	0.000389765
Muller_E	4680223	0.0489621	0.950656	0.000381454
Muller_E	4682403	0.0491186	0.950515	0.000366781
Muller_E	4682621	0.0491342	0.9505	0.000365311
Muller_E	4684270	0.0492526	0.950393	0.000354187
Muller_E	4685491	0.0493402	0.950314	0.000345937
Muller_E	4686019	0.0493781	0.95028	0.000342366
Muller_E	4687101	0.0494557	0.950209	0.000335043
Muller_E	4689628	0.049637	0.950045	0.000317906
Muller_E	4690052	0.0496674	0.950018	0.000315027
Muller_E	4690344	0.0496884	0.949999	0.000313043
Muller_E	4690905	0.0497286	0.949962	0.000309229
Muller_E	4691125	0.0497444	0.949948	0.000307733
Muller_E	4691712	0.0497865	0.94991	0.00030374
Muller_E	4691999	0.0498071	0.949891	0.000301786
Muller_E	4692111	0.0498151	0.949884	0.000301024
Muller_E	4693234	0.0498956	0.949811	0.000293374
Muller_E	4693620	0.0499233	0.949786	0.000290742
Muller_E	4693753	0.0499329	0.949777	0.000289835
Muller_E	4694021	0.0499521	0.94976	0.000288007
Muller_E	4694592	0.049993	0.949723	0.000284111
Muller_E	4696429	0.0501247	0.949604	0.000271559
Muller_E	4696792	0.0501507	0.94958	0.000269076
Muller_E	4699402	0.0503378	0.949411	0.000251195
Muller_E	4700957	0.0504492	0.94931	0.000240519
Muller_E	4702606	0.0505674	0.949203	0.000229179
Muller_E	4708142	0.0509639	0.948845	0.000190964
Muller_E	4712097	0.0512471	0.948589	0.00016353
Muller_E	4713898	0.051376	0.948473	0.000151
Muller_E	4714194	0.0513972	0.948454	0.000148938
Muller_E	4717094	0.0516047	0.948267	0.000128708
Muller_E	4717794	0.0516548	0.948221	0.000123815
Muller_E	4720564	0.0518529	0.948043	0.000104422
Muller_E	4722390	0.0519835	0.947925	9.16074e-05
Muller_E	4727534	0.0523513	0.947593	5.53809e-05
Muller_E	4730688	0.0525767	0.94739	3.30758e-05
Muller_E	4731377	0.0526259	0.947346	2.81938e-05
Muller_E	4732944	0.0911032	0.908894	3.27135e-06
Muller_E	4738342	0.0529337	0.947057	9.55581e-06
Muller_E	4739398	0.0949655	0.905034	9.5555e-07
Muller_E	4742492	0.0530112	0.946981	8.00135e-06
Muller_E	4745718	0.053052	0.94694	7.8638e-06
Muller_E	4746457	0.0530614	0.946931	7.82106e-06
Muller_E	4748015	0.0530811	0.946911	7.71725e-06
Muller_E	4748352	0.0530853	0.946907	7.69235e-06
Muller_E	4748630	0.0530888	0.946904	7.67115e-06
Muller_E	4751071	0.0531196	0.946873	7.4596e-06
Muller_E	4751685	0.0531274	0.946865	7.3992e-06
Muller_E	4751817	0.053129	0.946864	7.38584e-06
Muller_E	4752607	0.053139	0.946854	7.30308e-06
Muller_E	4752773	0.0531411	0.946852	7.28508e-06
Muller_E	4753826	0.0531543	0.946839	7.166e-06
Muller_E	4754671	0.053165	0.946828	7.06429e-06
Muller_E	4756619	0.0531895	0.946804	6.80899e-06
Muller_E	4759191	0.0532218	0.946772	6.42736e-06
Muller_E	4761262	0.0532477	0.946746	6.08325e-06
Muller_E	4761866	0.0532553	0.946739	5.9767e-06
Muller_E	4761985	0.0532568	0.946737	5.95538e-06
Muller_E	4763545	0.0532763	0.946718	5.66583e-06
Muller_E	4764509	0.0959137	0.904086	6.0288e-07
Muller_E	4765595	0.0532819	0.946712	6.15748e-06
Muller_E	4766291	0.0532777	0.946716	6.58846e-06
Muller_E	4766501	0.0532764	0.946717	6.71777e-06
Muller_E	4767354	0.0532713	0.946722	7.23955e-06
Muller_E	4769627	0.0532575	0.946734	8.60274e-06
Muller_E	4769950	0.0532556	0.946736	8.79324e-06
Muller_E	4772288	0.0532414	0.946748	1.01484e-05
Muller_E	4773763	0.0532324	0.946757	1.09818e-05
Muller_E	4773963	0.0532312	0.946758	1.10935e-05
Muller_E	4774375	0.0532287	0.94676	1.13227e-05
Muller_E	4774957	0.0532251	0.946763	1.16442e-05
Muller_E	4775479	0.053222	0.946766	1.19304e-05
Muller_E	4776619	0.053215	0.946772	1.25481e-05
Muller_E	4779373	0.0531982	0.946788	1.39994e-05
Muller_E	4781913	0.0531826	0.946802	1.52864e-05
Muller_E	4782620	0.0531782	0.946806	1.56359e-05
Muller_E	4783326	0.0531739	0.94681	1.5981e-05
