chrom	position	2,0	1,1	0,2
Muller_E	62882	0.0636569	0.567773	0.36857
Muller_E	267432	0.0537404	0.584748	0.361512
Muller_E	441230	0.0452291	0.59926	0.355511
Muller_E	511157	0.0417806	0.605125	0.353094
Muller_E	557879	0.0394684	0.609054	0.351478
Muller_E	581000	0.0383218	0.611	0.350678
Muller_E	709108	0.0319383	0.621823	0.346239
Muller_E	768129	0.0289797	0.62683	0.34419
Muller_E	785241	0.0281197	0.628285	0.343595
Muller_E	787322	0.0280151	0.628462	0.343523
Muller_E	787424	0.0280099	0.628471	0.34352
Muller_E	788173	0.0279723	0.628534	0.343494
Muller_E	788750	0.0279432	0.628583	0.343473
Muller_E	788860	0.0279377	0.628593	0.34347
Muller_E	791823	0.0277887	0.628845	0.343367
Muller_E	802257	0.0272636	0.629732	0.343004
Muller_E	893794	0.0226412	0.637541	0.339818
Muller_E	894300	0.0226155	0.637584	0.339801
Muller_E	896281	0.0225152	0.637753	0.339732
Muller_E	897287	0.0224642	0.637839	0.339697
Muller_E	897987	0.0224287	0.637899	0.339672
Muller_E	901015	0.0222753	0.638158	0.339567
Muller_E	901718	0.0222397	0.638218	0.339542
Muller_E	923408	0.0211395	0.640075	0.338786
Muller_E	923675	0.0211259	0.640097	0.338777
Muller_E	924320	0.0210932	0.640153	0.338754
Muller_E	927795	0.0209168	0.64045	0.338633
Muller_E	948021	0.019889	0.642184	0.337927
Muller_E	948230	0.0198784	0.642202	0.33792
Muller_E	958531	0.00322097	0.513683	0.483096
Muller_E	967701	0.0192979	0.643907	0.336795
Muller_E	969142	0.019289	0.644036	0.336675
Muller_E	1033237	0.0188839	0.649795	0.331321
Muller_E	1120573	0.0183033	0.657682	0.324015
Muller_E	1123171	0.0182855	0.657917	0.323797
Muller_E	1146845	0.0181221	0.660064	0.321814
Muller_E	1148492	0.0181107	0.660213	0.321676
Muller_E	1168315	0.0179718	0.662013	0.320015
Muller_E	1213395	0.0176495	0.666117	0.316233
Muller_E	1262309	0.0172893	0.670585	0.312126
Muller_E	1275111	0.0171933	0.671757	0.31105
Muller_E	1275707	0.0171888	0.671812	0.310999
Muller_E	1314313	0.0168944	0.675353	0.307752
Muller_E	1318297	0.0168637	0.675719	0.307417
Muller_E	1358440	0.0165495	0.679413	0.304037
Muller_E	1358616	0.0165481	0.67943	0.304022
Muller_E	1378824	0.0163871	0.681294	0.302319
Muller_E	1480336	0.0155491	0.690702	0.293749
Muller_E	1489232	0.0154733	0.69153	0.292997
Muller_E	1645912	0.0140749	0.706212	0.279713
Muller_E	1673398	0.013817	0.708808	0.277375
Muller_E	1718642	0.00277751	0.596434	0.400789
Muller_E	1746815	0.013639	0.717325	0.269036
Muller_E	1763447	0.0137884	0.719825	0.266387
Muller_E	1765039	0.0138027	0.720064	0.266133
Muller_E	1765159	0.0138037	0.720082	0.266114
Muller_E	1765369	0.0138056	0.720114	0.266081
Muller_E	1771226	0.013858	0.720994	0.265148
Muller_E	1799036	0.0141054	0.725177	0.260717
Muller_E	1802542	0.0141364	0.725705	0.260159
Muller_E	1802678	0.0141376	0.725725	0.260137
Muller_E	1803039	0.0141408	0.725779	0.26008
Muller_E	1803347	0.0141436	0.725826	0.260031
Muller_E	1805518	0.0141627	0.726152	0.259685
Muller_E	1812938	0.0142282	0.727269	0.258503
Muller_E	1813040	0.0142291	0.727285	0.258486
Muller_E	1815234	0.0142485	0.727615	0.258137
Muller_E	1815907	0.0142544	0.727716	0.258029
Muller_E	1816383	0.0142586	0.727788	0.257954
Muller_E	1831501	0.0143913	0.730064	0.255545
Muller_E	1850978	0.0145613	0.732998	0.252441
Muller_E	1851905	0.0145694	0.733138	0.252293
Muller_E	1852166	0.0145716	0.733177	0.252251
Muller_E	1857635	0.0146192	0.734001	0.25138
Muller_E	1861157	0.0146497	0.734532	0.250818
Muller_E	1861336	0.0146513	0.734559	0.25079
Muller_E	1861880	0.014656	0.734641	0.250703
Muller_E	1866595	0.0146968	0.735351	0.249952
Muller_E	1870209	0.014728	0.735896	0.249376
Muller_E	1871973	0.00255948	0.62066	0.376781
Muller_E	1880064	0.0152183	0.738046	0.246736
Muller_E	1889333	0.015764	0.7402	0.244036
Muller_E	1891195	0.0158738	0.740633	0.243493
Muller_E	1894320	0.0160583	0.741358	0.242584
Muller_E	1900363	0.0164154	0.74276	0.240825
Muller_E	1904375	0.0166529	0.74369	0.239657
Muller_E	1915469	0.017311	0.746258	0.236431
Muller_E	1927060	0.0180009	0.748937	0.233062
Muller_E	1932459	0.0183231	0.750183	0.231494
Muller_E	1944351	0.0190346	0.752923	0.228042
Muller_E	1946702	0.0191755	0.753464	0.22736
Muller_E	1961660	0.0200746	0.756903	0.223023
Muller_E	1975567	0.0209141	0.760092	0.218994
Muller_E	2011856	0.0231206	0.76838	0.208499
Muller_E	2013122	0.023198	0.768668	0.208134
Muller_E	2044597	0.0251313	0.775817	0.199052
Muller_E	2048236	0.0253559	0.776641	0.198003
Muller_E	2048434	0.0253682	0.776686	0.197946
Muller_E	2086567	0.0277361	0.785293	0.186971
Muller_E	2103366	0.0287873	0.789068	0.182145
Muller_E	2117584	0.0296809	0.792255	0.178064
Muller_E	2126123	0.0302192	0.794165	0.175615
Muller_E	2135792	0.0308303	0.796326	0.172844
Muller_E	2140907	0.0311542	0.797467	0.171379
Muller_E	2141169	0.0311708	0.797526	0.171304
Muller_E	2142715	0.0312688	0.797871	0.170861
Muller_E	2145389	0.0314384	0.798467	0.170095
Muller_E	2146953	0.0315376	0.798815	0.169647
Muller_E	2147057	0.0315442	0.798838	0.169617
Muller_E	2201852	0.0350484	0.810996	0.153955
Muller_E	2204792	0.0352378	0.811646	0.153117
Muller_E	2219543	0.0361907	0.814899	0.14891
Muller_E	2220290	0.0362391	0.815063	0.148698
Muller_E	2241628	0.0376243	0.819755	0.14262
Muller_E	2243471	0.0377443	0.82016	0.142096
Muller_E	2531559	0.0572072	0.881958	0.0608349
Muller_E	2693610	0.0687585	0.915508	0.015734
Muller_E	2696554	0.12388	0.874435	0.00168477
Muller_E	2706179	0.0692999	0.916081	0.0146188
Muller_E	2713009	0.0695321	0.916062	0.0144058
Muller_E	2716202	0.0696405	0.916053	0.0143062
Muller_E	2721440	0.0698183	0.916039	0.0141426
Muller_E	2735475	0.070294	0.916003	0.0137034
Muller_E	2763120	0.0712277	0.915937	0.0128349
Muller_E	2777976	0.0717278	0.915906	0.0123664
Muller_E	2779619	0.0717831	0.915902	0.0123145
Muller_E	2787347	0.0720427	0.915887	0.0120702
Muller_E	2788916	0.0720953	0.915884	0.0120205
Muller_E	2795398	0.0723128	0.915872	0.0118153
Muller_E	2798296	0.0724099	0.915867	0.0117234
Muller_E	2799305	0.0724437	0.915865	0.0116915
Muller_E	2800245	0.0724752	0.915863	0.0116616
Muller_E	2800507	0.072484	0.915863	0.0116533
Muller_E	2800780	0.0724932	0.915862	0.0116447
Muller_E	2800932	0.0724983	0.915862	0.0116399
Muller_E	2801158	0.0725058	0.915861	0.0116327
Muller_E	2805736	0.0726591	0.915853	0.0114874
Muller_E	2807233	0.0727092	0.915851	0.0114399
Muller_E	2807795	0.072728	0.91585	0.0114221
Muller_E	2808363	0.072747	0.915849	0.011404
Muller_E	2809031	0.0727694	0.915848	0.0113828
Muller_E	2809272	0.0727775	0.915847	0.0113751
Muller_E	2809909	0.0727988	0.915846	0.0113549
Muller_E	2811470	0.072851	0.915844	0.0113053
Muller_E	2811776	0.128218	0.870195	0.00158774
Muller_E	2812117	0.0728644	0.915839	0.0112968
Muller_E	2815676	0.0728972	0.915793	0.0113099
Muller_E	2816259	0.0729025	0.915785	0.011312
Muller_E	2817070	0.07291	0.915775	0.011315
Muller_E	2817616	0.072915	0.915768	0.0113169
Muller_E	2819402	0.0729314	0.915745	0.0113234
Muller_E	2820166	0.0729384	0.915735	0.0113262
Muller_E	2820386	0.0729404	0.915733	0.011327
Muller_E	2820775	0.072944	0.915728	0.0113284
Muller_E	2821135	0.0729473	0.915723	0.0113297
Muller_E	2821440	0.0729501	0.915719	0.0113308
Muller_E	2826939	0.0730004	0.915649	0.0113506
Muller_E	2831172	0.073039	0.915595	0.0113656
Muller_E	2831515	0.0730421	0.915591	0.0113668
Muller_E	2832336	0.0730496	0.915581	0.0113697
Muller_E	2833070	0.0730563	0.915571	0.0113723
Muller_E	2850717	0.0732156	0.915351	0.0114335
Muller_E	2853215	0.073238	0.91532	0.011442
Muller_E	2856496	0.0732674	0.91528	0.011453
Muller_E	2856945	0.0732714	0.915274	0.0114545
Muller_E	2857481	0.0732762	0.915267	0.0114563
Muller_E	2858163	0.0732823	0.915259	0.0114586
Muller_E	2859754	0.0732964	0.91524	0.011464
Muller_E	2859987	0.0732985	0.915237	0.0114647
Muller_E	2862604	0.0733218	0.915205	0.0114734
Muller_E	2866488	0.0733563	0.915157	0.0114863
Muller_E	2867267	0.0733632	0.915148	0.0114888
Muller_E	2868557	0.0733747	0.915132	0.0114931
Muller_E	2870085	0.0733882	0.915114	0.0114981
Muller_E	2870623	0.0733929	0.915107	0.0114998
Muller_E	2876155	0.0734417	0.91504	0.0115178
Muller_E	2877151	0.0734505	0.915029	0.011521
Muller_E	2886067	0.0735287	0.914922	0.0115494
Muller_E	2886534	0.0735328	0.914916	0.0115508
Muller_E	2887599	0.0735421	0.914904	0.0115542
Muller_E	2887882	0.0735446	0.9149	0.0115551
Muller_E	2888492	0.0735499	0.914893	0.011557
Muller_E	2888607	0.0735509	0.914892	0.0115574
Muller_E	2890000	0.073563	0.914875	0.0115617
Muller_E	2890387	0.0735664	0.914871	0.0115629
Muller_E	2890907	0.0735709	0.914865	0.0115645
Muller_E	2894764	0.0736045	0.914819	0.0115765
Muller_E	2899098	0.073642	0.914768	0.0115899
Muller_E	2901481	0.0736626	0.91474	0.0115971
Muller_E	2901643	0.073664	0.914738	0.0115976
Muller_E	2902627	0.0736725	0.914727	0.0116006
Muller_E	2903432	0.0736795	0.914717	0.011603
Muller_E	2904998	0.073693	0.914699	0.0116078
Muller_E	2905994	0.0737016	0.914688	0.0116108
Muller_E	2907134	0.0737114	0.914674	0.0116142
Muller_E	2908511	0.0737232	0.914658	0.0116183
Muller_E	2909452	0.0737313	0.914648	0.0116212
Muller_E	2910160	0.0737374	0.914639	0.0116233
Muller_E	2911022	0.0737448	0.914629	0.0116258
Muller_E	2911252	0.0737467	0.914627	0.0116265
Muller_E	2911992	0.0737531	0.914618	0.0116287
Muller_E	2914672	0.073776	0.914587	0.0116367
Muller_E	2915489	0.073783	0.914578	0.0116391
Muller_E	2918585	0.0738094	0.914542	0.0116482
Muller_E	2919015	0.0738131	0.914537	0.0116494
Muller_E	2919728	0.0738192	0.914529	0.0116515
Muller_E	2919971	0.0738213	0.914527	0.0116522
Muller_E	2921506	0.0738343	0.914509	0.0116567
Muller_E	2922564	0.0738433	0.914497	0.0116597
Muller_E	2922707	0.0738445	0.914495	0.0116601
Muller_E	2924226	0.0738574	0.914478	0.0116645
Muller_E	2925108	0.0738649	0.914468	0.0116671
Muller_E	2925552	0.0738687	0.914463	0.0116683
Muller_E	2928855	0.0738967	0.914426	0.0116778
Muller_E	2930674	0.073912	0.914405	0.011683
Muller_E	2931258	0.073917	0.914398	0.0116846
Muller_E	2931592	0.0739198	0.914395	0.0116856
Muller_E	2931798	0.0739215	0.914392	0.0116862
Muller_E	2932326	0.073926	0.914386	0.0116876
Muller_E	2945623	0.0740376	0.914238	0.0117246
Muller_E	2945753	0.0740387	0.914236	0.0117249
Muller_E	2945878	0.0740397	0.914235	0.0117253
Muller_E	2946001	0.0740407	0.914234	0.0117256
Muller_E	2955783	0.0741221	0.914126	0.011752
Muller_E	2957997	0.0741404	0.914102	0.0117579
Muller_E	2959282	0.074151	0.914088	0.0117612
Muller_E	2959697	0.0741544	0.914083	0.0117623
Muller_E	2959819	0.0741554	0.914082	0.0117627
Muller_E	2960759	0.0741632	0.914072	0.0117651
Muller_E	2961667	0.0741707	0.914062	0.0117675
Muller_E	2961801	0.0741718	0.91406	0.0117679
Muller_E	2963254	0.0741838	0.914045	0.0117717
Muller_E	2963568	0.0741863	0.914041	0.0117725
Muller_E	2975263	0.0742822	0.913915	0.0118025
Muller_E	2976725	0.0742941	0.9139	0.0118061
Muller_E	2977784	0.0743027	0.913889	0.0118088
Muller_E	2982473	0.0743408	0.913839	0.0118205
Muller_E	2984283	0.0743554	0.91382	0.0118249
Muller_E	2985483	0.0743651	0.913807	0.0118279
Muller_E	2985658	0.0743666	0.913805	0.0118283
Muller_E	2985908	0.0743686	0.913803	0.0118289
Muller_E	2987685	0.0743829	0.913784	0.0118332
Muller_E	2992894	0.0744249	0.913729	0.0118458
Muller_E	2993313	0.0744283	0.913725	0.0118468
Muller_E	2993798	0.0744322	0.91372	0.011848
Muller_E	2994137	0.0744349	0.913716	0.0118488
Muller_E	2994487	0.0744377	0.913713	0.0118496
Muller_E	2994615	0.0744387	0.913711	0.0118499
Muller_E	2995123	0.0744428	0.913706	0.0118511
Muller_E	2995701	0.0744474	0.9137	0.0118525
Muller_E	2996048	0.0744502	0.913696	0.0118533
Muller_E	2996738	0.0744558	0.913689	0.011855
Muller_E	2996880	0.0744569	0.913688	0.0118553
Muller_E	2997113	0.0744588	0.913685	0.0118559
Muller_E	2999116	0.0744748	0.913665	0.0118606
Muller_E	2999459	0.0744775	0.913661	0.0118614
Muller_E	3001420	0.0744932	0.913641	0.011866
Muller_E	3001578	0.0744945	0.913639	0.0118664
Muller_E	3001696	0.0744954	0.913638	0.0118666
Muller_E	3002579	0.0745025	0.913629	0.0118687
Muller_E	3003095	0.0745066	0.913624	0.0118699
Muller_E	3003540	0.0745101	0.913619	0.0118709
Muller_E	3004120	0.0745147	0.913613	0.0118723
Muller_E	3005221	0.0745235	0.913602	0.0118748
Muller_E	3007967	0.0745453	0.913574	0.0118812
Muller_E	3012773	0.0745834	0.913525	0.0118921
Muller_E	3013331	0.0745878	0.913519	0.0118933
Muller_E	3013618	0.0745901	0.913516	0.011894
Muller_E	3014080	0.0745937	0.913511	0.011895
Muller_E	3014783	0.0745993	0.913504	0.0118966
Muller_E	3016296	0.0746112	0.913489	0.0119
Muller_E	3017214	0.0746185	0.913479	0.011902
Muller_E	3018320	0.0746272	0.913468	0.0119045
Muller_E	3018982	0.0746324	0.913462	0.011906
Muller_E	3019303	0.0746349	0.913458	0.0119067
Muller_E	3019831	0.0746391	0.913453	0.0119078
Muller_E	3021834	0.0746548	0.913433	0.0119122
Muller_E	3021944	0.0746557	0.913432	0.0119125
Muller_E	3023127	0.0746649	0.91342	0.0119151
Muller_E	3024474	0.0746755	0.913406	0.011918
Muller_E	3024813	0.0746782	0.913403	0.0119187
Muller_E	3029421	0.0747142	0.913357	0.0119287
Muller_E	3029834	0.0747174	0.913353	0.0119296
Muller_E	3030101	0.0747195	0.91335	0.0119301
Muller_E	3033200	0.0747436	0.91332	0.0119367
Muller_E	3033901	0.074749	0.913313	0.0119382
Muller_E	3034073	0.0747504	0.913311	0.0119386
Muller_E	3036032	0.0747656	0.913292	0.0119427
Muller_E	3038305	0.0747832	0.913269	0.0119474
Muller_E	3041816	0.0748103	0.913235	0.0119547
Muller_E	3044683	0.0748324	0.913207	0.0119605
Muller_E	3046757	0.0748484	0.913187	0.0119647
Muller_E	3046887	0.0748494	0.913186	0.011965
Muller_E	3047900	0.0748572	0.913176	0.011967
Muller_E	3048135	0.074859	0.913174	0.0119675
Muller_E	3050664	0.0748784	0.913149	0.0119725
Muller_E	3051698	0.0748863	0.913139	0.0119746
Muller_E	3051968	0.0748883	0.913137	0.0119751
Muller_E	3052635	0.0748934	0.91313	0.0119765
Muller_E	3053197	0.0748977	0.913125	0.0119776
Muller_E	3056428	0.0749224	0.913094	0.0119839
Muller_E	3056712	0.0749246	0.913091	0.0119844
Muller_E	3058398	0.0749374	0.913075	0.0119877
Muller_E	3059687	0.0749472	0.913063	0.0119902
Muller_E	3061511	0.0749611	0.913045	0.0119937
Muller_E	3062406	0.0749679	0.913037	0.0119954
Muller_E	3062537	0.0749689	0.913035	0.0119957
Muller_E	3100018	0.0752485	0.912689	0.0120622
Muller_E	3100718	0.0752536	0.912683	0.0120633
Muller_E	3112367	0.0753386	0.91258	0.0120819
Muller_E	3112987	0.0753431	0.912574	0.0120829
Muller_E	3113420	0.0753462	0.91257	0.0120835
Muller_E	3116107	0.0753657	0.912547	0.0120877
Muller_E	3119432	0.0753897	0.912518	0.0120927
Muller_E	3119714	0.0753917	0.912515	0.0120931
Muller_E	3120862	0.0754	0.912505	0.0120948
Muller_E	3122265	0.0754101	0.912493	0.0120969
Muller_E	3123364	0.075418	0.912483	0.0120986
Muller_E	3124138	0.0754235	0.912477	0.0120997
Muller_E	3127464	0.0754474	0.912448	0.0121046
Muller_E	3128767	0.0754567	0.912437	0.0121064
Muller_E	3128895	0.0754576	0.912436	0.0121066
Muller_E	3129611	0.0754627	0.91243	0.0121076
Muller_E	3129743	0.0754637	0.912428	0.0121078
Muller_E	3130171	0.0754667	0.912425	0.0121085
Muller_E	3131529	0.0754764	0.912413	0.0121104
Muller_E	3137674	0.0755201	0.912361	0.012119
Muller_E	3139976	0.0755364	0.912341	0.0121221
Muller_E	3143168	0.075559	0.912315	0.0121264
Muller_E	3169152	0.0757401	0.912101	0.0121588
Muller_E	3170575	0.0757499	0.91209	0.0121604
Muller_E	3173857	0.0757724	0.912063	0.0121642
Muller_E	3192801	0.0759011	0.911915	0.0121841
Muller_E	3194086	0.0759098	0.911905	0.0121854
Muller_E	3194230	0.0759107	0.911904	0.0121856
Muller_E	3207603	0.0760001	0.911802	0.012198
Muller_E	3207708	0.0760008	0.911801	0.0121981
Muller_E	3208070	0.0760032	0.911798	0.0121984
Muller_E	3208369	0.0760051	0.911796	0.0121987
Muller_E	3208507	0.076006	0.911795	0.0121988
Muller_E	3208706	0.0760074	0.911794	0.012199
Muller_E	3210124	0.0760168	0.911783	0.0122002
Muller_E	3211254	0.0760242	0.911775	0.0122012
Muller_E	3212088	0.0760297	0.911768	0.0122019
Muller_E	3216063	0.076056	0.911739	0.0122052
Muller_E	3216461	0.0760586	0.911736	0.0122056
Muller_E	3217109	0.0760628	0.911731	0.0122061
Muller_E	3217441	0.076065	0.911729	0.0122064
Muller_E	3217706	0.0760668	0.911727	0.0122066
Muller_E	3217825	0.0760675	0.911726	0.0122067
Muller_E	3218354	0.076071	0.911722	0.0122071
Muller_E	3219292	0.0760772	0.911715	0.0122079
Muller_E	3219763	0.0760803	0.911712	0.0122082
Muller_E	3221459	0.0760914	0.911699	0.0122096
Muller_E	3222112	0.0760956	0.911694	0.0122101
Muller_E	3223012	0.0173047	0.959763	0.0229328
Muller_E	3223549	0.0761505	0.911643	0.0122069
Muller_E	3224815	0.076266	0.911536	0.0121976
Muller_E	3226800	0.076447	0.91137	0.012183
Muller_E	3229718	0.076713	0.911125	0.0121616
Muller_E	3240322	0.0776794	0.910237	0.0120832
Muller_E	3240918	0.0777337	0.910188	0.0120788
Muller_E	3241273	0.0777661	0.910158	0.0120761
Muller_E	3247835	0.0783638	0.909609	0.0120272
Muller_E	3251442	0.0786922	0.909308	0.0120002
Muller_E	3252203	0.0787615	0.909244	0.0119945
Muller_E	3254014	0.0789263	0.909093	0.011981
Muller_E	3254518	0.0789722	0.909051	0.0119772
Muller_E	3255141	0.0790289	0.908999	0.0119725
Muller_E	3255365	0.0790493	0.90898	0.0119708
Muller_E	3259142	0.0793931	0.908665	0.0119424
Muller_E	3259935	0.0794652	0.908598	0.0119364
Muller_E	3262497	0.0796984	0.908385	0.0119171
Muller_E	3263708	0.0798085	0.908284	0.0119079
Muller_E	3264644	0.0798937	0.908205	0.0119008
Muller_E	3266132	0.0800291	0.908081	0.0118895
Muller_E	3266579	0.0800697	0.908044	0.0118861
Muller_E	3266806	0.0800904	0.908025	0.0118844
Muller_E	3269029	0.0802926	0.90784	0.0118675
Muller_E	3271700	0.0805355	0.907617	0.0118472
Muller_E	3271881	0.0805519	0.907602	0.0118458
Muller_E	3273894	0.080735	0.907435	0.0118305
Muller_E	3275081	0.0808429	0.907336	0.0118214
Muller_E	3275989	0.0809254	0.90726	0.0118145
Muller_E	3278049	0.0811127	0.907089	0.0117988
Muller_E	3280894	0.0813713	0.906852	0.011777
Muller_E	3282107	0.0814815	0.906751	0.0117676
Muller_E	3282973	0.0815602	0.906679	0.011761
Muller_E	3284532	0.0817019	0.906549	0.011749
Muller_E	3291321	0.0823186	0.905985	0.0116966
Muller_E	3291878	0.0823692	0.905938	0.0116923
Muller_E	3293351	0.082503	0.905816	0.0116809
Muller_E	3293759	0.08254	0.905782	0.0116778
Muller_E	3304917	0.083553	0.904856	0.0115909
Muller_E	3306663	0.0837114	0.904711	0.0115773
Muller_E	3306880	0.0837311	0.904693	0.0115756
Muller_E	3310127	0.0840257	0.904424	0.0115501
Muller_E	3312301	0.084223	0.904244	0.0115331
Muller_E	3312718	0.0842608	0.904209	0.0115298
Muller_E	3318766	0.0142414	0.96321	0.0225481
Muller_E	3323588	0.0876832	0.900928	0.0113892
Muller_E	3324201	0.0880486	0.900574	0.0113774
Muller_E	3324656	0.0883198	0.900312	0.0113686
Muller_E	3325091	0.0885791	0.900061	0.0113603
Muller_E	3326084	0.0891709	0.899488	0.0113412
Muller_E	3326190	0.0892341	0.899427	0.0113391
Muller_E	3330218	0.091635	0.897103	0.0112617
Muller_E	3334866	0.0944057	0.894422	0.0111725
Muller_E	3337545	0.0960027	0.892876	0.0111212
Muller_E	3340268	0.0976259	0.891305	0.011069
Muller_E	3340480	0.0977523	0.891183	0.011065
Muller_E	3410593	0.13957	0.850689	0.00974075
Muller_E	3431230	0.151886	0.838756	0.00935784
Muller_E	3437416	0.155579	0.835178	0.00924369
Muller_E	3456916	0.167221	0.823893	0.00888577
Muller_E	3457694	0.167685	0.823443	0.00887155
Muller_E	3459001	0.168466	0.822687	0.00884767
Muller_E	3462300	0.170436	0.820777	0.00878746
Muller_E	3464519	0.171761	0.819492	0.00874701
Muller_E	3464673	0.171853	0.819403	0.0087442
Muller_E	3477602	0.179575	0.811916	0.0085093
Muller_E	3525631	0.208274	0.784078	0.00764836
Muller_E	3546828	0.220947	0.771778	0.00727439
Muller_E	3557059	0.227066	0.765839	0.00709523
Muller_E	3566467	0.232693	0.760376	0.00693127
Muller_E	3572057	0.236037	0.757129	0.0068342
Muller_E	3572168	0.236104	0.757064	0.00683227
Muller_E	3579272	0.240354	0.752937	0.00670931
Muller_E	3579502	0.240491	0.752803	0.00670533
Muller_E	3582419	0.242237	0.751108	0.00665497
Muller_E	3590131	0.246851	0.746626	0.00652219
Muller_E	3605233	0.25589	0.737846	0.00626365
Muller_E	3610748	0.259192	0.734639	0.00616974
Muller_E	3611776	0.259807	0.734041	0.00615226
Muller_E	3615071	0.26178	0.732124	0.00609631
Muller_E	3617701	0.263354	0.730594	0.00605172
Muller_E	3617818	0.263424	0.730526	0.00604973
Muller_E	3617948	0.263502	0.73045	0.00604753
Muller_E	3623404	0.266769	0.727276	0.00595523
Muller_E	3630035	0.27074	0.723417	0.00584342
Muller_E	3631532	0.271636	0.722545	0.00581823
Muller_E	3634067	0.273155	0.72107	0.00577562
Muller_E	3642157	0.278	0.71636	0.00564002
Muller_E	3643438	0.278768	0.715614	0.00561861
Muller_E	3645674	0.280107	0.714312	0.00558126
Muller_E	3652519	0.284208	0.710325	0.00546721
Muller_E	3655257	0.285848	0.70873	0.00542172
Muller_E	3657953	0.287463	0.70716	0.00537698
Muller_E	3660200	0.28881	0.70585	0.00533975
Muller_E	3665461	0.291962	0.702785	0.00525275
Muller_E	3670065	0.294722	0.700102	0.00517683
Muller_E	3757777	0.347335	0.648896	0.00376858
Muller_E	3766114	0.352341	0.644021	0.00363859
Muller_E	3770199	0.354794	0.641631	0.00357515
Muller_E	3771242	0.35542	0.641021	0.00355898
Muller_E	3775369	0.357899	0.638606	0.00349509
Muller_E	3781958	0.361857	0.63475	0.00339345
Muller_E	3788305	0.365669	0.631035	0.00329596
Muller_E	3788531	0.365805	0.630902	0.00329249
Muller_E	3788717	0.365917	0.630793	0.00328964
Muller_E	3791492	0.367584	0.629169	0.00324716
Muller_E	3791929	0.367847	0.628913	0.00324047
Muller_E	3794089	0.369145	0.627648	0.00320746
Muller_E	3798034	0.371515	0.625338	0.0031473
Muller_E	3805877	0.376228	0.620744	0.00302816
Muller_E	3808116	0.377574	0.619432	0.00299426
Muller_E	3837593	0.395296	0.602151	0.00255278
Muller_E	3889492	0.426528	0.571674	0.00179755
Muller_E	3892070	0.428081	0.570158	0.00176078
Muller_E	3892768	0.428501	0.569748	0.00175084
Muller_E	3893846	0.42915	0.569114	0.0017355
Muller_E	3895236	0.429987	0.568297	0.00171573
Muller_E	3896701	0.43087	0.567435	0.00169492
Muller_E	3964144	0.47152	0.527717	0.00076233
Muller_E	3964249	0.471584	0.527655	0.000760917
Muller_E	3964701	0.471856	0.527389	0.000754839
Muller_E	3965335	0.472239	0.527015	0.000746316
Muller_E	3965537	0.472361	0.526896	0.000743602
Muller_E	3971184	0.475768	0.523565	0.000667905
Muller_E	4005791	0.496657	0.503131	0.000211953
Muller_E	4007537	0.638059	0.36191	3.0215e-05
Muller_E	4008073	0.497892	0.50192	0.000187845
Muller_E	4008732	0.498115	0.501699	0.000186037
Muller_E	4009275	0.498298	0.501518	0.000184547
Muller_E	4009794	0.639912	0.36006	2.7951e-05
Muller_E	4010462	0.498597	0.50122	0.000183119
Muller_E	4011246	0.498742	0.501075	0.000183114
Muller_E	4011350	0.498761	0.501056	0.000183113
Muller_E	4011743	0.498834	0.500983	0.000183109
Muller_E	4012926	0.499053	0.500764	0.000183094
Muller_E	4015010	0.499439	0.500378	0.000183055
Muller_E	4015956	0.499614	0.500203	0.000183032
Muller_E	4016731	0.499758	0.500059	0.000183011
Muller_E	4017133	0.499832	0.499985	0.000182999
Muller_E	4017640	0.499926	0.499891	0.000182982
Muller_E	4021078	0.500563	0.499255	0.000182848
Muller_E	4021876	0.50071	0.499107	0.00018281
Muller_E	4022513	0.500828	0.498989	0.000182778
Muller_E	4022928	0.500905	0.498912	0.000182756
Muller_E	4024532	0.501202	0.498615	0.000182667
Muller_E	4024639	0.501222	0.498595	0.000182661
Muller_E	4025270	0.501339	0.498479	0.000182622
Muller_E	4027169	0.50169	0.498127	0.000182499
Muller_E	4027437	0.50174	0.498077	0.00018248
Muller_E	4027764	0.501801	0.498017	0.000182457
Muller_E	4029270	0.135483	0.863933	0.000583796
Muller_E	4032202	0.50567	0.494151	0.000179753
Muller_E	4032327	0.505823	0.493998	0.000179642
Muller_E	4033521	0.507285	0.492537	0.000178583
Muller_E	4033797	0.507623	0.492199	0.000178338
Muller_E	4036360	0.510761	0.489063	0.00017606
Muller_E	4037138	0.511714	0.488111	0.000175367
Muller_E	4037610	0.512292	0.487533	0.000174947
Muller_E	4040496	0.515826	0.484002	0.00017237
Muller_E	4040949	0.51638	0.483448	0.000171965
Muller_E	4045900	0.522443	0.477389	0.000167525
Muller_E	4046078	0.522661	0.477172	0.000167365
Muller_E	4046843	0.523598	0.476236	0.000166677
Muller_E	4047581	0.524501	0.475333	0.000166013
Muller_E	4048275	0.525351	0.474483	0.000165388
Muller_E	4048700	0.525872	0.473963	0.000165005
Muller_E	4053592	0.531862	0.467977	0.000160586
Muller_E	4056223	0.535084	0.464758	0.000158203
Muller_E	4056545	0.535478	0.464364	0.000157911
Muller_E	4056951	0.535975	0.463867	0.000157542
Muller_E	4057601	0.536771	0.463072	0.000156952
Muller_E	4057720	0.536917	0.462926	0.000156844
Muller_E	4058043	0.537313	0.462531	0.000156551
Muller_E	4058149	0.537442	0.462401	0.000156455
Muller_E	4058704	0.538122	0.461722	0.000155951
Muller_E	4059417	0.538995	0.460849	0.000155303
Muller_E	4059965	0.539666	0.460179	0.000154804
Muller_E	4061381	0.5414	0.458446	0.000153516
Muller_E	4061745	0.541846	0.458001	0.000153185
Muller_E	4062020	0.542183	0.457664	0.000152934
Muller_E	4062507	0.542779	0.457068	0.000152491
Muller_E	4062941	0.543311	0.456537	0.000152095
Muller_E	4064035	0.54465	0.455199	0.000151098
Muller_E	4064680	0.54544	0.454409	0.00015051
Muller_E	4064829	0.545623	0.454227	0.000150374
Muller_E	4065474	0.546413	0.453438	0.000149785
Muller_E	4065574	0.546535	0.453315	0.000149694
Muller_E	4066028	0.547091	0.45276	0.000149279
Muller_E	4067541	0.548944	0.450908	0.000147897
Muller_E	4067967	0.549465	0.450387	0.000147508
Muller_E	4068535	0.550161	0.449692	0.000146989
Muller_E	4069245	0.551031	0.448823	0.000146339
Muller_E	4070105	0.552084	0.447771	0.000145553
Muller_E	4071088	0.553288	0.446568	0.000144653
Muller_E	4071641	0.553965	0.445891	0.000144146
Muller_E	4072126	0.554559	0.445298	0.000143702
Muller_E	4072768	0.555345	0.444512	0.000143114
Muller_E	4072973	0.555596	0.444261	0.000142926
Muller_E	4073359	0.556069	0.443789	0.000142572
Muller_E	4075135	0.558244	0.441615	0.000140944
Muller_E	4075254	0.558389	0.44147	0.000140834
Muller_E	4076053	0.559368	0.440492	0.000140101
Muller_E	4077160	0.560723	0.439137	0.000139085
Muller_E	4078165	0.561954	0.437908	0.000138162
Muller_E	4078690	0.562597	0.437265	0.00013768
Muller_E	4078900	0.562854	0.437008	0.000137487
Muller_E	4079010	0.562989	0.436874	0.000137386
Muller_E	4079297	0.563341	0.436522	0.000137122
Muller_E	4081728	0.566318	0.433547	0.000134887
Muller_E	4082079	0.566748	0.433118	0.000134564
Muller_E	4083988	0.569085	0.430782	0.000132807
Muller_E	4085715	0.5712	0.428668	0.000131217
Muller_E	4089306	0.575598	0.424274	0.000127908
Muller_E	4089803	0.576207	0.423666	0.00012745
Muller_E	4092778	0.579851	0.420025	0.000124707
Muller_E	4092894	0.579993	0.419883	0.0001246
Muller_E	4098915	0.587367	0.412514	0.000119043
Muller_E	4109650	0.600515	0.399376	0.000109133
Muller_E	4113217	0.604883	0.395011	0.000105842
Muller_E	4113538	0.605277	0.394618	0.000105546
Muller_E	4114422	0.606359	0.393536	0.000104731
Muller_E	4114803	0.606826	0.39307	0.000104379
Muller_E	4115118	0.607212	0.392684	0.000104089
Muller_E	4116856	0.609341	0.390557	0.000102486
Muller_E	4117074	0.609608	0.39029	0.000102286
Muller_E	4117473	0.610096	0.389802	0.000101918
Muller_E	4118970	0.61193	0.38797	0.000100538
Muller_E	4121851	0.615459	0.384444	9.7885e-05
Muller_E	4122071	0.615728	0.384174	9.76824e-05
Muller_E	4122393	0.616122	0.38378	9.7386e-05
Muller_E	4122818	0.616643	0.38326	9.69949e-05
Muller_E	4124318	0.61848	0.381424	9.56147e-05
Muller_E	4124418	0.618603	0.381302	9.55227e-05
Muller_E	4126492	0.621143	0.378763	9.36157e-05
Muller_E	4127527	0.622411	0.377496	9.26646e-05
Muller_E	4127720	0.622647	0.37726	9.24873e-05
Muller_E	4128101	0.623114	0.376794	9.21373e-05
Muller_E	4128234	0.623277	0.376631	9.20151e-05
Muller_E	4130334	0.625849	0.374061	9.00871e-05
Muller_E	4132221	0.628161	0.371751	8.83562e-05
Muller_E	4134741	0.631247	0.368667	8.6047e-05
Muller_E	4134982	0.631543	0.368372	8.58263e-05
Muller_E	4136547	0.63346	0.366456	8.43939e-05
Muller_E	4140224	0.637964	0.361955	8.10333e-05
Muller_E	4140902	0.638794	0.361125	8.04145e-05
Muller_E	4141485	0.639508	0.360412	7.98825e-05
Muller_E	4143836	0.642388	0.357534	7.77395e-05
Muller_E	4144350	0.643018	0.356905	7.72714e-05
Muller_E	4144848	0.643628	0.356295	7.6818e-05
Muller_E	4150850	0.65098	0.348948	7.13664e-05
Muller_E	4151927	0.6523	0.34763	7.03908e-05
Muller_E	4154621	0.6556	0.344332	6.79541e-05
Muller_E	4159745	0.661877	0.338059	6.33351e-05
Muller_E	4159958	0.662138	0.337799	6.31436e-05
Muller_E	4160923	0.66332	0.336617	6.22763e-05
Muller_E	4161787	0.664379	0.33556	6.15005e-05
Muller_E	4162162	0.664838	0.335101	6.11639e-05
Muller_E	4163984	0.66707	0.33287	5.95306e-05
Muller_E	4164218	0.667357	0.332584	5.9321e-05
Muller_E	4164859	0.668142	0.331799	5.87472e-05
Muller_E	4165033	0.668356	0.331586	5.85915e-05
Muller_E	4165157	0.668507	0.331434	5.84806e-05
Muller_E	4165383	0.668784	0.331157	5.82785e-05
Muller_E	4165808	0.669305	0.330637	5.78984e-05
Muller_E	4165958	0.669489	0.330453	5.77644e-05
Muller_E	4166062	0.669616	0.330326	5.76714e-05
Muller_E	4166243	0.669838	0.330105	5.75097e-05
Muller_E	4166628	0.67031	0.329633	5.71657e-05
Muller_E	4168755	0.672915	0.327029	5.5268e-05
Muller_E	4172546	0.67756	0.322388	5.18968e-05
Muller_E	4172827	0.677904	0.322044	5.16475e-05
Muller_E	4173860	0.67917	0.320779	5.07317e-05
Muller_E	4176100	0.681914	0.318037	4.87498e-05
Muller_E	4176326	0.682191	0.31776	4.85502e-05
Muller_E	4176826	0.682804	0.317148	4.81086e-05
Muller_E	4177022	0.683044	0.316908	4.79356e-05
Muller_E	4178339	0.684657	0.315296	4.67742e-05
Muller_E	4178608	0.684987	0.314967	4.65373e-05
Muller_E	4179326	0.685867	0.314087	4.59051e-05
Muller_E	4180712	0.687565	0.312391	4.46865e-05
Muller_E	4180966	0.687876	0.31208	4.44635e-05
Muller_E	4184926	0.692728	0.307231	4.09953e-05
Muller_E	4185178	0.693037	0.306923	4.07753e-05
Muller_E	4185319	0.693209	0.30675	4.06522e-05
Muller_E	4185532	0.69347	0.306489	4.04663e-05
Muller_E	4187632	0.696043	0.303918	3.86363e-05
Muller_E	4188227	0.696772	0.303189	3.81189e-05
Muller_E	4188670	0.697315	0.302647	3.77339e-05
Muller_E	4192621	0.702156	0.297809	3.43115e-05
Muller_E	4193546	0.70329	0.296677	3.35132e-05
Muller_E	4194407	0.704345	0.295623	3.27712e-05
Muller_E	4195783	0.706031	0.293938	3.15875e-05
Muller_E	4196010	0.706309	0.29366	3.13924e-05
Muller_E	4197440	0.708061	0.291909	3.01654e-05
Muller_E	4198223	0.70902	0.29095	2.94948e-05
Muller_E	4199021	0.709998	0.289973	2.88122e-05
Muller_E	4199203	0.710221	0.28975	2.86567e-05
Muller_E	4199424	0.710492	0.289479	2.84679e-05
Muller_E	4199639	0.710755	0.289216	2.82842e-05
Muller_E	4199983	0.711177	0.288795	2.79906e-05
Muller_E	4203293	0.715233	0.284742	2.51738e-05
Muller_E	4205814	0.718322	0.281655	2.30393e-05
Muller_E	4206134	0.718714	0.281263	2.2769e-05
Muller_E	4207588	0.720496	0.279483	2.15431e-05
Muller_E	4210680	0.830684	0.169315	1.54173e-06
Muller_E	4210928	0.724447	0.275534	1.89646e-05
Muller_E	4211312	0.724699	0.275282	1.89916e-05
Muller_E	4211755	0.724989	0.274992	1.90223e-05
Muller_E	4213444	0.726096	0.273885	1.91361e-05
Muller_E	4216650	0.728197	0.271784	1.93368e-05
Muller_E	4217058	0.728465	0.271516	1.9361e-05
Muller_E	4217453	0.728723	0.271257	1.9384e-05
Muller_E	4217565	0.728797	0.271184	1.93905e-05
Muller_E	4217669	0.728865	0.271116	1.93965e-05
Muller_E	4217825	0.728967	0.271013	1.94055e-05
Muller_E	4218923	0.729687	0.270294	1.94672e-05
Muller_E	4225215	0.73381	0.26617	1.97775e-05
Muller_E	4232774	0.738764	0.261216	2.00538e-05
Muller_E	4235298	0.740418	0.259562	2.01232e-05
Muller_E	4245993	0.747428	0.252552	2.02941e-05
Muller_E	4252835	0.751913	0.248067	2.03021e-05
Muller_E	4253725	0.752496	0.247484	2.02975e-05
Muller_E	4256197	0.754117	0.245863	2.0278e-05
Muller_E	4261234	0.757418	0.242561	2.02082e-05
Muller_E	4262892	0.758505	0.241475	2.01765e-05
Muller_E	4263238	0.758732	0.241248	2.01694e-05
Muller_E	4263588	0.758961	0.241018	2.0162e-05
Muller_E	4264621	0.759639	0.240341	2.0139e-05
Muller_E	4266950	0.761165	0.238815	2.00812e-05
Muller_E	4267529	0.761545	0.238435	2.00655e-05
Muller_E	4276223	0.767244	0.232736	1.97707e-05
Muller_E	4311688	0.790498	0.209485	1.74977e-05
Muller_E	4311965	0.79068	0.209303	1.74738e-05
Muller_E	4312254	0.790869	0.209113	1.74487e-05
Muller_E	4312510	0.791037	0.208946	1.74264e-05
Muller_E	4334492	0.805453	0.194531	1.52461e-05
Muller_E	4352032	0.816958	0.183028	1.31647e-05
Muller_E	4353438	0.817881	0.182106	1.29861e-05
Muller_E	4356857	0.820124	0.179864	1.25453e-05
Muller_E	4360054	0.822221	0.177767	1.21246e-05
Muller_E	4374783	0.892319	0.107679	2.10289e-06
Muller_E	4374946	0.831948	0.168042	1.00982e-05
Muller_E	4381350	0.834451	0.165538	1.04403e-05
Muller_E	4558836	0.903929	0.0960663	4.8994e-06
Muller_E	4562012	0.905174	0.0948214	4.6212e-06
Muller_E	4564083	0.905986	0.0940096	4.43798e-06
Muller_E	4564194	0.906029	0.0939661	4.42812e-06
Muller_E	4568491	0.94565	0.0543492	5.50335e-07
Muller_E	4569115	0.907852	0.092144	4.06723e-06
Muller_E	4569749	0.907992	0.0920041	4.09111e-06
Muller_E	4570340	0.908122	0.0918737	4.11312e-06
Muller_E	4571890	0.908464	0.0915317	4.16973e-06
Muller_E	4572624	0.908626	0.0913697	4.19596e-06
Muller_E	4573491	0.908817	0.0911784	4.22648e-06
Muller_E	4573809	0.908888	0.0911082	4.23754e-06
Muller_E	4577361	0.909671	0.0903242	4.35654e-06
Muller_E	4577462	0.909694	0.0903019	4.3598e-06
Muller_E	4578308	0.90988	0.0901152	4.38685e-06
Muller_E	4580664	0.9104	0.0895952	4.45967e-06
Muller_E	4580954	0.910464	0.0895312	4.46838e-06
Muller_E	4581769	0.910644	0.0893513	4.49257e-06
Muller_E	4581909	0.910675	0.0893204	4.49668e-06
Muller_E	4583019	0.91092	0.0890753	4.52883e-06
Muller_E	4583393	0.911003	0.0889928	4.53948e-06
Muller_E	4583516	0.91103	0.0889656	4.54296e-06
Muller_E	4584473	0.911241	0.0887544	4.56973e-06
Muller_E	4589180	0.91228	0.0877152	4.69282e-06
Muller_E	4590247	0.912516	0.0874796	4.71876e-06
Muller_E	4591539	0.912801	0.0871943	4.74922e-06
Muller_E	4593253	0.913179	0.0868159	4.78801e-06
Muller_E	4593508	0.913236	0.0867596	4.79362e-06
Muller_E	4593974	0.913339	0.0866567	4.80378e-06
Muller_E	4595111	0.91359	0.0864056	4.82799e-06
Muller_E	4595303	0.913632	0.0863632	4.832e-06
Muller_E	4597548	0.914128	0.0858674	4.87721e-06
Muller_E	4597833	0.914191	0.0858045	4.88273e-06
Muller_E	4600306	0.914737	0.0852583	4.92855e-06
Muller_E	4607273	0.916275	0.0837195	5.03794e-06
Muller_E	4607398	0.916303	0.0836919	5.03964e-06
Muller_E	4610441	0.916975	0.0830197	5.07825e-06
Muller_E	4611041	0.917108	0.0828871	5.08523e-06
Muller_E	4611562	0.917223	0.082772	5.09112e-06
Muller_E	4611697	0.917253	0.0827422	5.09262e-06
Muller_E	4612447	0.917418	0.0825765	5.10078e-06
Muller_E	4612733	0.917482	0.0825133	5.1038e-06
Muller_E	4612927	0.917524	0.0824704	5.10583e-06
Muller_E	4613148	0.917573	0.0824216	5.10811e-06
Muller_E	4614502	0.917872	0.0821225	5.12148e-06
Muller_E	4615888	0.918179	0.0818162	5.1341e-06
Muller_E	4616173	0.918242	0.0817533	5.13656e-06
Muller_E	4616508	0.918316	0.0816792	5.13939e-06
Muller_E	4616663	0.91835	0.081645	5.14068e-06
Muller_E	4618190	0.918687	0.0813076	5.15267e-06
Muller_E	4619781	0.919039	0.080956	5.16379e-06
Muller_E	4622166	0.919566	0.080429	5.17785e-06
Muller_E	4626314	0.920483	0.0795122	5.19495e-06
Muller_E	4626864	0.920604	0.0793907	5.19653e-06
Muller_E	4627368	0.920716	0.0792793	5.19783e-06
Muller_E	4627488	0.920742	0.0792527	5.19812e-06
Muller_E	4633961	0.922173	0.0778219	5.20258e-06
Muller_E	4635834	0.922587	0.0774078	5.19984e-06
Muller_E	4636452	0.922724	0.0772712	5.19854e-06
Muller_E	4637295	0.92291	0.0770848	5.19646e-06
Muller_E	4640891	0.923705	0.0762898	5.18359e-06
Muller_E	4645727	0.924774	0.0752204	5.15623e-06
Muller_E	4646376	0.924918	0.0750769	5.15169e-06
Muller_E	4646798	0.925011	0.0749835	5.14864e-06
Muller_E	4653320	0.926454	0.073541	5.0907e-06
Muller_E	4656520	0.927162	0.0728332	5.05506e-06
Muller_E	4672665	0.930734	0.0692608	4.80652e-06
Muller_E	4674140	0.931061	0.0689344	4.77834e-06
Muller_E	4675745	0.931416	0.0685791	4.74667e-06
Muller_E	4676485	0.93158	0.0684153	4.73172e-06
Muller_E	4677110	0.931718	0.068277	4.71892e-06
Muller_E	4677655	0.931839	0.0681563	4.70764e-06
Muller_E	4678986	0.932134	0.0678617	4.67959e-06
Muller_E	4680223	0.932407	0.0675879	4.6529e-06
Muller_E	4682403	0.93289	0.0671053	4.60442e-06
Muller_E	4682621	0.932938	0.067057	4.59947e-06
Muller_E	4684270	0.933304	0.0666919	4.56145e-06
Muller_E	4685491	0.933574	0.0664216	4.53264e-06
Muller_E	4686019	0.933691	0.0663047	4.52001e-06
Muller_E	4687101	0.93393	0.0660651	4.4938e-06
Muller_E	4689628	0.93449	0.0655055	4.43091e-06
Muller_E	4690052	0.934584	0.0654117	4.42013e-06
Muller_E	4690344	0.934649	0.065347	4.41266e-06
Muller_E	4690905	0.934773	0.0652228	4.39824e-06
Muller_E	4691125	0.934822	0.065174	4.39255e-06
Muller_E	4691712	0.934952	0.0650441	4.37729e-06
Muller_E	4691999	0.935015	0.0649805	4.36979e-06
Muller_E	4692111	0.93504	0.0649557	4.36685e-06
Muller_E	4693234	0.935289	0.064707	4.33716e-06
Muller_E	4693620	0.935374	0.0646215	4.32685e-06
Muller_E	4693753	0.935404	0.0645921	4.32328e-06
Muller_E	4694021	0.935463	0.0645327	4.31608e-06
Muller_E	4694592	0.935589	0.0644062	4.30066e-06
Muller_E	4696429	0.935996	0.0639994	4.25026e-06
Muller_E	4696792	0.936077	0.063919	4.24016e-06
Muller_E	4699402	0.936655	0.0633409	4.16623e-06
Muller_E	4700957	0.936999	0.0629964	4.12109e-06
Muller_E	4702606	0.937365	0.0626312	4.07235e-06
Muller_E	4708142	0.938591	0.0614047	3.90225e-06
Muller_E	4712097	0.939468	0.0605283	3.77483e-06
Muller_E	4713898	0.939867	0.0601292	3.71523e-06
Muller_E	4714194	0.939933	0.0600636	3.70534e-06
Muller_E	4717094	0.940575	0.0594209	3.6071e-06
Muller_E	4717794	0.940731	0.0592658	3.58302e-06
Muller_E	4720564	0.941345	0.0586518	3.48636e-06
Muller_E	4722390	0.941749	0.0582471	3.42146e-06
Muller_E	4727534	0.94289	0.0571068	3.23378e-06
Muller_E	4730688	0.943589	0.0564075	3.11527e-06
Muller_E	4731377	0.943742	0.0562547	3.08904e-06
Muller_E	4732944	0.94409	0.0559072	3.02895e-06
Muller_E	4738342	0.945287	0.0547102	2.81739e-06
Muller_E	4739398	0.945521	0.054476	2.7752e-06
Muller_E	4742492	0.946208	0.0537897	2.65013e-06
Muller_E	4745718	0.946923	0.0530741	2.51748e-06
Muller_E	4746457	0.947087	0.0529102	2.48678e-06
Muller_E	4748015	0.947433	0.0525646	2.42168e-06
Muller_E	4748352	0.947508	0.0524898	2.40753e-06
Muller_E	4748630	0.947569	0.0524281	2.39585e-06
Muller_E	4751071	0.948111	0.0518866	2.29255e-06
Muller_E	4751685	0.948247	0.0517503	2.26638e-06
Muller_E	4751817	0.948277	0.051721	2.26074e-06
Muller_E	4752607	0.948452	0.0515458	2.22694e-06
Muller_E	4752773	0.948489	0.0515089	2.21983e-06
Muller_E	4753826	0.948723	0.0512753	2.17455e-06
Muller_E	4754671	0.94891	0.0510878	2.13807e-06
Muller_E	4756619	0.949342	0.0506555	2.05346e-06
Muller_E	4759191	0.949913	0.0500847	1.94069e-06
Muller_E	4761262	0.950373	0.0496251	1.84903e-06
Muller_E	4761866	0.950507	0.049491	1.82216e-06
Muller_E	4761985	0.950534	0.0494646	1.81686e-06
Muller_E	4763545	0.95088	0.0491184	1.74716e-06
Muller_E	4764509	0.951094	0.0489044	1.70388e-06
Muller_E	4765595	0.951335	0.0486633	1.65495e-06
Muller_E	4766291	0.95149	0.0485088	1.62349e-06
Muller_E	4766501	0.951536	0.0484622	1.61398e-06
Muller_E	4767354	0.951726	0.0482729	1.5753e-06
Muller_E	4769627	0.95223	0.0477683	1.47167e-06
Muller_E	4769950	0.952302	0.0476965	1.45688e-06
Muller_E	4772288	0.952821	0.0471775	1.34939e-06
Muller_E	4773763	0.953149	0.04685	1.28118e-06
Muller_E	4773963	0.953193	0.0468056	1.27191e-06
Muller_E	4774375	0.953285	0.0467141	1.25279e-06
Muller_E	4774957	0.953414	0.0465849	1.22575e-06
Muller_E	4775479	0.95353	0.0464689	1.20145e-06
Muller_E	4776619	0.953783	0.0462158	1.14827e-06
Muller_E	4779373	0.954395	0.0456042	1.01912e-06
Muller_E	4781913	0.954959	0.0450401	8.9918e-07
Muller_E	4782620	0.955116	0.0448831	8.65663e-07
Muller_E	4783326	0.955273	0.0447263	8.32138e-07
Muller_E	4786044	0.955877	0.0441225	7.02565e-07
Muller_E	4786690	0.95602	0.0439791	6.71655e-07
Muller_E	4789453	0.956634	0.0433653	5.38981e-07
Muller_E	4790377	0.976276	0.0237236	3.90708e-08
Muller_E	4792360	0.957075	0.0429245	5.03417e-07
Muller_E	4792549	0.957097	0.0429021	5.04204e-07
Muller_E	4792702	0.957116	0.0428839	5.04833e-07
Muller_E	4822723	0.960684	0.0393159	4.87191e-07
Muller_E	4832155	0.961806	0.0381936	4.27248e-07
Muller_E	4834924	0.962136	0.037864	4.05055e-07
Muller_E	4838041	0.979786	0.0202144	2.2792e-08
Muller_E	4839031	0.962568	0.037432	4.13677e-07
Muller_E	4840034	0.962629	0.0373704	4.49884e-07
Muller_E	4843722	0.962856	0.0371436	5.8045e-07
Muller_E	4844215	0.962886	0.0371133	5.97599e-07
Muller_E	4846930	0.963053	0.0369463	6.90764e-07
Muller_E	4847984	0.963118	0.0368814	7.2635e-07
Muller_E	4849699	0.963223	0.0367759	7.83563e-07
Muller_E	4849916	0.963237	0.0367626	7.90742e-07
