chrom	position	2,0	1,1	0,2
Muller_E	62882	0.908535	0.0858224	0.00564298
Muller_E	267432	0.915535	0.080286	0.00417932
Muller_E	441230	0.921827	0.0751351	0.00303781
Muller_E	511157	0.924449	0.0729457	0.00260537
Muller_E	557879	0.92623	0.0714452	0.00232511
Muller_E	581000	0.92712	0.0706914	0.002189
Muller_E	709108	0.932154	0.0663799	0.00146605
Muller_E	768129	0.934533	0.0643161	0.0011509
Muller_E	785241	0.93523	0.0637085	0.00106166
Muller_E	787322	0.935315	0.0636344	0.00105087
Muller_E	787424	0.935319	0.0636307	0.00105035
Muller_E	788173	0.93535	0.063604	0.00104647
Muller_E	788750	0.935373	0.0635834	0.00104348
Muller_E	788860	0.935378	0.0635795	0.00104291
Muller_E	791823	0.935499	0.0634737	0.00102759
Muller_E	802257	0.935926	0.0631003	0.000973875
Muller_E	893794	0.939724	0.0597578	0.000518037
Muller_E	894300	0.939745	0.059739	0.000515594
Muller_E	896281	0.939829	0.0596653	0.000506039
Muller_E	897287	0.966206	0.0337424	5.19963e-05
Muller_E	897987	0.939883	0.0596165	0.000500667
Muller_E	901015	0.939934	0.0595672	0.000498391
Muller_E	901718	0.939946	0.0595558	0.000497863
Muller_E	923408	0.940318	0.0592007	0.000481544
Muller_E	923675	0.940322	0.0591963	0.000481343
Muller_E	924320	0.940333	0.0591857	0.000480857
Muller_E	927795	0.940393	0.0591285	0.000478239
Muller_E	948021	0.940743	0.0587936	0.000462986
Muller_E	948230	0.940747	0.0587901	0.000462828
Muller_E	958531	0.940927	0.0586183	0.00045505
Muller_E	967701	0.941087	0.0584648	0.000448119
Muller_E	969142	0.941112	0.0584406	0.00044703
Muller_E	1033237	0.942253	0.0573488	0.00039845
Muller_E	1120573	0.943857	0.0558113	0.000331949
Muller_E	1123171	0.943905	0.0557647	0.000329967
Muller_E	1146845	0.944351	0.0553375	0.000311895
Muller_E	1148492	0.944382	0.0553077	0.000310637
Muller_E	1168315	0.944758	0.0549465	0.000295493
Muller_E	1213395	0.945625	0.0541139	0.000261028
Muller_E	1262309	0.946583	0.0531929	0.00022361
Muller_E	1275111	0.946837	0.0529489	0.000213816
Muller_E	1275707	0.946849	0.0529375	0.00021336
Muller_E	1314313	0.970783	0.0292001	1.73672e-05
Muller_E	1318297	0.947629	0.0521865	0.000184411
Muller_E	1358440	0.947702	0.0521075	0.000189974
Muller_E	1358616	0.947703	0.0521072	0.000189997
Muller_E	1378824	0.947744	0.0520631	0.000192608
Muller_E	1480336	0.947998	0.0517981	0.000203827
Muller_E	1489232	0.948024	0.0517714	0.00020466
Muller_E	1645912	0.948575	0.0512095	0.000215417
Muller_E	1673398	0.94869	0.051093	0.000216547
Muller_E	1718642	0.948893	0.0508896	0.000217921
Muller_E	1746815	0.949026	0.0507555	0.000218472
Muller_E	1763447	0.949108	0.0506738	0.00021869
Muller_E	1765039	0.949115	0.0506659	0.000218706
Muller_E	1765159	0.949116	0.0506653	0.000218707
Muller_E	1765369	0.949117	0.0506642	0.000218709
Muller_E	1771226	0.949146	0.0506349	0.000218763
Muller_E	1799036	0.949289	0.0504922	0.000218884
Muller_E	1802542	0.949307	0.0504739	0.000218884
Muller_E	1802678	0.949308	0.0504732	0.000218884
Muller_E	1803039	0.94931	0.0504713	0.000218883
Muller_E	1803347	0.949311	0.0504696	0.000218883
Muller_E	1805518	0.949323	0.0504582	0.00021888
Muller_E	1812938	0.949362	0.0504189	0.000218861
Muller_E	1813040	0.949363	0.0504183	0.000218861
Muller_E	1815234	0.949375	0.0504066	0.000218852
Muller_E	1815907	0.949378	0.050403	0.000218849
Muller_E	1816383	0.949381	0.0504005	0.000218847
Muller_E	1831501	0.949462	0.0503188	0.000218743
Muller_E	1850978	0.94957	0.0502111	0.000218514
Muller_E	1851905	0.949576	0.0502059	0.0002185
Muller_E	1852166	0.949577	0.0502045	0.000218496
Muller_E	1857635	0.949608	0.0501737	0.000218411
Muller_E	1861157	0.949628	0.0501538	0.000218351
Muller_E	1861336	0.949629	0.0501527	0.000218348
Muller_E	1861880	0.949632	0.0501497	0.000218338
Muller_E	1866595	0.949659	0.0501228	0.000218252
Muller_E	1870209	0.94968	0.0501022	0.000218181
Muller_E	1871973	0.94969	0.050092	0.000218145
Muller_E	1880064	0.949737	0.0500453	0.00021797
Muller_E	1889333	0.949791	0.0499912	0.000217746
Muller_E	1891195	0.949802	0.0499802	0.000217699
Muller_E	1894320	0.949821	0.0499618	0.000217616
Muller_E	1900363	0.949857	0.049926	0.000217449
Muller_E	1904375	0.949881	0.0499021	0.000217332
Muller_E	1915469	0.949948	0.0498353	0.000216985
Muller_E	1927060	0.950019	0.0497646	0.000216586
Muller_E	1932459	0.950052	0.0497314	0.000216388
Muller_E	1944351	0.950127	0.0496574	0.000215921
Muller_E	1946702	0.950141	0.0496427	0.000215824
Muller_E	1961660	0.950237	0.049548	0.000215172
Muller_E	1975567	0.950327	0.0494584	0.00021451
Muller_E	2011856	0.950569	0.0492184	0.000212533
Muller_E	2013122	0.950578	0.0492098	0.000212457
Muller_E	2044597	0.950796	0.0489937	0.00021044
Muller_E	2048236	0.950822	0.0489683	0.000210189
Muller_E	2048434	0.950823	0.0489669	0.000210175
Muller_E	2086567	0.951098	0.0486945	0.000207333
Muller_E	2103366	0.951223	0.0485712	0.000205958
Muller_E	2117584	0.95133	0.0484652	0.000204736
Muller_E	2126123	0.951395	0.0484009	0.000203976
Muller_E	2135792	0.951469	0.0483275	0.000203092
Muller_E	2140907	0.951509	0.0482883	0.000202615
Muller_E	2141169	0.951511	0.0482863	0.00020259
Muller_E	2142715	0.951523	0.0482744	0.000202444
Muller_E	2145389	0.951544	0.0482539	0.000202191
Muller_E	2146953	0.951556	0.0482418	0.000202042
Muller_E	2147057	0.951557	0.048241	0.000202032
Muller_E	2201852	0.951996	0.0478075	0.000196404
Muller_E	2204792	0.95202	0.0477837	0.00019608
Muller_E	2219543	0.952143	0.047663	0.000194422
Muller_E	2220290	0.952149	0.0476568	0.000194337
Muller_E	2241628	0.952329	0.0474794	0.000191836
Muller_E	2243471	0.952345	0.0474639	0.000191615
Muller_E	2531559	0.955112	0.0447415	0.000146925
Muller_E	2693610	0.956942	0.0429445	0.000113619
Muller_E	2696554	0.956977	0.0429101	0.000112964
Muller_E	2706179	0.957092	0.0427971	0.000110812
Muller_E	2713009	0.957174	0.0427165	0.000109273
Muller_E	2716202	0.957213	0.0426787	0.00010855
Muller_E	2721440	0.957276	0.0426166	0.000107361
Muller_E	2735475	0.957447	0.042449	0.000104148
Muller_E	2763120	0.957788	0.0421147	9.77092e-05
Muller_E	2777976	0.957973	0.0419327	9.41897e-05
Muller_E	2779619	0.957994	0.0419124	9.37979e-05
Muller_E	2787347	0.958091	0.041817	9.19485e-05
Muller_E	2788916	0.958111	0.0417976	9.15717e-05
Muller_E	2795398	0.958193	0.0417172	9.00101e-05
Muller_E	2798296	0.95823	0.0416811	8.93095e-05
Muller_E	2799305	0.958242	0.0416685	8.90652e-05
Muller_E	2800245	0.958254	0.0416568	8.88374e-05
Muller_E	2800507	0.958258	0.0416536	8.87739e-05
Muller_E	2800780	0.958261	0.0416502	8.87077e-05
Muller_E	2800932	0.958263	0.0416483	8.86708e-05
Muller_E	2801158	0.958266	0.0416454	8.8616e-05
Muller_E	2805736	0.958324	0.0415882	8.75037e-05
Muller_E	2807233	0.958343	0.0415695	8.71392e-05
Muller_E	2807795	0.958351	0.0415625	8.70022e-05
Muller_E	2808363	0.958358	0.0415554	8.68637e-05
Muller_E	2809031	0.958366	0.041547	8.67008e-05
Muller_E	2809272	0.958369	0.041544	8.6642e-05
Muller_E	2809909	0.958378	0.041536	8.64865e-05
Muller_E	2811470	0.958398	0.0415164	8.61052e-05
Muller_E	2811776	0.958401	0.0415125	8.60304e-05
Muller_E	2812117	0.958406	0.0415083	8.5947e-05
Muller_E	2815676	0.958451	0.0414635	8.50755e-05
Muller_E	2816259	0.958459	0.0414562	8.49326e-05
Muller_E	2817070	0.958469	0.041446	8.47336e-05
Muller_E	2817616	0.958476	0.0414391	8.45996e-05
Muller_E	2819402	0.958499	0.0414166	8.41608e-05
Muller_E	2820166	0.958509	0.041407	8.39729e-05
Muller_E	2820386	0.958512	0.0414042	8.39188e-05
Muller_E	2820775	0.958517	0.0413993	8.3823e-05
Muller_E	2821135	0.958522	0.0413947	8.37344e-05
Muller_E	2821440	0.958525	0.0413909	8.36593e-05
Muller_E	2826939	0.958596	0.0413213	8.23027e-05
Muller_E	2831172	0.958651	0.0412676	8.12548e-05
Muller_E	2831515	0.958656	0.0412633	8.11697e-05
Muller_E	2832336	0.958666	0.0412529	8.0966e-05
Muller_E	2833070	0.958676	0.0412435	8.07838e-05
Muller_E	2850717	0.958906	0.041018	7.63749e-05
Muller_E	2853215	0.958938	0.0409859	7.57464e-05
Muller_E	2856496	0.958981	0.0409437	7.49193e-05
Muller_E	2856945	0.958987	0.0409379	7.48059e-05
Muller_E	2857481	0.958994	0.040931	7.46706e-05
Muller_E	2858163	0.959003	0.0409222	7.44983e-05
Muller_E	2859754	0.959024	0.0409017	7.40961e-05
Muller_E	2859987	0.959027	0.0408987	7.40371e-05
Muller_E	2862604	0.959062	0.0408648	7.33744e-05
Muller_E	2866488	0.959113	0.0408146	7.23888e-05
Muller_E	2867267	0.959123	0.0408045	7.21907e-05
Muller_E	2868557	0.95914	0.0407877	7.18626e-05
Muller_E	2870085	0.959161	0.0407679	7.14736e-05
Muller_E	2870623	0.959168	0.0407609	7.13365e-05
Muller_E	2876155	0.959241	0.0406889	6.99242e-05
Muller_E	2877151	0.959254	0.0406759	6.96693e-05
Muller_E	2886067	0.959373	0.0405594	6.73806e-05
Muller_E	2886534	0.959379	0.0405533	6.72604e-05
Muller_E	2887599	0.959394	0.0405393	6.6986e-05
Muller_E	2887882	0.959397	0.0405356	6.69131e-05
Muller_E	2888492	0.959406	0.0405276	6.67558e-05
Muller_E	2888607	0.959407	0.0405261	6.67261e-05
Muller_E	2890000	0.959426	0.0405078	6.63667e-05
Muller_E	2890387	0.959431	0.0405027	6.62668e-05
Muller_E	2890907	0.959438	0.0404959	6.61326e-05
Muller_E	2894764	0.95949	0.0404451	6.51351e-05
Muller_E	2899098	0.959548	0.040388	6.40114e-05
Muller_E	2901481	0.95958	0.0403565	6.33922e-05
Muller_E	2901643	0.959582	0.0403543	6.33501e-05
Muller_E	2902627	0.959596	0.0403413	6.30941e-05
Muller_E	2903432	0.959606	0.0403307	6.28846e-05
Muller_E	2904998	0.959628	0.0403099	6.24766e-05
Muller_E	2905994	0.959641	0.0402968	6.2217e-05
Muller_E	2907134	0.959656	0.0402816	6.19196e-05
Muller_E	2908511	0.959675	0.0402634	6.156e-05
Muller_E	2909452	0.959688	0.0402509	6.13142e-05
Muller_E	2910160	0.959697	0.0402415	6.11291e-05
Muller_E	2911022	0.959709	0.04023	6.09036e-05
Muller_E	2911252	0.959712	0.040227	6.08434e-05
Muller_E	2911992	0.959722	0.0402171	6.06498e-05
Muller_E	2914672	0.959759	0.0401815	5.99476e-05
Muller_E	2915489	0.95977	0.0401706	5.97333e-05
Muller_E	2918585	0.959812	0.0401293	5.89203e-05
Muller_E	2919015	0.959818	0.0401235	5.88072e-05
Muller_E	2919728	0.959827	0.040114	5.86197e-05
Muller_E	2919971	0.959831	0.0401108	5.85558e-05
Muller_E	2921506	0.978354	0.0216429	3.51419e-06
Muller_E	2922564	0.959849	0.040093	5.84188e-05
Muller_E	2922707	0.959848	0.0400934	5.84548e-05
Muller_E	2924226	0.959844	0.0400973	5.88378e-05
Muller_E	2925108	0.959841	0.0400995	5.90599e-05
Muller_E	2925552	0.95984	0.0401007	5.91717e-05
Muller_E	2928855	0.959831	0.0401091	6.00017e-05
Muller_E	2930674	0.959826	0.0401137	6.04578e-05
Muller_E	2931258	0.959824	0.0401151	6.06041e-05
Muller_E	2931592	0.959823	0.040116	6.06877e-05
Muller_E	2931798	0.959823	0.0401165	6.07393e-05
Muller_E	2932326	0.959821	0.0401178	6.08714e-05
Muller_E	2945623	0.959785	0.0401505	6.41791e-05
Muller_E	2945753	0.959785	0.0401509	6.42112e-05
Muller_E	2945878	0.959785	0.0401512	6.42421e-05
Muller_E	2946001	0.959784	0.0401515	6.42725e-05
Muller_E	2955783	0.959759	0.0401747	6.66806e-05
Muller_E	2957997	0.959753	0.0401798	6.72228e-05
Muller_E	2959282	0.95975	0.0401828	6.7537e-05
Muller_E	2959697	0.959749	0.0401837	6.76384e-05
Muller_E	2959819	0.959748	0.040184	6.76682e-05
Muller_E	2960759	0.959746	0.0401862	6.78977e-05
Muller_E	2961667	0.959744	0.0401883	6.81192e-05
Muller_E	2961801	0.959743	0.0401886	6.81519e-05
Muller_E	2963254	0.95974	0.0401919	6.85059e-05
Muller_E	2963568	0.959739	0.0401926	6.85824e-05
Muller_E	2975263	0.95971	0.0402188	7.14145e-05
Muller_E	2976725	0.959706	0.040222	7.17665e-05
Muller_E	2977784	0.959704	0.0402243	7.20211e-05
Muller_E	2982473	0.959692	0.0402344	7.31458e-05
Muller_E	2984283	0.959688	0.0402383	7.35786e-05
Muller_E	2985483	0.959685	0.0402408	7.38652e-05
Muller_E	2985658	0.959685	0.0402412	7.3907e-05
Muller_E	2985908	0.959684	0.0402417	7.39666e-05
Muller_E	2987685	0.95968	0.0402455	7.43902e-05
Muller_E	2992894	0.959668	0.0402563	7.56281e-05
Muller_E	2993313	0.959667	0.0402572	7.57274e-05
Muller_E	2993798	0.959666	0.0402582	7.58423e-05
Muller_E	2994137	0.959665	0.0402589	7.59226e-05
Muller_E	2994487	0.959664	0.0402596	7.60055e-05
Muller_E	2994615	0.959664	0.0402598	7.60358e-05
Muller_E	2995123	0.959663	0.0402609	7.6156e-05
Muller_E	2995701	0.959662	0.0402621	7.62927e-05
Muller_E	2996048	0.959661	0.0402628	7.63748e-05
Muller_E	2996738	0.959659	0.0402642	7.65378e-05
Muller_E	2996880	0.959659	0.0402645	7.65714e-05
Muller_E	2997113	0.959658	0.0402649	7.66264e-05
Muller_E	2999116	0.959654	0.040269	7.7099e-05
Muller_E	2999459	0.959653	0.0402697	7.71798e-05
Muller_E	3001420	0.959649	0.0402736	7.76415e-05
Muller_E	3001578	0.959648	0.040274	7.76787e-05
Muller_E	3001696	0.959648	0.0402742	7.77064e-05
Muller_E	3002579	0.959646	0.0402759	7.7914e-05
Muller_E	3003095	0.959645	0.040277	7.80352e-05
Muller_E	3003540	0.959644	0.0402779	7.81397e-05
Muller_E	3004120	0.959643	0.040279	7.82758e-05
Muller_E	3005221	0.95964	0.0402812	7.8534e-05
Muller_E	3007967	0.959634	0.0402866	7.91768e-05
Muller_E	3012773	0.959624	0.0402959	8.02979e-05
Muller_E	3013331	0.959623	0.040297	8.04278e-05
Muller_E	3013618	0.959622	0.0402975	8.04945e-05
Muller_E	3014080	0.959621	0.0402984	8.06019e-05
Muller_E	3014783	0.95962	0.0402997	8.07653e-05
Muller_E	3016296	0.959616	0.0403026	8.11166e-05
Muller_E	3017214	0.959614	0.0403043	8.13294e-05
Muller_E	3018320	0.959612	0.0403064	8.15856e-05
Muller_E	3018982	0.959611	0.0403077	8.17389e-05
Muller_E	3019303	0.95961	0.0403083	8.18131e-05
Muller_E	3019831	0.959609	0.0403092	8.19352e-05
Muller_E	3021834	0.959605	0.040313	8.23979e-05
Muller_E	3021944	0.959604	0.0403132	8.24233e-05
Muller_E	3023127	0.959602	0.0403154	8.26961e-05
Muller_E	3024474	0.959599	0.0403178	8.30064e-05
Muller_E	3024813	0.959598	0.0403184	8.30844e-05
Muller_E	3029421	0.959589	0.0403268	8.41426e-05
Muller_E	3029834	0.959588	0.0403275	8.42372e-05
Muller_E	3030101	0.959588	0.040328	8.42983e-05
Muller_E	3033200	0.959581	0.0403335	8.50068e-05
Muller_E	3033901	0.95958	0.0403348	8.51668e-05
Muller_E	3034073	0.95958	0.0403351	8.52061e-05
Muller_E	3036032	0.959576	0.0403385	8.56525e-05
Muller_E	3038305	0.959571	0.0403425	8.61695e-05
Muller_E	3041816	0.959565	0.0403485	8.69658e-05
Muller_E	3044683	0.959559	0.0403534	8.7614e-05
Muller_E	3046757	0.959555	0.0403568	8.80818e-05
Muller_E	3046887	0.959555	0.0403571	8.81111e-05
Muller_E	3047900	0.959553	0.0403587	8.83392e-05
Muller_E	3048135	0.959552	0.0403591	8.83921e-05
Muller_E	3050664	0.959548	0.0403633	8.89606e-05
Muller_E	3051698	0.959546	0.040365	8.91926e-05
Muller_E	3051968	0.959545	0.0403654	8.92531e-05
Muller_E	3052635	0.959544	0.0403665	8.94026e-05
Muller_E	3053197	0.959543	0.0403674	8.95285e-05
Muller_E	3056428	0.959537	0.0403726	9.02509e-05
Muller_E	3056712	0.959537	0.0403731	9.03142e-05
Muller_E	3058398	0.959534	0.0403758	9.06902e-05
Muller_E	3059687	0.959531	0.0403778	9.09772e-05
Muller_E	3061511	0.959528	0.0403807	9.13827e-05
Muller_E	3062406	0.959526	0.0403821	9.15814e-05
Muller_E	3062537	0.959526	0.0403823	9.16105e-05
Muller_E	3100018	0.959465	0.0404353	9.97734e-05
Muller_E	3100718	0.959464	0.0404362	9.99229e-05
Muller_E	3112367	0.959447	0.0404505	0.000102395
Muller_E	3112987	0.959446	0.0404513	0.000102526
Muller_E	3113420	0.959446	0.0404518	0.000102617
Muller_E	3116107	0.959442	0.0404549	0.000103183
Muller_E	3119432	0.959437	0.0404588	0.00010388
Muller_E	3119714	0.959437	0.0404591	0.000103939
Muller_E	3120862	0.959435	0.0404604	0.00010418
Muller_E	3122265	0.959434	0.0404619	0.000104473
Muller_E	3123364	0.959432	0.0404632	0.000104702
Muller_E	3124138	0.959431	0.040464	0.000104864
Muller_E	3127464	0.959427	0.0404676	0.000105555
Muller_E	3128767	0.959425	0.040469	0.000105826
Muller_E	3128895	0.959425	0.0404692	0.000105852
Muller_E	3129611	0.959424	0.0404699	0.000106001
Muller_E	3129743	0.959424	0.0404701	0.000106028
Muller_E	3130171	0.959423	0.0404705	0.000106117
Muller_E	3131529	0.959422	0.040472	0.000106398
Muller_E	3137674	0.959414	0.0404783	0.000107664
Muller_E	3139976	0.959411	0.0404805	0.000108136
Muller_E	3143168	0.959408	0.0404837	0.000108789
Muller_E	3169152	0.95938	0.0405062	0.000114021
Muller_E	3170575	0.959378	0.0405073	0.000114304
Muller_E	3173857	0.959375	0.0405097	0.000114953
Muller_E	3192801	0.959359	0.0405224	0.000118654
Muller_E	3194086	0.959358	0.0405231	0.000118902
Muller_E	3194230	0.959358	0.0405232	0.00011893
Muller_E	3207603	0.959348	0.0405304	0.000121491
Muller_E	3207708	0.959348	0.0405305	0.000121511
Muller_E	3208070	0.959348	0.0405307	0.00012158
Muller_E	3208369	0.959348	0.0405308	0.000121636
Muller_E	3208507	0.959347	0.0405309	0.000121663
Muller_E	3208706	0.959347	0.040531	0.0001217
Muller_E	3210124	0.959346	0.0405316	0.000121969
Muller_E	3211254	0.959346	0.0405322	0.000122183
Muller_E	3212088	0.959345	0.0405326	0.000122341
Muller_E	3216063	0.959343	0.0405343	0.000123091
Muller_E	3216461	0.959342	0.0405345	0.000123166
Muller_E	3217109	0.959342	0.0405348	0.000123287
Muller_E	3217441	0.959342	0.0405349	0.00012335
Muller_E	3217706	0.959342	0.040535	0.0001234
Muller_E	3217825	0.959342	0.0405351	0.000123422
Muller_E	3218354	0.959341	0.0405353	0.000123521
Muller_E	3219292	0.959341	0.0405357	0.000123697
Muller_E	3219763	0.95934	0.0405358	0.000123785
Muller_E	3221459	0.959339	0.0405365	0.000124103
Muller_E	3222112	0.959339	0.0405368	0.000124225
Muller_E	3223012	0.959339	0.0405371	0.000124393
Muller_E	3223549	0.959338	0.0405373	0.000124493
Muller_E	3224815	0.959337	0.0405378	0.000124729
Muller_E	3226800	0.959336	0.0405385	0.000125098
Muller_E	3229718	0.959335	0.0405395	0.00012564
Muller_E	3240322	0.95933	0.0405425	0.000127591
Muller_E	3240918	0.95933	0.0405427	0.0001277
Muller_E	3241273	0.959329	0.0405428	0.000127764
Muller_E	3247835	0.959327	0.0405442	0.000128958
Muller_E	3251442	0.959326	0.0405449	0.00012961
Muller_E	3252203	0.959325	0.040545	0.000129747
Muller_E	3254014	0.959325	0.0405453	0.000130073
Muller_E	3254518	0.959324	0.0405453	0.000130164
Muller_E	3255141	0.959324	0.0405454	0.000130276
Muller_E	3255365	0.959324	0.0405455	0.000130316
Muller_E	3259142	0.959323	0.0405459	0.000130992
Muller_E	3259935	0.959323	0.040546	0.000131134
Muller_E	3262497	0.959322	0.0405463	0.000131591
Muller_E	3263708	0.959322	0.0405464	0.000131806
Muller_E	3264644	0.959322	0.0405464	0.000131972
Muller_E	3266132	0.959321	0.0405465	0.000132236
Muller_E	3266579	0.959321	0.0405466	0.000132315
Muller_E	3266806	0.959321	0.0405466	0.000132355
Muller_E	3269029	0.959321	0.0405467	0.000132748
Muller_E	3271700	0.95932	0.0405468	0.000133219
Muller_E	3271881	0.95932	0.0405468	0.000133251
Muller_E	3273894	0.95932	0.0405468	0.000133604
Muller_E	3275081	0.959319	0.0405468	0.000133812
Muller_E	3275989	0.959319	0.0405468	0.000133971
Muller_E	3278049	0.959319	0.0405467	0.000134331
Muller_E	3280894	0.959319	0.0405466	0.000134827
Muller_E	3282107	0.959318	0.0405466	0.000135038
Muller_E	3282973	0.959318	0.0405465	0.000135188
Muller_E	3284532	0.959318	0.0405464	0.000135458
Muller_E	3291321	0.959318	0.0405458	0.000136628
Muller_E	3291878	0.959318	0.0405457	0.000136723
Muller_E	3293351	0.959318	0.0405455	0.000136976
Muller_E	3293759	0.959318	0.0405454	0.000137046
Muller_E	3304917	0.959318	0.0405434	0.00013894
Muller_E	3306663	0.959318	0.040543	0.000139234
Muller_E	3306880	0.959318	0.0405429	0.000139271
Muller_E	3310127	0.959318	0.0405421	0.000139816
Muller_E	3312301	0.959318	0.0405415	0.000140179
Muller_E	3312718	0.959318	0.0405414	0.000140249
Muller_E	3318766	0.959319	0.0405396	0.000141254
Muller_E	3323588	0.95932	0.0405379	0.00014205
Muller_E	3324201	0.95932	0.0405377	0.000142151
Muller_E	3324656	0.95932	0.0405376	0.000142225
Muller_E	3325091	0.95932	0.0405374	0.000142297
Muller_E	3326084	0.959321	0.040537	0.00014246
Muller_E	3326190	0.959321	0.040537	0.000142477
Muller_E	3330218	0.959321	0.0405354	0.000143135
Muller_E	3334866	0.959323	0.0405334	0.000143891
Muller_E	3337545	0.959323	0.0405322	0.000144324
Muller_E	3340268	0.959324	0.0405309	0.000144763
Muller_E	3340480	0.959324	0.0405308	0.000144797
Muller_E	3410593	0.959366	0.0404789	0.000155528
Muller_E	3431230	0.959385	0.0404567	0.000158481
Muller_E	3437416	0.959391	0.0404495	0.000159348
Muller_E	3456916	0.959413	0.0404248	0.000162026
Muller_E	3457694	0.959414	0.0404238	0.000162131
Muller_E	3459001	0.959416	0.040422	0.000162307
Muller_E	3462300	0.95942	0.0404175	0.000162751
Muller_E	3464519	0.959423	0.0404144	0.000163047
Muller_E	3464673	0.959423	0.0404142	0.000163068
Muller_E	3477602	0.95944	0.0403956	0.000164776
Muller_E	3525631	0.959514	0.0403156	0.000170801
Muller_E	3546828	0.959552	0.0402749	0.000173301
Muller_E	3557059	0.959571	0.0402541	0.000174473
Muller_E	3566467	0.95959	0.0402343	0.00017553
Muller_E	3572057	0.959602	0.0402222	0.00017615
Muller_E	3572168	0.959602	0.040222	0.000176162
Muller_E	3579272	0.959617	0.0402063	0.000176939
Muller_E	3579502	0.959617	0.0402058	0.000176964
Muller_E	3582419	0.959624	0.0401992	0.00017728
Muller_E	3590131	0.95964	0.0401816	0.000178105
Muller_E	3605233	0.959675	0.0401458	0.000179686
Muller_E	3610748	0.959687	0.0401323	0.000180251
Muller_E	3611776	0.95969	0.0401298	0.000180355
Muller_E	3615071	0.959698	0.0401216	0.000180689
Muller_E	3617701	0.959704	0.040115	0.000180954
Muller_E	3617818	0.959704	0.0401147	0.000180965
Muller_E	3617948	0.959705	0.0401144	0.000180978
Muller_E	3623404	0.959718	0.0401005	0.000181522
Muller_E	3630035	0.959734	0.0400834	0.000182175
Muller_E	3631532	0.959738	0.0400795	0.000182321
Muller_E	3634067	0.959745	0.0400728	0.000182567
Muller_E	3642157	0.959765	0.0400512	0.000183343
Muller_E	3643438	0.959769	0.0400478	0.000183465
Muller_E	3645674	0.959775	0.0400417	0.000183676
Muller_E	3652519	0.959793	0.0400229	0.000184317
Muller_E	3655257	0.9598	0.0400153	0.000184571
Muller_E	3657953	0.959807	0.0400077	0.000184819
Muller_E	3660200	0.959814	0.0400014	0.000185024
Muller_E	3665461	0.959828	0.0399864	0.000185501
Muller_E	3670065	0.959841	0.0399731	0.000185914
Muller_E	3757777	0.960117	0.0396904	0.000192918
Muller_E	3766114	0.960146	0.0396605	0.000193499
Muller_E	3770199	0.96016	0.0396457	0.000193779
Muller_E	3771242	0.960164	0.0396419	0.00019385
Muller_E	3775369	0.960179	0.0396268	0.000194128
Muller_E	3781958	0.960203	0.0396025	0.000194564
Muller_E	3788305	0.960226	0.0395787	0.000194976
Muller_E	3788531	0.960227	0.0395778	0.000194991
Muller_E	3788717	0.960228	0.0395771	0.000195003
Muller_E	3791492	0.960238	0.0395666	0.00019518
Muller_E	3791929	0.96024	0.039565	0.000195208
Muller_E	3794089	0.960248	0.0395567	0.000195344
Muller_E	3798034	0.960263	0.0395416	0.000195591
Muller_E	3805877	0.960293	0.0395113	0.000196073
Muller_E	3808116	0.960301	0.0395025	0.000196208
Muller_E	3837593	0.960418	0.0393839	0.000197891
Muller_E	3889492	0.96064	0.0391594	0.000200419
Muller_E	3892070	0.960652	0.0391478	0.000200531
Muller_E	3892768	0.960655	0.0391446	0.00020056
Muller_E	3893846	0.96066	0.0391397	0.000200606
Muller_E	3895236	0.960666	0.0391334	0.000200665
Muller_E	3896701	0.960673	0.0391267	0.000200727
Muller_E	3964144	0.960995	0.0388018	0.0002031
Muller_E	3964249	0.960996	0.0388012	0.000203103
Muller_E	3964701	0.960998	0.0387989	0.000203116
Muller_E	3965335	0.961001	0.0387957	0.000203134
Muller_E	3965537	0.961002	0.0387947	0.00020314
Muller_E	3971184	0.961031	0.0387659	0.000203295
Muller_E	4005791	0.961212	0.0385843	0.000204113
Muller_E	4007537	0.961221	0.0385749	0.000204148
Muller_E	4008073	0.961224	0.038572	0.000204159
Muller_E	4008732	0.961227	0.0385685	0.000204172
Muller_E	4009275	0.96123	0.0385656	0.000204182
Muller_E	4009794	0.961233	0.0385628	0.000204193
Muller_E	4010462	0.961237	0.0385591	0.000204206
Muller_E	4011246	0.961241	0.0385549	0.000204221
Muller_E	4011350	0.961241	0.0385543	0.000204223
Muller_E	4011743	0.961244	0.0385522	0.00020423
Muller_E	4012926	0.96125	0.0385458	0.000204253
Muller_E	4015010	0.961261	0.0385345	0.000204291
Muller_E	4015956	0.961266	0.0385293	0.000204309
Muller_E	4016731	0.961271	0.0385251	0.000204323
Muller_E	4017133	0.961273	0.0385229	0.00020433
Muller_E	4017640	0.961276	0.0385201	0.000204339
Muller_E	4021078	0.961294	0.0385013	0.0002044
Muller_E	4021876	0.961299	0.0384969	0.000204413
Muller_E	4022513	0.961302	0.0384934	0.000204424
Muller_E	4022928	0.961304	0.0384911	0.000204431
Muller_E	4024532	0.961313	0.0384823	0.000204458
Muller_E	4024639	0.961314	0.0384817	0.00020446
Muller_E	4025270	0.961317	0.0384782	0.00020447
Muller_E	4027169	0.961328	0.0384677	0.000204501
Muller_E	4027437	0.961329	0.0384663	0.000204505
Muller_E	4027764	0.961331	0.0384645	0.00020451
Muller_E	4029270	0.961339	0.0384561	0.000204534
Muller_E	4032202	0.961356	0.0384398	0.000204579
Muller_E	4032327	0.961356	0.0384391	0.000204581
Muller_E	4033521	0.961363	0.0384325	0.000204599
Muller_E	4033797	0.961364	0.0384309	0.000204603
Muller_E	4036360	0.961379	0.0384166	0.00020464
Muller_E	4037138	0.961383	0.0384122	0.000204651
Muller_E	4037610	0.961386	0.0384096	0.000204658
Muller_E	4040496	0.961402	0.0383934	0.000204698
Muller_E	4040949	0.961404	0.0383908	0.000204704
Muller_E	4045900	0.961432	0.0383628	0.000204768
Muller_E	4046078	0.961433	0.0383618	0.00020477
Muller_E	4046843	0.961438	0.0383575	0.000204779
Muller_E	4047581	0.961442	0.0383533	0.000204788
Muller_E	4048275	0.961446	0.0383493	0.000204797
Muller_E	4048700	0.961448	0.0383469	0.000204802
Muller_E	4053592	0.961476	0.038319	0.000204857
Muller_E	4056223	0.961491	0.0383039	0.000204886
Muller_E	4056545	0.961493	0.038302	0.000204889
Muller_E	4056951	0.961495	0.0382997	0.000204893
Muller_E	4057601	0.961499	0.038296	0.0002049
Muller_E	4057720	0.9615	0.0382953	0.000204901
Muller_E	4058043	0.961502	0.0382934	0.000204904
Muller_E	4058149	0.961502	0.0382928	0.000204905
Muller_E	4058704	0.961505	0.0382896	0.000204911
Muller_E	4059417	0.96151	0.0382855	0.000204918
Muller_E	4059965	0.961513	0.0382823	0.000204923
Muller_E	4061381	0.961521	0.0382741	0.000204937
Muller_E	4061745	0.961523	0.038272	0.00020494
Muller_E	4062020	0.961525	0.0382704	0.000204943
Muller_E	4062507	0.961527	0.0382676	0.000204947
Muller_E	4062941	0.96153	0.0382651	0.000204951
Muller_E	4064035	0.961536	0.0382588	0.000204961
Muller_E	4064680	0.96154	0.038255	0.000204967
Muller_E	4064829	0.961541	0.0382541	0.000204968
Muller_E	4065474	0.961545	0.0382504	0.000204974
Muller_E	4065574	0.961545	0.0382498	0.000204975
Muller_E	4066028	0.961548	0.0382472	0.000204979
Muller_E	4067541	0.961557	0.0382384	0.000204991
Muller_E	4067967	0.961559	0.0382359	0.000204995
Muller_E	4068535	0.961562	0.0382326	0.000204999
Muller_E	4069245	0.961567	0.0382284	0.000205005
Muller_E	4070105	0.961572	0.0382234	0.000205012
Muller_E	4071088	0.961577	0.0382176	0.000205019
Muller_E	4071641	0.961581	0.0382144	0.000205024
Muller_E	4072126	0.961583	0.0382115	0.000205027
Muller_E	4072768	0.961587	0.0382078	0.000205032
Muller_E	4072973	0.961588	0.0382066	0.000205033
Muller_E	4073359	0.961591	0.0382043	0.000205036
Muller_E	4075135	0.961601	0.0381939	0.000205048
Muller_E	4075254	0.961602	0.0381932	0.000205049
Muller_E	4076053	0.961606	0.0381885	0.000205055
Muller_E	4077160	0.961613	0.0381819	0.000205062
Muller_E	4078165	0.961619	0.038176	0.000205068
Muller_E	4078690	0.961622	0.0381729	0.000205071
Muller_E	4078900	0.961623	0.0381716	0.000205073
Muller_E	4079010	0.961624	0.038171	0.000205073
Muller_E	4079297	0.961626	0.0381693	0.000205075
Muller_E	4081728	0.96164	0.0381549	0.000205089
Muller_E	4082079	0.961642	0.0381528	0.000205091
Muller_E	4083988	0.961653	0.0381415	0.000205101
Muller_E	4085715	0.961664	0.0381312	0.00020511
Muller_E	4089306	0.961685	0.0381097	0.000205126
Muller_E	4089803	0.961688	0.0381067	0.000205128
Muller_E	4092778	0.961706	0.0380888	0.000205139
Muller_E	4092894	0.961707	0.0380881	0.000205139
Muller_E	4098915	0.961743	0.0380518	0.000205156
Muller_E	4109650	0.961809	0.0379863	0.00020517
Muller_E	4113217	0.961831	0.0379643	0.00020517
Muller_E	4113538	0.961833	0.0379623	0.000205169
Muller_E	4114422	0.961838	0.0379569	0.000205169
Muller_E	4114803	0.96184	0.0379545	0.000205169
Muller_E	4115118	0.961842	0.0379525	0.000205168
Muller_E	4116856	0.961853	0.0379418	0.000205167
Muller_E	4117074	0.961854	0.0379404	0.000205166
Muller_E	4117473	0.961857	0.037938	0.000205166
Muller_E	4118970	0.961866	0.0379287	0.000205164
Muller_E	4121851	0.961884	0.0379107	0.000205159
Muller_E	4122071	0.961885	0.0379094	0.000205158
Muller_E	4122393	0.961887	0.0379074	0.000205158
Muller_E	4122818	0.96189	0.0379047	0.000205157
Muller_E	4124318	0.961899	0.0378953	0.000205153
Muller_E	4124418	0.9619	0.0378947	0.000205153
Muller_E	4126492	0.961913	0.0378817	0.000205147
Muller_E	4127527	0.96192	0.0378752	0.000205144
Muller_E	4127720	0.961921	0.037874	0.000205144
Muller_E	4128101	0.961923	0.0378716	0.000205142
Muller_E	4128234	0.961924	0.0378708	0.000205142
Muller_E	4130334	0.961937	0.0378576	0.000205135
Muller_E	4132221	0.961949	0.0378457	0.000205127
Muller_E	4134741	0.961965	0.0378298	0.000205117
Muller_E	4134982	0.961967	0.0378283	0.000205116
Muller_E	4136547	0.961977	0.0378183	0.000205108
Muller_E	4140224	0.962	0.037795	0.00020509
Muller_E	4140902	0.962004	0.0377906	0.000205086
Muller_E	4141485	0.962008	0.0377869	0.000205082
Muller_E	4143836	0.962023	0.0377719	0.000205069
Muller_E	4144350	0.962026	0.0377686	0.000205065
Muller_E	4144848	0.96203	0.0377654	0.000205062
Muller_E	4150850	0.962068	0.0377269	0.000205021
Muller_E	4151927	0.962075	0.0377199	0.000205013
Muller_E	4154621	0.962093	0.0377025	0.000204991
Muller_E	4159745	0.962126	0.0376692	0.000204947
Muller_E	4159958	0.962127	0.0376678	0.000204945
Muller_E	4160923	0.962134	0.0376615	0.000204936
Muller_E	4161787	0.962139	0.0376559	0.000204928
Muller_E	4162162	0.962142	0.0376534	0.000204925
Muller_E	4163984	0.962154	0.0376415	0.000204907
Muller_E	4164218	0.962155	0.03764	0.000204904
Muller_E	4164859	0.962159	0.0376358	0.000204898
Muller_E	4165033	0.96216	0.0376347	0.000204896
Muller_E	4165157	0.962161	0.0376338	0.000204895
Muller_E	4165383	0.962163	0.0376324	0.000204893
Muller_E	4165808	0.962166	0.0376296	0.000204888
Muller_E	4165958	0.962167	0.0376286	0.000204887
Muller_E	4166062	0.962167	0.0376279	0.000204886
Muller_E	4166243	0.962168	0.0376267	0.000204884
Muller_E	4166628	0.962171	0.0376242	0.00020488
Muller_E	4168755	0.962185	0.0376102	0.000204857
Muller_E	4172546	0.96221	0.0375852	0.000204815
Muller_E	4172827	0.962212	0.0375834	0.000204812
Muller_E	4173860	0.962219	0.0375765	0.0002048
Muller_E	4176100	0.962234	0.0375617	0.000204773
Muller_E	4176326	0.962235	0.0375602	0.000204771
Muller_E	4176826	0.962238	0.0375569	0.000204765
Muller_E	4177022	0.96224	0.0375556	0.000204762
Muller_E	4178339	0.962248	0.0375468	0.000204746
Muller_E	4178608	0.96225	0.037545	0.000204742
Muller_E	4179326	0.962255	0.0375402	0.000204733
Muller_E	4180712	0.962264	0.037531	0.000204716
Muller_E	4180966	0.962266	0.0375293	0.000204712
Muller_E	4184926	0.962293	0.0375028	0.000204659
Muller_E	4185178	0.962294	0.0375011	0.000204656
Muller_E	4185319	0.962295	0.0375002	0.000204654
Muller_E	4185532	0.962297	0.0374988	0.000204651
Muller_E	4187632	0.962311	0.0374847	0.000204621
Muller_E	4188227	0.962315	0.0374807	0.000204613
Muller_E	4188670	0.962318	0.0374777	0.000204607
Muller_E	4192621	0.962344	0.037451	0.000204548
Muller_E	4193546	0.962351	0.0374448	0.000204534
Muller_E	4194407	0.962357	0.0374389	0.000204521
Muller_E	4195783	0.962366	0.0374296	0.000204499
Muller_E	4196010	0.962367	0.0374281	0.000204496
Muller_E	4197440	0.962377	0.0374184	0.000204473
Muller_E	4198223	0.962382	0.037413	0.000204461
Muller_E	4199021	0.962388	0.0374076	0.000204448
Muller_E	4199203	0.962389	0.0374064	0.000204445
Muller_E	4199424	0.962391	0.0374049	0.000204441
Muller_E	4199639	0.962392	0.0374034	0.000204437
Muller_E	4199983	0.962395	0.0374011	0.000204432
Muller_E	4203293	0.962417	0.0373785	0.000204376
Muller_E	4205814	0.962434	0.0373612	0.000204333
Muller_E	4206134	0.962437	0.037359	0.000204327
Muller_E	4207588	0.962447	0.037349	0.000204301
Muller_E	4210680	0.962468	0.0373278	0.000204245
Muller_E	4210928	0.96247	0.0373261	0.000204241
Muller_E	4211312	0.962472	0.0373234	0.000204233
Muller_E	4211755	0.962475	0.0373203	0.000204225
Muller_E	4213444	0.962487	0.0373087	0.000204194
Muller_E	4216650	0.962509	0.0372865	0.000204132
Muller_E	4217058	0.962512	0.0372836	0.000204124
Muller_E	4217453	0.962515	0.0372809	0.000204116
Muller_E	4217565	0.962516	0.0372801	0.000204114
Muller_E	4217669	0.962516	0.0372794	0.000204112
Muller_E	4217825	0.962518	0.0372783	0.000204109
Muller_E	4218923	0.962525	0.0372707	0.000204087
Muller_E	4225215	0.962569	0.0372268	0.000203958
Muller_E	4232774	0.962623	0.0371737	0.000203794
Muller_E	4235298	0.96264	0.0371558	0.000203737
Muller_E	4245993	0.962717	0.0370797	0.000203483
Muller_E	4252835	0.962766	0.0370306	0.000203309
Muller_E	4253725	0.962773	0.0370242	0.000203286
Muller_E	4256197	0.96279	0.0370063	0.000203221
Muller_E	4261234	0.962827	0.0369698	0.000203085
Muller_E	4262892	0.962839	0.0369577	0.000203039
Muller_E	4263238	0.962842	0.0369552	0.00020303
Muller_E	4263588	0.962844	0.0369527	0.00020302
Muller_E	4264621	0.962852	0.0369451	0.000202991
Muller_E	4266950	0.962869	0.0369281	0.000202925
Muller_E	4267529	0.962873	0.0369239	0.000202909
Muller_E	4276223	0.962937	0.03686	0.000202654
Muller_E	4311688	0.963205	0.0365936	0.000201478
Muller_E	4311965	0.963207	0.0365915	0.000201468
Muller_E	4312254	0.963209	0.0365893	0.000201457
Muller_E	4312510	0.963211	0.0365873	0.000201448
Muller_E	4334492	0.963382	0.0364173	0.000200607
Muller_E	4352032	0.963521	0.0362791	0.000199878
Muller_E	4353438	0.963532	0.0362679	0.000199817
Muller_E	4356857	0.96356	0.0362407	0.000199668
Muller_E	4360054	0.963585	0.0362151	0.000199527
Muller_E	4374783	0.963705	0.0360964	0.000198854
Muller_E	4374946	0.963706	0.0360951	0.000198847
Muller_E	4381350	0.963759	0.0360429	0.000198543
Muller_E	4558836	0.965337	0.0344759	0.000187526
Muller_E	4562012	0.965367	0.0344457	0.000187285
Muller_E	4564083	0.965387	0.0344259	0.000187127
Muller_E	4564194	0.965388	0.0344249	0.000187118
Muller_E	4568491	0.965429	0.0343838	0.000186789
Muller_E	4569115	0.965435	0.0343778	0.000186741
Muller_E	4569749	0.965442	0.0343718	0.000186692
Muller_E	4570340	0.965447	0.0343661	0.000186646
Muller_E	4571890	0.965462	0.0343513	0.000186526
Muller_E	4572624	0.965469	0.0343442	0.000186469
Muller_E	4573491	0.965478	0.0343359	0.000186402
Muller_E	4573809	0.965481	0.0343328	0.000186377
Muller_E	4577361	0.965515	0.0342987	0.0001861
Muller_E	4577462	0.965516	0.0342977	0.000186092
Muller_E	4578308	0.965524	0.0342895	0.000186025
Muller_E	4580664	0.965547	0.0342668	0.00018584
Muller_E	4580954	0.96555	0.034264	0.000185817
Muller_E	4581769	0.965558	0.0342561	0.000185753
Muller_E	4581909	0.96556	0.0342548	0.000185742
Muller_E	4583019	0.96557	0.034244	0.000185654
Muller_E	4583393	0.965574	0.0342404	0.000185625
Muller_E	4583516	0.965575	0.0342392	0.000185615
Muller_E	4584473	0.965585	0.0342299	0.000185539
Muller_E	4589180	0.965631	0.0341843	0.000185164
Muller_E	4590247	0.965641	0.0341739	0.000185079
Muller_E	4591539	0.965654	0.0341613	0.000184975
Muller_E	4593253	0.965671	0.0341446	0.000184837
Muller_E	4593508	0.965673	0.0341421	0.000184816
Muller_E	4593974	0.965678	0.0341376	0.000184779
Muller_E	4595111	0.965689	0.0341264	0.000184687
Muller_E	4595303	0.965691	0.0341246	0.000184672
Muller_E	4597548	0.965713	0.0341026	0.00018449
Muller_E	4597833	0.965716	0.0340998	0.000184466
Muller_E	4600306	0.96574	0.0340756	0.000184265
Muller_E	4607273	0.965809	0.0340071	0.000183693
Muller_E	4607398	0.96581	0.0340059	0.000183683
Muller_E	4610441	0.965841	0.0339758	0.000183431
Muller_E	4611041	0.965847	0.0339699	0.000183381
Muller_E	4611562	0.965852	0.0339647	0.000183338
Muller_E	4611697	0.965853	0.0339634	0.000183327
Muller_E	4612447	0.965861	0.033956	0.000183264
Muller_E	4612733	0.965864	0.0339531	0.00018324
Muller_E	4612927	0.965866	0.0339512	0.000183224
Muller_E	4613148	0.965868	0.033949	0.000183206
Muller_E	4614502	0.965881	0.0339356	0.000183093
Muller_E	4615888	0.965895	0.0339219	0.000182977
Muller_E	4616173	0.965898	0.033919	0.000182953
Muller_E	4616508	0.965901	0.0339157	0.000182925
Muller_E	4616663	0.965903	0.0339142	0.000182912
Muller_E	4618190	0.965918	0.033899	0.000182784
Muller_E	4619781	0.965934	0.0338832	0.00018265
Muller_E	4622166	0.965958	0.0338594	0.000182448
Muller_E	4626314	0.966	0.033818	0.000182096
Muller_E	4626864	0.966005	0.0338125	0.000182049
Muller_E	4627368	0.966011	0.0338074	0.000182006
Muller_E	4627488	0.966012	0.0338062	0.000181996
Muller_E	4633961	0.966077	0.0337412	0.00018144
Muller_E	4635834	0.966096	0.0337224	0.000181278
Muller_E	4636452	0.966103	0.0337162	0.000181225
Muller_E	4637295	0.966111	0.0337077	0.000181152
Muller_E	4640891	0.966148	0.0336713	0.000180839
Muller_E	4645727	0.966197	0.0336223	0.000180415
Muller_E	4646376	0.966204	0.0336158	0.000180358
Muller_E	4646798	0.966208	0.0336115	0.000180321
Muller_E	4653320	0.966275	0.033545	0.000179744
Muller_E	4656520	0.966308	0.0335123	0.000179459
Muller_E	4672665	0.966476	0.0333462	0.000177999
Muller_E	4674140	0.966491	0.0333309	0.000177864
Muller_E	4675745	0.966508	0.0333142	0.000177717
Muller_E	4676485	0.966516	0.0333066	0.000177649
Muller_E	4677110	0.966522	0.0333001	0.000177591
Muller_E	4677655	0.966528	0.0332944	0.000177541
Muller_E	4678986	0.966542	0.0332806	0.000177418
Muller_E	4680223	0.966555	0.0332677	0.000177304
Muller_E	4682403	0.966578	0.033245	0.000177102
Muller_E	4682621	0.96658	0.0332427	0.000177082
Muller_E	4684270	0.966598	0.0332255	0.000176928
Muller_E	4685491	0.96661	0.0332127	0.000176815
Muller_E	4686019	0.966616	0.0332072	0.000176766
Muller_E	4687101	0.966627	0.0331959	0.000176665
Muller_E	4689628	0.966654	0.0331694	0.000176428
Muller_E	4690052	0.966659	0.033165	0.000176388
Muller_E	4690344	0.966662	0.0331619	0.000176361
Muller_E	4690905	0.966668	0.033156	0.000176308
Muller_E	4691125	0.96667	0.0331537	0.000176288
Muller_E	4691712	0.966676	0.0331476	0.000176232
Muller_E	4691999	0.966679	0.0331446	0.000176205
Muller_E	4692111	0.96668	0.0331434	0.000176195
Muller_E	4693234	0.966692	0.0331316	0.000176089
Muller_E	4693620	0.966696	0.0331275	0.000176053
Muller_E	4693753	0.966698	0.0331261	0.00017604
Muller_E	4694021	0.966701	0.0331233	0.000176015
Muller_E	4694592	0.966707	0.0331173	0.000175961
Muller_E	4696429	0.966726	0.033098	0.000175788
Muller_E	4696792	0.96673	0.0330942	0.000175753
Muller_E	4699402	0.966758	0.0330666	0.000175506
Muller_E	4700957	0.966774	0.0330502	0.000175358
Muller_E	4702606	0.966792	0.0330328	0.000175201
Muller_E	4708142	0.966851	0.0329741	0.000174671
Muller_E	4712097	0.966894	0.032932	0.000174289
Muller_E	4713898	0.966913	0.0329128	0.000174115
Muller_E	4714194	0.966916	0.0329096	0.000174087
Muller_E	4717094	0.966948	0.0328787	0.000173805
Muller_E	4717794	0.966955	0.0328712	0.000173737
Muller_E	4720564	0.966985	0.0328415	0.000173467
Muller_E	4722390	0.967005	0.032822	0.000173288
Muller_E	4727534	0.967061	0.0327667	0.000172783
Muller_E	4730688	0.967095	0.0327327	0.000172471
Muller_E	4731377	0.967102	0.0327252	0.000172403
Muller_E	4732944	0.967119	0.0327083	0.000172248
Muller_E	4738342	0.967178	0.0326498	0.00017171
Muller_E	4739398	0.96719	0.0326384	0.000171604
Muller_E	4742492	0.967224	0.0326047	0.000171294
Muller_E	4745718	0.967259	0.0325696	0.00017097
Muller_E	4746457	0.967268	0.0325615	0.000170895
Muller_E	4748015	0.967285	0.0325445	0.000170738
Muller_E	4748352	0.967288	0.0325408	0.000170704
Muller_E	4748630	0.967292	0.0325378	0.000170675
Muller_E	4751071	0.967318	0.0325111	0.000170428
Muller_E	4751685	0.967325	0.0325044	0.000170366
Muller_E	4751817	0.967327	0.0325029	0.000170352
Muller_E	4752607	0.967335	0.0324943	0.000170272
Muller_E	4752773	0.967337	0.0324924	0.000170255
Muller_E	4753826	0.967349	0.0324809	0.000170148
Muller_E	4754671	0.967358	0.0324716	0.000170062
Muller_E	4756619	0.96738	0.0324502	0.000169863
Muller_E	4759191	0.967408	0.0324219	0.0001696
Muller_E	4761262	0.967431	0.0323991	0.000169387
Muller_E	4761866	0.967438	0.0323925	0.000169325
Muller_E	4761985	0.96744	0.0323911	0.000169313
Muller_E	4763545	0.967457	0.0323739	0.000169152
Muller_E	4764509	0.967468	0.0323633	0.000169053
Muller_E	4765595	0.96748	0.0323513	0.000168941
Muller_E	4766291	0.967488	0.0323436	0.000168869
Muller_E	4766501	0.96749	0.0323413	0.000168847
Muller_E	4767354	0.967499	0.0323318	0.000168759
Muller_E	4769627	0.967525	0.0323066	0.000168524
Muller_E	4769950	0.967528	0.032303	0.00016849
Muller_E	4772288	0.967555	0.0322771	0.000168247
Muller_E	4773763	0.967571	0.0322607	0.000168094
Muller_E	4773963	0.967573	0.0322585	0.000168073
