chrom	position	2,0	1,1	0,2
Muller_E	62882	0.901716	0.0922166	0.0060674
Muller_E	267432	0.908533	0.0869788	0.00448835
Muller_E	441230	0.914665	0.0820889	0.00324623
Muller_E	511157	0.917221	0.0800063	0.00277261
Muller_E	557879	0.918958	0.0785778	0.0024646
Muller_E	581000	0.919825	0.0778599	0.00231469
Muller_E	709108	0.924736	0.0737491	0.00151443
Muller_E	768129	0.927058	0.0717791	0.00116318
Muller_E	785241	0.927738	0.0711989	0.00106342
Muller_E	787322	0.960551	0.0393734	7.55248e-05
Muller_E	787424	0.927822	0.0711268	0.00105131
Muller_E	788173	0.927832	0.0711169	0.00105104
Muller_E	788750	0.92784	0.0711093	0.00105083
Muller_E	788860	0.927841	0.0711079	0.00105079
Muller_E	791823	0.927881	0.0710689	0.00104973
Muller_E	802257	0.928023	0.0709311	0.00104595
Muller_E	893794	0.929299	0.0696895	0.00101167
Muller_E	894300	0.929306	0.0696825	0.00101148
Muller_E	896281	0.929334	0.069655	0.00101071
Muller_E	897287	0.929349	0.069641	0.00101032
Muller_E	897987	0.929359	0.0696312	0.00101005
Muller_E	901015	0.929402	0.0695891	0.00100888
Muller_E	901718	0.929412	0.0695793	0.00100861
Muller_E	923408	0.929725	0.0692752	0.00100017
Muller_E	923675	0.929729	0.0692714	0.00100006
Muller_E	924320	0.929738	0.0692623	0.000999809
Muller_E	927795	0.929788	0.0692133	0.000998446
Muller_E	948021	0.930083	0.0689261	0.000990456
Muller_E	948230	0.930086	0.0689231	0.000990373
Muller_E	958531	0.930238	0.0687757	0.000986269
Muller_E	967701	0.930373	0.0686439	0.000982596
Muller_E	969142	0.930395	0.0686231	0.000982017
Muller_E	1033237	0.93136	0.0676843	0.000955825
Muller_E	1120573	0.932723	0.0663579	0.000918794
Muller_E	1123171	0.932765	0.0663176	0.00091767
Muller_E	1146845	0.933144	0.0659482	0.000907367
Muller_E	1148492	0.933171	0.0659224	0.000906647
Muller_E	1168315	0.933492	0.0656097	0.000897935
Muller_E	1213395	0.934234	0.0648882	0.000877863
Muller_E	1262309	0.935056	0.0640888	0.000855691
Muller_E	1275111	0.935274	0.0638767	0.000849823
Muller_E	1275707	0.935284	0.0638668	0.00084955
Muller_E	1314313	0.935949	0.0632198	0.000831695
Muller_E	1318297	0.936018	0.0631524	0.00082984
Muller_E	1358440	0.936722	0.062467	0.000811012
Muller_E	1358616	0.936725	0.062464	0.000810929
Muller_E	1378824	0.937084	0.0621145	0.000801363
Muller_E	1480336	0.938934	0.0603136	0.000752493
Muller_E	1489232	0.9391	0.0601522	0.00074815
Muller_E	1645912	0.942117	0.0572131	0.00067031
Muller_E	1673398	0.942665	0.0566787	0.000656429
Muller_E	1718642	0.94358	0.0557866	0.000633461
Muller_E	1746815	0.944158	0.0552234	0.000619094
Muller_E	1763447	0.944501	0.0548881	0.00061059
Muller_E	1765039	0.944534	0.0548559	0.000609776
Muller_E	1765159	0.944537	0.0548535	0.000609714
Muller_E	1765369	0.944541	0.0548492	0.000609607
Muller_E	1771226	0.944663	0.0547306	0.000606608
Muller_E	1799036	0.945244	0.0541636	0.000592349
Muller_E	1802542	0.945318	0.0540917	0.000590548
Muller_E	1802678	0.945321	0.0540889	0.000590479
Muller_E	1803039	0.945328	0.0540815	0.000590293
Muller_E	1803347	0.945335	0.0540752	0.000590135
Muller_E	1805518	0.94538	0.0540306	0.00058902
Muller_E	1812938	0.945537	0.053878	0.000585208
Muller_E	1813040	0.945539	0.0538759	0.000585155
Muller_E	1815234	0.945585	0.0538307	0.000584027
Muller_E	1815907	0.9456	0.0538168	0.000583681
Muller_E	1816383	0.94561	0.053807	0.000583437
Muller_E	1831501	0.94593	0.0534944	0.00057566
Muller_E	1850978	0.946345	0.053089	0.00056563
Muller_E	1851905	0.946365	0.0530696	0.000565152
Muller_E	1852166	0.946371	0.0530642	0.000565018
Muller_E	1857635	0.946488	0.0529498	0.000562199
Muller_E	1861157	0.946564	0.052876	0.000560383
Muller_E	1861336	0.946567	0.0528723	0.000560291
Muller_E	1861880	0.946579	0.0528609	0.000560011
Muller_E	1866595	0.946681	0.0527619	0.000557579
Muller_E	1870209	0.946758	0.052686	0.000555715
Muller_E	1871973	0.946796	0.0526488	0.000554805
Muller_E	1880064	0.946971	0.0524783	0.000550631
Muller_E	1889333	0.947172	0.0522823	0.000545846
Muller_E	1891195	0.947212	0.0522429	0.000544885
Muller_E	1894320	0.94728	0.0521766	0.000543271
Muller_E	1900363	0.947412	0.0520483	0.000540151
Muller_E	1904375	0.947499	0.0519629	0.000538078
Muller_E	1915469	0.947741	0.0517262	0.000532347
Muller_E	1927060	0.947996	0.051478	0.000526357
Muller_E	1932459	0.948114	0.0513619	0.000523566
Muller_E	1944351	0.948377	0.0511056	0.000517418
Muller_E	1946702	0.948429	0.0510548	0.000516202
Muller_E	1961660	0.948761	0.0507307	0.000508468
Muller_E	1975567	0.949071	0.0504277	0.000501277
Muller_E	2011856	0.949887	0.0496302	0.000482515
Muller_E	2013122	0.949916	0.0496022	0.000481861
Muller_E	2044597	0.950632	0.0489019	0.0004656
Muller_E	2048236	0.950716	0.0488204	0.000463721
Muller_E	2048434	0.95072	0.048816	0.000463619
Muller_E	2086567	0.9516	0.0479562	0.000443949
Muller_E	2103366	0.951991	0.0475739	0.000435297
Muller_E	2117584	0.952323	0.0472485	0.000427982
Muller_E	2126123	0.952524	0.0470524	0.000423593
Muller_E	2135792	0.952752	0.0468296	0.000418626
Muller_E	2140907	0.952873	0.0467115	0.000416001
Muller_E	2141169	0.952879	0.0467054	0.000415866
Muller_E	2142715	0.952915	0.0466697	0.000415073
Muller_E	2145389	0.952979	0.0466078	0.000413701
Muller_E	2146953	0.953016	0.0465716	0.000412899
Muller_E	2147057	0.953018	0.0465692	0.000412846
Muller_E	2201852	0.954327	0.045288	0.00038482
Muller_E	2204792	0.954398	0.0452186	0.000383321
Muller_E	2219543	0.954755	0.0448694	0.000375809
Muller_E	2220290	0.954773	0.0448516	0.000375429
Muller_E	2241628	0.955292	0.0443433	0.000364591
Muller_E	2243471	0.955337	0.0442992	0.000363657
Muller_E	2531559	0.962701	0.037077	0.000221869
Muller_E	2693610	0.967133	0.0327197	0.000147538
Muller_E	2696554	0.967215	0.0326385	0.000146235
Muller_E	2706179	0.967485	0.0323727	0.000141989
Muller_E	2713009	0.967677	0.0321836	0.000138989
Muller_E	2716202	0.967767	0.0320951	0.000137589
Muller_E	2721440	0.967915	0.0319497	0.000135299
Muller_E	2735475	0.968312	0.0315589	0.000129192
Muller_E	2763120	0.969098	0.0307844	0.000117294
Muller_E	2777976	0.969523	0.0303656	0.000110975
Muller_E	2779619	0.969571	0.0303192	0.000110279
Muller_E	2787347	0.969793	0.0301005	0.000107016
Muller_E	2788916	0.969838	0.030056	0.000106356
Muller_E	2795398	0.970024	0.0298721	0.000103633
Muller_E	2798296	0.970108	0.0297898	0.000102419
Muller_E	2799305	0.970137	0.0297611	0.000101996
Muller_E	2800245	0.970164	0.0297343	0.000101603
Muller_E	2800507	0.970172	0.0297269	0.000101494
Muller_E	2800780	0.970179	0.0297191	0.00010138
Muller_E	2800932	0.970184	0.0297148	0.000101316
Muller_E	2801158	0.97019	0.0297084	0.000101222
Muller_E	2805736	0.970323	0.0295781	9.93112e-05
Muller_E	2807233	0.970366	0.0295354	9.86876e-05
Muller_E	2807795	0.970382	0.0295194	9.84537e-05
Muller_E	2808363	0.970399	0.0295032	9.82173e-05
Muller_E	2809031	0.970418	0.0294841	9.79395e-05
Muller_E	2809272	0.970425	0.0294773	9.78392e-05
Muller_E	2809909	0.970443	0.0294591	9.75744e-05
Muller_E	2811470	0.970488	0.0294146	9.69259e-05
Muller_E	2811776	0.970497	0.0294058	9.67988e-05
Muller_E	2812117	0.970507	0.0293961	9.66572e-05
Muller_E	2815676	0.97061	0.0292945	9.51815e-05
Muller_E	2816259	0.970627	0.0292778	9.494e-05
Muller_E	2817070	0.970651	0.0292547	9.46043e-05
Muller_E	2817616	0.970667	0.0292391	9.43784e-05
Muller_E	2819402	0.970718	0.029188	9.36399e-05
Muller_E	2820166	0.970741	0.0291661	9.33243e-05
Muller_E	2820386	0.970747	0.0291598	9.32334e-05
Muller_E	2820775	0.970758	0.0291487	9.30728e-05
Muller_E	2821135	0.970769	0.0291384	9.29241e-05
Muller_E	2821440	0.970778	0.0291297	9.27982e-05
Muller_E	2826939	0.970937	0.0289722	9.05325e-05
Muller_E	2831172	0.97106	0.0288508	8.87938e-05
Muller_E	2831515	0.97107	0.0288409	8.86531e-05
Muller_E	2832336	0.971094	0.0288174	8.83165e-05
Muller_E	2833070	0.971116	0.0287963	8.80157e-05
Muller_E	2850717	0.971631	0.0282883	8.08264e-05
Muller_E	2853215	0.971704	0.0282161	7.98154e-05
Muller_E	2856496	0.9718	0.0281213	7.849e-05
Muller_E	2856945	0.971813	0.0281083	7.83089e-05
Muller_E	2857481	0.971829	0.0280928	7.80927e-05
Muller_E	2858163	0.971849	0.0280731	7.78178e-05
Muller_E	2859754	0.971896	0.0280271	7.71768e-05
Muller_E	2859987	0.971903	0.0280203	7.7083e-05
Muller_E	2862604	0.971979	0.0279446	7.60304e-05
Muller_E	2866488	0.972094	0.027832	7.44717e-05
Muller_E	2867267	0.972116	0.0278094	7.41595e-05
Muller_E	2868557	0.972154	0.027772	7.3643e-05
Muller_E	2870085	0.972199	0.0277277	7.30318e-05
Muller_E	2870623	0.972215	0.0277121	7.28167e-05
Muller_E	2876155	0.972378	0.0275513	7.06099e-05
Muller_E	2877151	0.972407	0.0275224	7.02135e-05
Muller_E	2886067	0.972671	0.0272627	6.66771e-05
Muller_E	2886534	0.972684	0.0272491	6.64924e-05
Muller_E	2887599	0.972716	0.027218	6.60716e-05
Muller_E	2887882	0.972724	0.0272098	6.59599e-05
Muller_E	2888492	0.972742	0.027192	6.5719e-05
Muller_E	2888607	0.972746	0.0271886	6.56737e-05
Muller_E	2890000	0.972787	0.027148	6.51241e-05
Muller_E	2890387	0.972798	0.0271367	6.49716e-05
Muller_E	2890907	0.972814	0.0271215	6.47666e-05
Muller_E	2894764	0.972928	0.0270088	6.32489e-05
Muller_E	2899098	0.973056	0.026882	6.15485e-05
Muller_E	2901481	0.973127	0.0268122	6.06158e-05
Muller_E	2901643	0.973132	0.0268075	6.05525e-05
Muller_E	2902627	0.973161	0.0267787	6.01679e-05
Muller_E	2903432	0.973185	0.0267551	5.98534e-05
Muller_E	2904998	0.973232	0.0267092	5.92423e-05
Muller_E	2905994	0.973261	0.02668	5.88539e-05
Muller_E	2907134	0.973295	0.0266465	5.84098e-05
Muller_E	2908511	0.973336	0.0266061	5.78738e-05
Muller_E	2909452	0.973364	0.0265785	5.75078e-05
Muller_E	2910160	0.973385	0.0265577	5.72327e-05
Muller_E	2911022	0.973411	0.0265324	5.68978e-05
Muller_E	2911252	0.973418	0.0265256	5.68085e-05
Muller_E	2911992	0.97344	0.0265039	5.65213e-05
Muller_E	2914672	0.973519	0.0264251	5.54824e-05
Muller_E	2915489	0.973544	0.0264011	5.51661e-05
Muller_E	2918585	0.973636	0.02631	5.39693e-05
Muller_E	2919015	0.973649	0.0262973	5.38033e-05
Muller_E	2919728	0.97367	0.0262764	5.35281e-05
Muller_E	2919971	0.973677	0.0262692	5.34344e-05
Muller_E	2921506	0.973723	0.026224	5.28427e-05
Muller_E	2922564	0.973755	0.0261928	5.24352e-05
Muller_E	2922707	0.973759	0.0261886	5.23801e-05
Muller_E	2924226	0.973804	0.0261438	5.17958e-05
Muller_E	2925108	0.973831	0.0261178	5.14568e-05
Muller_E	2925552	0.973844	0.0261047	5.12862e-05
Muller_E	2928855	0.973943	0.0260073	5.00192e-05
Muller_E	2930674	0.973997	0.0259535	4.93228e-05
Muller_E	2931258	0.974015	0.0259363	4.90994e-05
Muller_E	2931592	0.974025	0.0259264	4.89717e-05
Muller_E	2931798	0.974031	0.0259203	4.88929e-05
Muller_E	2932326	0.974047	0.0259047	4.86912e-05
Muller_E	2945623	0.974445	0.025511	4.36367e-05
Muller_E	2945753	0.974449	0.0255072	4.35876e-05
Muller_E	2945878	0.974453	0.0255035	4.35403e-05
Muller_E	2946001	0.974457	0.0254998	4.34938e-05
Muller_E	2955783	0.974751	0.0252092	3.98105e-05
Muller_E	2957997	0.974818	0.0251433	3.89809e-05
Muller_E	2959282	0.974856	0.0251051	3.85e-05
Muller_E	2959697	0.974869	0.0250927	3.83449e-05
Muller_E	2959819	0.974873	0.0250891	3.82993e-05
Muller_E	2960759	0.974901	0.0250611	3.7948e-05
Muller_E	2961667	0.974928	0.025034	3.76089e-05
Muller_E	2961801	0.974932	0.02503	3.75589e-05
Muller_E	2963254	0.974976	0.0249867	3.7017e-05
Muller_E	2963568	0.974986	0.0249773	3.68999e-05
Muller_E	2975263	0.975339	0.0246281	3.25625e-05
Muller_E	2976725	0.975384	0.0245843	3.20233e-05
Muller_E	2977784	0.975416	0.0245526	3.16331e-05
Muller_E	2982473	0.975558	0.0244121	2.99097e-05
Muller_E	2984283	0.975613	0.0243579	2.92463e-05
Muller_E	2985483	0.975649	0.0243219	2.8807e-05
Muller_E	2985658	0.975655	0.0243166	2.8743e-05
Muller_E	2985908	0.975662	0.0243091	2.86515e-05
Muller_E	2987685	0.975716	0.0242558	2.80021e-05
Muller_E	2992894	0.975875	0.0240993	2.61042e-05
Muller_E	2993313	0.975887	0.0240867	2.5952e-05
Muller_E	2993798	0.975902	0.0240721	2.57757e-05
Muller_E	2994137	0.975912	0.0240619	2.56526e-05
Muller_E	2994487	0.975923	0.0240514	2.55256e-05
Muller_E	2994615	0.975927	0.0240475	2.54791e-05
Muller_E	2995123	0.987164	0.0128345	1.43185e-06
Muller_E	2995701	0.97595	0.0240252	2.53084e-05
Muller_E	2996048	0.975954	0.0240209	2.53166e-05
Muller_E	2996738	0.975962	0.0240125	2.53328e-05
Muller_E	2996880	0.975964	0.0240108	2.53361e-05
Muller_E	2997113	0.975967	0.0240079	2.53416e-05
Muller_E	2999116	0.975991	0.0239834	2.53881e-05
Muller_E	2999459	0.975995	0.0239792	2.5396e-05
Muller_E	3001420	0.976019	0.0239552	2.54409e-05
Muller_E	3001578	0.976021	0.0239533	2.54445e-05
Muller_E	3001696	0.976023	0.0239518	2.54472e-05
Muller_E	3002579	0.976034	0.023941	2.54672e-05
Muller_E	3003095	0.97604	0.0239347	2.54788e-05
Muller_E	3003540	0.976045	0.0239292	2.54888e-05
Muller_E	3004120	0.976052	0.0239221	2.55018e-05
Muller_E	3005221	0.976066	0.0239086	2.55263e-05
Muller_E	3007967	0.9761	0.0238749	2.55866e-05
Muller_E	3012773	0.976159	0.0238156	2.56894e-05
Muller_E	3013331	0.976166	0.0238088	2.57012e-05
Muller_E	3013618	0.976169	0.0238052	2.57072e-05
Muller_E	3014080	0.976175	0.0237995	2.57168e-05
Muller_E	3014783	0.976183	0.0237908	2.57314e-05
Muller_E	3016296	0.976202	0.0237721	2.57626e-05
Muller_E	3017214	0.976213	0.0237608	2.57814e-05
Muller_E	3018320	0.976227	0.0237471	2.58039e-05
Muller_E	3018982	0.976235	0.0237389	2.58172e-05
Muller_E	3019303	0.976239	0.0237349	2.58237e-05
Muller_E	3019831	0.976246	0.0237284	2.58342e-05
Muller_E	3021834	0.976271	0.0237035	2.5874e-05
Muller_E	3021944	0.976272	0.0237022	2.58761e-05
Muller_E	3023127	0.976287	0.0236875	2.58993e-05
Muller_E	3024474	0.976303	0.0236707	2.59255e-05
Muller_E	3024813	0.976308	0.0236665	2.5932e-05
Muller_E	3029421	0.976365	0.0236092	2.60192e-05
Muller_E	3029834	0.97637	0.023604	2.60268e-05
Muller_E	3030101	0.976373	0.0236007	2.60318e-05
Muller_E	3033200	0.976412	0.023562	2.60883e-05
Muller_E	3033901	0.976421	0.0235533	2.61009e-05
Muller_E	3034073	0.976423	0.0235511	2.6104e-05
Muller_E	3036032	0.976447	0.0235266	2.61388e-05
Muller_E	3038305	0.976476	0.0234981	2.61785e-05
Muller_E	3041816	0.97652	0.0234541	2.62383e-05
Muller_E	3044683	0.976556	0.023418	2.62858e-05
Muller_E	3046757	0.976582	0.0233919	2.63194e-05
Muller_E	3046887	0.976583	0.0233903	2.63215e-05
Muller_E	3047900	0.976596	0.0233775	2.63376e-05
Muller_E	3048135	0.976599	0.0233746	2.63414e-05
Muller_E	3050664	0.976631	0.0233427	2.6381e-05
Muller_E	3051698	0.976644	0.0233296	2.6397e-05
Muller_E	3051968	0.976647	0.0233262	2.64011e-05
Muller_E	3052635	0.976656	0.0233178	2.64113e-05
Muller_E	3053197	0.976663	0.0233107	2.64198e-05
Muller_E	3056428	0.976704	0.0232698	2.6468e-05
Muller_E	3056712	0.976707	0.0232662	2.64722e-05
Muller_E	3058398	0.976729	0.0232448	2.64967e-05
Muller_E	3059687	0.976745	0.0232284	2.65151e-05
Muller_E	3061511	0.976768	0.0232052	2.65408e-05
Muller_E	3062406	0.97678	0.0231939	2.65532e-05
Muller_E	3062537	0.976781	0.0231922	2.6555e-05
Muller_E	3100018	0.977263	0.0227102	2.69747e-05
Muller_E	3100718	0.977272	0.0227011	2.69807e-05
Muller_E	3112367	0.977424	0.022549	2.70709e-05
Muller_E	3112987	0.977432	0.0225409	2.70752e-05
Muller_E	3113420	0.977438	0.0225352	2.70782e-05
Muller_E	3116107	0.977473	0.0225	2.7096e-05
Muller_E	3119432	0.977517	0.0224563	2.71167e-05
Muller_E	3119714	0.97752	0.0224526	2.71184e-05
Muller_E	3120862	0.977535	0.0224375	2.71252e-05
Muller_E	3122265	0.977554	0.022419	2.71332e-05
Muller_E	3123364	0.977568	0.0224045	2.71394e-05
Muller_E	3124138	0.977579	0.0223943	2.71436e-05
Muller_E	3127464	0.977622	0.0223504	2.71608e-05
Muller_E	3128767	0.97764	0.0223332	2.71672e-05
Muller_E	3128895	0.977641	0.0223315	2.71678e-05
Muller_E	3129611	0.977651	0.022322	2.71712e-05
Muller_E	3129743	0.977653	0.0223203	2.71718e-05
Muller_E	3130171	0.977658	0.0223146	2.71738e-05
Muller_E	3131529	0.977676	0.0222966	2.71799e-05
Muller_E	3137674	0.977758	0.0222151	2.72046e-05
Muller_E	3139976	0.977788	0.0221845	2.72126e-05
Muller_E	3143168	0.977831	0.022142	2.72226e-05
Muller_E	3169152	0.97818	0.0217929	2.72555e-05
Muller_E	3170575	0.978199	0.0217736	2.72548e-05
Muller_E	3173857	0.978244	0.0217291	2.72524e-05
Muller_E	3192801	0.978502	0.0214707	2.72123e-05
Muller_E	3194086	0.97852	0.0214531	2.7208e-05
Muller_E	3194230	0.978522	0.0214511	2.72075e-05
Muller_E	3207603	0.978706	0.0212669	2.71508e-05
Muller_E	3207708	0.978707	0.0212654	2.71503e-05
Muller_E	3208070	0.978712	0.0212604	2.71485e-05
Muller_E	3208369	0.978717	0.0212563	2.7147e-05
Muller_E	3208507	0.978718	0.0212544	2.71462e-05
Muller_E	3208706	0.978721	0.0212516	2.71452e-05
Muller_E	3210124	0.978741	0.021232	2.71378e-05
Muller_E	3211254	0.978757	0.0212163	2.71317e-05
Muller_E	3212088	0.978768	0.0212048	2.71271e-05
Muller_E	3216063	0.978823	0.0211496	2.71041e-05
Muller_E	3216461	0.978829	0.0211441	2.71017e-05
Muller_E	3217109	0.978838	0.0211351	2.70977e-05
Muller_E	3217441	0.978842	0.0211304	2.70957e-05
Muller_E	3217706	0.978846	0.0211268	2.7094e-05
Muller_E	3217825	0.978848	0.0211251	2.70933e-05
Muller_E	3218354	0.978855	0.0211177	2.709e-05
Muller_E	3219292	0.978868	0.0211047	2.7084e-05
Muller_E	3219763	0.978875	0.0210981	2.7081e-05
Muller_E	3221459	0.978898	0.0210745	2.70699e-05
Muller_E	3222112	0.978908	0.0210654	2.70655e-05
Muller_E	3223012	0.97892	0.0210529	2.70594e-05
Muller_E	3223549	0.978928	0.0210454	2.70557e-05
Muller_E	3224815	0.978945	0.0210277	2.70469e-05
Muller_E	3226800	0.978973	0.021	2.70327e-05
Muller_E	3229718	0.979014	0.0209592	2.7011e-05
Muller_E	3240322	0.979163	0.0208103	2.6924e-05
Muller_E	3240918	0.979171	0.0208019	2.69187e-05
Muller_E	3241273	0.979176	0.0207969	2.69156e-05
Muller_E	3247835	0.979269	0.0207043	2.68547e-05
Muller_E	3251442	0.97932	0.0206532	2.68192e-05
Muller_E	3252203	0.979331	0.0206425	2.68115e-05
Muller_E	3254014	0.979356	0.0206168	2.6793e-05
Muller_E	3254518	0.979364	0.0206096	2.67878e-05
Muller_E	3255141	0.979372	0.0206008	2.67813e-05
Muller_E	3255365	0.979376	0.0205976	2.67789e-05
Muller_E	3259142	0.979429	0.0205439	2.67386e-05
Muller_E	3259935	0.979441	0.0205327	2.67299e-05
Muller_E	3262497	0.979477	0.0204962	2.67014e-05
Muller_E	3263708	0.979494	0.0204789	2.66877e-05
Muller_E	3264644	0.979508	0.0204655	2.6677e-05
Muller_E	3266132	0.979529	0.0204443	2.66598e-05
Muller_E	3266579	0.979535	0.0204379	2.66546e-05
Muller_E	3266806	0.979539	0.0204347	2.66519e-05
Muller_E	3269029	0.97957	0.0204029	2.66256e-05
Muller_E	3271700	0.979609	0.0203647	2.65933e-05
Muller_E	3271881	0.979611	0.0203621	2.65911e-05
Muller_E	3273894	0.97964	0.0203332	2.65661e-05
Muller_E	3275081	0.979657	0.0203162	2.65513e-05
Muller_E	3275989	0.97967	0.0203032	2.65398e-05
Muller_E	3278049	0.9797	0.0202736	2.65134e-05
Muller_E	3280894	0.979741	0.0202327	2.64762e-05
Muller_E	3282107	0.979758	0.0202152	2.646e-05
Muller_E	3282973	0.979771	0.0202027	2.64484e-05
Muller_E	3284532	0.979793	0.0201803	2.64274e-05
Muller_E	3291321	0.979891	0.0200822	2.63326e-05
Muller_E	3291878	0.9799	0.0200741	2.63246e-05
Muller_E	3293351	0.979921	0.0200528	2.63033e-05
Muller_E	3293759	0.979927	0.0200469	2.62973e-05
Muller_E	3304917	0.980089	0.0198847	2.61284e-05
Muller_E	3306663	0.980115	0.0198592	2.61008e-05
Muller_E	3306880	0.980118	0.019856	2.60974e-05
Muller_E	3310127	0.980165	0.0198086	2.60452e-05
Muller_E	3312301	0.980197	0.0197768	2.60097e-05
Muller_E	3312718	0.980203	0.0197707	2.60028e-05
Muller_E	3318766	0.980292	0.019682	2.59012e-05
Muller_E	3323588	0.980363	0.0196111	2.58176e-05
Muller_E	3324201	0.980372	0.0196021	2.58069e-05
Muller_E	3324656	0.980379	0.0195954	2.57988e-05
Muller_E	3325091	0.980385	0.019589	2.57911e-05
Muller_E	3326084	0.9804	0.0195744	2.57735e-05
Muller_E	3326190	0.980401	0.0195728	2.57716e-05
Muller_E	3330218	0.980461	0.0195133	2.5699e-05
Muller_E	3334866	0.98053	0.0194446	2.56133e-05
Muller_E	3337545	0.98057	0.0194049	2.5563e-05
Muller_E	3340268	0.98061	0.0193645	2.55111e-05
Muller_E	3340480	0.980613	0.0193613	2.5507e-05
Muller_E	3410593	0.981675	0.0183008	2.39382e-05
Muller_E	3431230	0.981995	0.0179813	2.33968e-05
Muller_E	3437416	0.982092	0.0178849	2.3228e-05
Muller_E	3456916	0.982398	0.0175791	2.26766e-05
Muller_E	3457694	0.982411	0.0175668	2.2654e-05
Muller_E	3459001	0.982431	0.0175462	2.2616e-05
Muller_E	3462300	0.982483	0.0174941	2.25194e-05
Muller_E	3464519	0.982519	0.017459	2.2454e-05
Muller_E	3464673	0.982521	0.0174566	2.24495e-05
Muller_E	3477602	0.982727	0.0172514	2.20613e-05
Muller_E	3525631	0.983502	0.0164776	2.05213e-05
Muller_E	3546828	0.98385	0.0161304	1.97963e-05
Muller_E	3557059	0.984019	0.0159615	1.94374e-05
Muller_E	3566467	0.984175	0.0158055	1.91023e-05
Muller_E	3572057	0.984269	0.0157125	1.89011e-05
Muller_E	3572168	0.98427	0.0157107	1.88971e-05
Muller_E	3579272	0.984389	0.0155921	1.8639e-05
Muller_E	3579502	0.984393	0.0155882	1.86306e-05
Muller_E	3582419	0.984442	0.0155394	1.85239e-05
Muller_E	3590131	0.984572	0.0154101	1.82397e-05
Muller_E	3605233	0.984827	0.0151554	1.76753e-05
Muller_E	3610748	0.984921	0.0150619	1.74666e-05
Muller_E	3611776	0.984938	0.0150445	1.74276e-05
Muller_E	3615071	0.984994	0.0149885	1.73022e-05
Muller_E	3617701	0.985039	0.0149437	1.72017e-05
Muller_E	3617818	0.985041	0.0149418	1.71972e-05
Muller_E	3617948	0.985043	0.0149395	1.71923e-05
Muller_E	3623404	0.985136	0.0148465	1.69829e-05
Muller_E	3630035	0.98525	0.0147332	1.67269e-05
Muller_E	3631532	0.985276	0.0147075	1.66689e-05
Muller_E	3634067	0.985319	0.0146641	1.65704e-05
Muller_E	3642157	0.985459	0.0145251	1.62546e-05
Muller_E	3643438	0.985481	0.014503	1.62043e-05
Muller_E	3645674	0.985519	0.0144645	1.61165e-05
Muller_E	3652519	0.985638	0.0143463	1.58465e-05
Muller_E	3655257	0.985685	0.0142989	1.57381e-05
Muller_E	3657953	0.985732	0.0142521	1.56311e-05
Muller_E	3660200	0.985771	0.0142132	1.55417e-05
Muller_E	3665461	0.985863	0.0141217	1.53318e-05
Muller_E	3670065	0.985943	0.0140415	1.51474e-05
Muller_E	3757777	0.987507	0.0124816	1.15354e-05
Muller_E	3766114	0.987659	0.0123301	1.11852e-05
Muller_E	3770199	0.987733	0.0122557	1.10134e-05
Muller_E	3771242	0.987752	0.0122367	1.09695e-05
Muller_E	3775369	0.987828	0.0121613	1.07957e-05
Muller_E	3781958	0.987949	0.0120407	1.0518e-05
Muller_E	3788305	0.988065	0.0119243	1.02502e-05
Muller_E	3788531	0.98807	0.0119201	1.02406e-05
Muller_E	3788717	0.988073	0.0119167	1.02328e-05
Muller_E	3791492	0.988124	0.0118656	1.01156e-05
Muller_E	3791929	0.988132	0.0118576	1.00972e-05
Muller_E	3794089	0.988172	0.0118178	1.0006e-05
Muller_E	3798034	0.988245	0.0117451	9.83935e-06
Muller_E	3805877	0.98839	0.0116001	9.50799e-06
Muller_E	3808116	0.988432	0.0115586	9.41338e-06
Muller_E	3837593	0.988983	0.0110087	8.16866e-06
Muller_E	3889492	0.98997	0.0100236	5.99432e-06
Muller_E	3892070	0.99002	0.00997414	5.88734e-06
Muller_E	3892768	0.990033	0.00996073	5.85839e-06
Muller_E	3893846	0.990054	0.00994001	5.81371e-06
Muller_E	3895236	0.990081	0.00991328	5.75613e-06
Muller_E	3896701	0.990109	0.00988509	5.69548e-06
Muller_E	3964144	0.991428	0.00856861	2.96205e-06
Muller_E	3964249	0.991431	0.00856653	2.9579e-06
Muller_E	3964701	0.991439	0.00855758	2.94005e-06
Muller_E	3965335	0.991452	0.00854503	2.91503e-06
Muller_E	3965537	0.991456	0.00854103	2.90706e-06
Muller_E	3971184	0.991568	0.00842907	2.6849e-06
Muller_E	4005791	0.992261	0.00773727	1.35133e-06
Muller_E	4007537	0.992297	0.00770211	1.28542e-06
Muller_E	4008073	0.992307	0.00769131	1.26522e-06
Muller_E	4008732	0.992321	0.00767803	1.2404e-06
Muller_E	4009275	0.992332	0.00766708	1.21996e-06
Muller_E	4009794	0.992342	0.00765662	1.20044e-06
Muller_E	4010462	0.992356	0.00764315	1.17534e-06
Muller_E	4011246	0.992372	0.00762734	1.1459e-06
Muller_E	4011350	0.992374	0.00762524	1.142e-06
Muller_E	4011743	0.992382	0.00761731	1.12725e-06
Muller_E	4012926	0.992405	0.00759343	1.08292e-06
Muller_E	4015010	0.992448	0.00755134	1.00497e-06
Muller_E	4015956	0.992467	0.00753222	9.69662e-07
Muller_E	4016731	0.995987	0.00401342	6.05447e-08
Muller_E	4017133	0.992486	0.00751298	9.41432e-07
Muller_E	4017640	0.992491	0.00750846	9.42259e-07
Muller_E	4021078	0.992521	0.00747779	9.47522e-07
Muller_E	4021876	0.992528	0.00747066	9.48657e-07
Muller_E	4022513	0.992534	0.00746496	9.49539e-07
Muller_E	4022928	0.992538	0.00746125	9.50103e-07
Muller_E	4024532	0.992552	0.00744689	9.522e-07
Muller_E	4024639	0.992553	0.00744593	9.52335e-07
Muller_E	4025270	0.992559	0.00744027	9.5312e-07
Muller_E	4027169	0.992576	0.00742323	9.55363e-07
Muller_E	4027437	0.992578	0.00742082	9.55664e-07
Muller_E	4027764	0.992581	0.00741788	9.56028e-07
Muller_E	4029270	0.992595	0.00740434	9.57631e-07
Muller_E	4032202	0.992621	0.00737792	9.60426e-07
Muller_E	4032327	0.992622	0.00737679	9.60535e-07
Muller_E	4033521	0.992633	0.00736601	9.61543e-07
Muller_E	4033797	0.992636	0.00736351	9.61766e-07
Muller_E	4036360	0.992659	0.00734033	9.63653e-07
Muller_E	4037138	0.992666	0.00733328	9.64162e-07
Muller_E	4037610	0.99267	0.00732901	9.64456e-07
Muller_E	4040496	0.992696	0.00730281	9.66014e-07
Muller_E	4040949	0.9927	0.00729869	9.66222e-07
Muller_E	4045900	0.992745	0.00725358	9.67835e-07
Muller_E	4046078	0.992747	0.00725195	9.67871e-07
Muller_E	4046843	0.992754	0.00724497	9.68007e-07
Muller_E	4047581	0.992761	0.00723822	9.68112e-07
Muller_E	4048275	0.992767	0.00723187	9.68187e-07
Muller_E	4048700	0.992771	0.00722798	9.68221e-07
Muller_E	4053592	0.992816	0.00718311	9.6799e-07
Muller_E	4056223	0.99284	0.00715889	9.67394e-07
Muller_E	4056545	0.992843	0.00715593	9.67299e-07
Muller_E	4056951	0.992847	0.00715218	9.67171e-07
Muller_E	4057601	0.992853	0.00714619	9.66951e-07
Muller_E	4057720	0.992854	0.00714509	9.66909e-07
Muller_E	4058043	0.992857	0.00714211	9.6679e-07
Muller_E	4058149	0.992858	0.00714113	9.6675e-07
Muller_E	4058704	0.992863	0.00713601	9.66532e-07
Muller_E	4059417	0.99287	0.00712943	9.6623e-07
Muller_E	4059965	0.992875	0.00712436	9.65983e-07
Muller_E	4061381	0.992888	0.00711127	9.65277e-07
Muller_E	4061745	0.992891	0.0071079	9.6508e-07
Muller_E	4062020	0.992894	0.00710535	9.64928e-07
Muller_E	4062507	0.992898	0.00710084	9.64649e-07
Muller_E	4062941	0.992902	0.00709682	9.64391e-07
Muller_E	4064035	0.992912	0.00708668	9.63702e-07
Muller_E	4064680	0.992918	0.00708069	9.6327e-07
Muller_E	4064829	0.99292	0.00707931	9.63167e-07
Muller_E	4065474	0.992926	0.00707332	9.62711e-07
Muller_E	4065574	0.992927	0.00707239	9.62639e-07
Muller_E	4066028	0.992931	0.00706818	9.62304e-07
Muller_E	4067541	0.992945	0.00705411	9.6112e-07
Muller_E	4067967	0.992949	0.00705014	9.60768e-07
Muller_E	4068535	0.992954	0.00704486	9.60285e-07
Muller_E	4069245	0.992961	0.00703824	9.59661e-07
Muller_E	4070105	0.992969	0.00703023	9.58874e-07
Muller_E	4071088	0.992978	0.00702106	9.57932e-07
Muller_E	4071641	0.992983	0.0070159	9.57384e-07
Muller_E	4072126	0.992988	0.00701137	9.56891e-07
Muller_E	4072768	0.992994	0.00700537	9.56222e-07
Muller_E	4072973	0.992996	0.00700346	9.56004e-07
Muller_E	4073359	0.992999	0.00699985	9.5559e-07
Muller_E	4075135	0.993016	0.00698323	9.53594e-07
Muller_E	4075254	0.993017	0.00698212	9.53455e-07
Muller_E	4076053	0.993024	0.00697463	9.52507e-07
Muller_E	4077160	0.993035	0.00696425	9.51145e-07
Muller_E	4078165	0.993044	0.00695482	9.49861e-07
Muller_E	4078690	0.993049	0.00694989	9.49173e-07
Muller_E	4078900	0.993051	0.00694792	9.48894e-07
Muller_E	4079010	0.993052	0.00694689	9.48747e-07
Muller_E	4079297	0.993055	0.00694419	9.48361e-07
Muller_E	4081728	0.993078	0.00692132	9.44945e-07
Muller_E	4082079	0.993081	0.00691802	9.4443e-07
Muller_E	4083988	0.993099	0.00690002	9.41534e-07
Muller_E	4085715	0.993115	0.00688372	9.38776e-07
Muller_E	4089306	0.993149	0.00684974	9.3262e-07
Muller_E	4089803	0.993154	0.00684503	9.31724e-07
Muller_E	4092778	0.993182	0.00681679	9.26135e-07
Muller_E	4092894	0.993183	0.00681569	9.25909e-07
Muller_E	4098915	0.993241	0.00675831	9.13401e-07
Muller_E	4109650	0.993344	0.00665531	8.873e-07
Muller_E	4113217	0.993378	0.00662087	8.77569e-07
Muller_E	4113538	0.993381	0.00661777	8.76667e-07
Muller_E	4114422	0.99339	0.00660922	8.74164e-07
Muller_E	4114803	0.993394	0.00660553	8.73075e-07
Muller_E	4115118	0.993397	0.00660248	8.7217e-07
Muller_E	4116856	0.993413	0.00658565	8.67106e-07
Muller_E	4117074	0.993416	0.00658353	8.66463e-07
Muller_E	4117473	0.993419	0.00657966	8.65279e-07
Muller_E	4118970	0.993434	0.00656513	8.60783e-07
Muller_E	4121851	0.993462	0.00653712	8.51876e-07
Muller_E	4122071	0.993464	0.00653497	8.51183e-07
Muller_E	4122393	0.993467	0.00653184	8.50164e-07
Muller_E	4122818	0.993471	0.0065277	8.48813e-07
Muller_E	4124318	0.993486	0.00651307	8.43988e-07
Muller_E	4124418	0.993487	0.0065121	8.43663e-07
Muller_E	4126492	0.993507	0.00649185	8.36836e-07
Muller_E	4127527	0.993517	0.00648173	8.33367e-07
Muller_E	4127720	0.993519	0.00647984	8.32715e-07
Muller_E	4128101	0.993523	0.00647611	8.31424e-07
Muller_E	4128234	0.993524	0.00647481	8.30973e-07
Muller_E	4130334	0.993545	0.00645424	8.23746e-07
Muller_E	4132221	0.993563	0.00643573	8.17107e-07
Muller_E	4134741	0.993588	0.00641096	8.08027e-07
Muller_E	4134982	0.993591	0.00640859	8.07146e-07
Muller_E	4136547	0.993606	0.00639318	8.0137e-07
Muller_E	4140224	0.993642	0.0063569	7.87434e-07
Muller_E	4140902	0.993649	0.0063502	7.84809e-07
Muller_E	4141485	0.993655	0.00634443	7.82537e-07
Muller_E	4143836	0.993678	0.00632116	7.7325e-07
Muller_E	4144350	0.993683	0.00631606	7.71192e-07
Muller_E	4144848	0.993688	0.00631112	7.69188e-07
Muller_E	4150850	0.993748	0.00625145	7.44327e-07
Muller_E	4151927	0.993759	0.00624071	7.39726e-07
Muller_E	4154621	0.993785	0.00621381	7.28036e-07
Muller_E	4159745	0.993837	0.00616248	7.05084e-07
Muller_E	4159958	0.993839	0.00616034	7.0411e-07
Muller_E	4160923	0.993849	0.00615065	6.99676e-07
Muller_E	4161787	0.993857	0.00614196	6.95679e-07
Muller_E	4162162	0.993861	0.00613819	6.93936e-07
Muller_E	4163984	0.993879	0.00611986	6.85397e-07
Muller_E	4164218	0.993882	0.0061175	6.84292e-07
Muller_E	4164859	0.993888	0.00611104	6.81256e-07
Muller_E	4165033	0.99389	0.00610929	6.80429e-07
Muller_E	4165157	0.993891	0.00610804	6.79839e-07
Muller_E	4165383	0.993894	0.00610576	6.78763e-07
Muller_E	4165808	0.993898	0.00610147	6.76734e-07
Muller_E	4165958	0.993899	0.00609996	6.76016e-07
Muller_E	4166062	0.9939	0.00609891	6.75518e-07
Muller_E	4166243	0.993902	0.00609708	6.74651e-07
Muller_E	4166628	0.993906	0.0060932	6.72802e-07
Muller_E	4168755	0.993928	0.00607171	6.62494e-07
Muller_E	4172546	0.993966	0.00603333	6.43742e-07
Muller_E	4172827	0.993969	0.00603048	6.42332e-07
Muller_E	4173860	0.993979	0.00602	6.37128e-07
Muller_E	4176100	0.994002	0.00599725	6.25722e-07
Muller_E	4176326	0.994004	0.00599495	6.24562e-07
Muller_E	4176826	0.99401	0.00598986	6.21989e-07
Muller_E	4177022	0.994012	0.00598787	6.20978e-07
Muller_E	4178339	0.994025	0.00597446	6.14154e-07
Muller_E	4178608	0.994028	0.00597172	6.12753e-07
Muller_E	4179326	0.994035	0.0059644	6.09002e-07
Muller_E	4180712	0.994049	0.00595027	6.01713e-07
Muller_E	4180966	0.994052	0.00594767	6.00371e-07
Muller_E	4184926	0.994092	0.00590719	5.79169e-07
Muller_E	4185178	0.994095	0.00590461	5.77803e-07
Muller_E	4185319	0.994096	0.00590317	5.77037e-07
Muller_E	4185532	0.994098	0.00590098	5.7588e-07
Muller_E	4187632	0.99412	0.00587946	5.64391e-07
Muller_E	4188227	0.994126	0.00587335	5.61111e-07
Muller_E	4188670	0.994131	0.0058688	5.58661e-07
Muller_E	4192621	0.994171	0.00582817	5.36537e-07
Muller_E	4193546	0.994181	0.00581864	5.31287e-07
Muller_E	4194407	0.99419	0.00580976	5.26377e-07
Muller_E	4195783	0.994204	0.00579556	5.18481e-07
Muller_E	4196010	0.994206	0.00579322	5.17173e-07
Muller_E	4197440	0.994221	0.00577844	5.08896e-07
Muller_E	4198223	0.994229	0.00577034	5.04338e-07
Muller_E	4199021	0.994237	0.00576208	4.99673e-07
Muller_E	4199203	0.994239	0.0057602	4.98606e-07
Muller_E	4199424	0.994242	0.00575791	4.97309e-07
Muller_E	4199639	0.994244	0.00575569	4.96046e-07
Muller_E	4199983	0.994247	0.00575212	4.94023e-07
Muller_E	4203293	0.994282	0.00571779	4.74371e-07
Muller_E	4205814	0.994308	0.00569158	4.59185e-07
Muller_E	4206134	0.994311	0.00568825	4.57243e-07
Muller_E	4207588	0.994326	0.00567311	4.48385e-07
Muller_E	4210680	0.994359	0.00564086	4.29343e-07
Muller_E	4210928	0.994361	0.00563827	4.27804e-07
Muller_E	4211312	0.994365	0.00563425	4.25417e-07
Muller_E	4211755	0.99437	0.00562962	4.22658e-07
Muller_E	4213444	0.994388	0.00561196	4.12087e-07
Muller_E	4216650	0.997008	0.00299232	2.75162e-08
Muller_E	4217058	0.994423	0.00557706	3.95047e-07
Muller_E	4217453	0.994424	0.00557579	3.98186e-07
Muller_E	4217565	0.994424	0.00557544	3.99074e-07
Muller_E	4217669	0.994424	0.0055751	3.99899e-07
Muller_E	4217825	0.994425	0.0055746	4.01136e-07
Muller_E	4218923	0.994429	0.00557108	4.09814e-07
Muller_E	4225215	0.994449	0.00555072	4.58649e-07
Muller_E	4232774	0.994474	0.00552584	5.15319e-07
Muller_E	4235298	0.994482	0.00551743	5.33759e-07
Muller_E	4245993	0.994518	0.00548124	6.09229e-07
Muller_E	4252835	0.994542	0.0054576	6.55266e-07
Muller_E	4253725	0.994545	0.0054545	6.61126e-07
Muller_E	4256197	0.994553	0.00544585	6.77251e-07
Muller_E	4261234	0.994571	0.00542808	7.09408e-07
Muller_E	4262892	0.994577	0.00542219	7.19789e-07
Muller_E	4263238	0.994578	0.00542095	7.21943e-07
Muller_E	4263588	0.99458	0.00541971	7.24117e-07
Muller_E	4264621	0.994583	0.00541602	7.30508e-07
Muller_E	4266950	0.994592	0.00540767	7.44773e-07
Muller_E	4267529	0.994594	0.00540558	7.48289e-07
Muller_E	4276223	0.994625	0.00537399	7.99614e-07
Muller_E	4311688	0.99476	0.00523888	9.81075e-07
Muller_E	4311965	0.994761	0.00523778	9.82319e-07
Muller_E	4312254	0.994762	0.00523664	9.83615e-07
Muller_E	4312510	0.994763	0.00523563	9.8476e-07
Muller_E	4334492	0.994852	0.00514669	1.07477e-06
Muller_E	4352032	0.994926	0.00507296	1.13502e-06
Muller_E	4353438	0.994932	0.00506694	1.13942e-06
Muller_E	4356857	0.994947	0.00505225	1.14984e-06
Muller_E	4360054	0.99496	0.00503842	1.15924e-06
Muller_E	4374783	0.995025	0.00497366	1.19838e-06
Muller_E	4374946	0.995026	0.00497293	1.19877e-06
Muller_E	4381350	0.995055	0.00494423	1.21363e-06
Muller_E	4558836	0.995981	0.00401798	1.17751e-06
Muller_E	4562012	0.996	0.0039991	1.17012e-06
Muller_E	4564083	0.996012	0.00398675	1.1652e-06
Muller_E	4564194	0.996013	0.00398609	1.16493e-06
Muller_E	4568491	0.996038	0.00396035	1.15444e-06
Muller_E	4569115	0.996042	0.0039566	1.15289e-06
Muller_E	4569749	0.996046	0.00395279	1.15131e-06
Muller_E	4570340	0.99605	0.00394923	1.14982e-06
Muller_E	4571890	0.996059	0.00393988	1.1459e-06
Muller_E	4572624	0.996063	0.00393545	1.14403e-06
Muller_E	4573491	0.996069	0.00393021	1.1418e-06
Muller_E	4573809	0.996071	0.00392829	1.14098e-06
Muller_E	4577361	0.996092	0.00390675	1.1317e-06
Muller_E	4577462	0.996093	0.00390613	1.13143e-06
Muller_E	4578308	0.996098	0.00390099	1.12918e-06
Muller_E	4580664	0.996112	0.00388662	1.12286e-06
Muller_E	4580954	0.996114	0.00388485	1.12207e-06
Muller_E	4581769	0.996119	0.00387987	1.11986e-06
Muller_E	4581909	0.99612	0.00387902	1.11947e-06
Muller_E	4583019	0.996127	0.00387222	1.11644e-06
Muller_E	4583393	0.996129	0.00386993	1.11541e-06
Muller_E	4583516	0.99613	0.00386918	1.11507e-06
Muller_E	4584473	0.996136	0.00386331	1.11242e-06
Muller_E	4589180	0.996165	0.00383434	1.09917e-06
Muller_E	4590247	0.996171	0.00382775	1.09611e-06
Muller_E	4591539	0.996179	0.00381975	1.09238e-06
Muller_E	4593253	0.99619	0.00380913	1.08739e-06
Muller_E	4593508	0.996191	0.00380754	1.08665e-06
Muller_E	4593974	0.996194	0.00380465	1.08528e-06
Muller_E	4595111	0.996201	0.00379758	1.08193e-06
Muller_E	4595303	0.996203	0.00379639	1.08136e-06
Muller_E	4597548	0.996217	0.0037824	1.07467e-06
Muller_E	4597833	0.996218	0.00378062	1.07381e-06
Muller_E	4600306	0.996234	0.00376515	1.06633e-06
Muller_E	4607273	0.996278	0.00372132	1.04473e-06
Muller_E	4607398	0.996278	0.00372053	1.04433e-06
Muller_E	4610441	0.996298	0.00370126	1.03464e-06
Muller_E	4611041	0.996302	0.00369746	1.03272e-06
Muller_E	4611562	0.996305	0.00369415	1.03104e-06
Muller_E	4611697	0.996306	0.00369329	1.0306e-06
Muller_E	4612447	0.99631	0.00368852	1.02818e-06
Muller_E	4612733	0.996312	0.0036867	1.02725e-06
Muller_E	4612927	0.996314	0.00368547	1.02662e-06
Muller_E	4613148	0.996315	0.00368406	1.0259e-06
Muller_E	4614502	0.996324	0.00367543	1.02149e-06
Muller_E	4615888	0.996332	0.00366658	1.01694e-06
Muller_E	4616173	0.996334	0.00366476	1.016e-06
Muller_E	4616508	0.996336	0.00366262	1.01489e-06
Muller_E	4616663	0.996337	0.00366163	1.01438e-06
Muller_E	4618190	0.996347	0.00365186	1.00932e-06
Muller_E	4619781	0.996357	0.00364165	1.004e-06
Muller_E	4622166	0.996373	0.00362632	9.95969e-07
Muller_E	4626314	0.996399	0.00359954	9.81793e-07
Muller_E	4626864	0.996403	0.00359598	9.79895e-07
Muller_E	4627368	0.996406	0.00359272	9.78151e-07
Muller_E	4627488	0.996407	0.00359194	9.77736e-07
Muller_E	4633961	0.996449	0.00354981	9.5501e-07
Muller_E	4635834	0.996461	0.00353756	9.48325e-07
Muller_E	4636452	0.996466	0.00353351	9.46108e-07
Muller_E	4637295	0.996471	0.00352799	9.43076e-07
Muller_E	4640891	0.996495	0.00350434	9.30036e-07
Muller_E	4645727	0.996527	0.00347238	9.12227e-07
Muller_E	4646376	0.996531	0.00346808	9.09813e-07
Muller_E	4646798	0.996534	0.00346528	9.08241e-07
Muller_E	4653320	0.996577	0.00342182	8.83657e-07
Muller_E	4656520	0.996599	0.00340037	8.71402e-07
Muller_E	4672665	0.996708	0.00329091	8.0774e-07
Muller_E	4674140	0.996718	0.0032808	8.01779e-07
Muller_E	4675745	0.996729	0.00326979	7.95266e-07
Muller_E	4676485	0.996735	0.0032647	7.92254e-07
Muller_E	4677110	0.996739	0.0032604	7.89706e-07
Muller_E	4677655	0.996743	0.00325665	7.87481e-07
Muller_E	4678986	0.996752	0.00324748	7.82033e-07
Muller_E	4680223	0.99676	0.00323894	7.76954e-07
Muller_E	4682403	0.996775	0.00322387	7.67965e-07
Muller_E	4682621	0.996777	0.00322236	7.67064e-07
Muller_E	4684270	0.996788	0.00321093	7.6023e-07
Muller_E	4685491	0.996797	0.00320245	7.55152e-07
Muller_E	4686019	0.9968	0.00319878	7.52952e-07
Muller_E	4687101	0.996808	0.00319125	7.48435e-07
Muller_E	4689628	0.996826	0.00317364	7.37842e-07
Muller_E	4690052	0.996829	0.00317068	7.36059e-07
Muller_E	4690344	0.996831	0.00316864	7.3483e-07
Muller_E	4690905	0.996835	0.00316471	7.32466e-07
Muller_E	4691125	0.996836	0.00316318	7.31539e-07
Muller_E	4691712	0.99684	0.00315907	7.29062e-07
Muller_E	4691999	0.996842	0.00315706	7.27849e-07
Muller_E	4692111	0.996843	0.00315628	7.27376e-07
Muller_E	4693234	0.996851	0.00314841	7.22624e-07
Muller_E	4693620	0.996854	0.0031457	7.20988e-07
Muller_E	4693753	0.996855	0.00314477	7.20424e-07
Muller_E	4694021	0.996856	0.00314289	7.19287e-07
Muller_E	4694592	0.99686	0.00313888	7.16862e-07
Muller_E	4696429	0.996873	0.00312597	7.09042e-07
Muller_E	4696792	0.996876	0.00312341	7.07493e-07
Muller_E	4699402	0.996894	0.00310501	6.96323e-07
Muller_E	4700957	0.996905	0.00309402	6.89641e-07
Muller_E	4702606	0.996917	0.00308235	6.82533e-07
Muller_E	4708142	0.996956	0.003043	6.58508e-07
Muller_E	4712097	0.996985	0.00301473	6.41198e-07
Muller_E	4713898	0.996998	0.00300182	6.33277e-07
Muller_E	4714194	0.997	0.00299969	6.31973e-07
Muller_E	4717094	0.997021	0.00297884	6.19164e-07
Muller_E	4717794	0.997026	0.00297379	6.16063e-07
Muller_E	4720564	0.997046	0.00295379	6.0376e-07
Muller_E	4722390	0.997059	0.00294058	5.95621e-07
Muller_E	4727534	0.997096	0.0029032	5.7258e-07
Muller_E	4730688	0.997119	0.00288017	5.58373e-07
Muller_E	4731377	0.997124	0.00287513	5.55261e-07
Muller_E	4732944	0.997136	0.00286366	5.48175e-07
Muller_E	4738342	0.997176	0.00282397	5.23662e-07
Muller_E	4739398	0.997183	0.00281618	5.18849e-07
Muller_E	4742492	0.997206	0.00279329	5.04716e-07
Muller_E	4745718	0.99723	0.00276935	4.89931e-07
Muller_E	4746457	0.997236	0.00276386	4.86538e-07
Muller_E	4748015	0.997247	0.00275226	4.79376e-07
Muller_E	4748352	0.99725	0.00274975	4.77826e-07
Muller_E	4748630	0.997252	0.00274767	4.76546e-07
Muller_E	4751071	0.99727	0.00272945	4.65299e-07
Muller_E	4751685	0.997275	0.00272485	4.62466e-07
Muller_E	4751817	0.997276	0.00272387	4.61857e-07
Muller_E	4752607	0.997282	0.00271795	4.5821e-07
Muller_E	4752773	0.997283	0.00271671	4.57443e-07
Muller_E	4753826	0.997291	0.00270882	4.52577e-07
Muller_E	4754671	0.997297	0.00270248	4.48669e-07
Muller_E	4756619	0.997312	0.00268784	4.39651e-07
Muller_E	4759191	0.997331	0.00266847	4.27724e-07
Muller_E	4761262	0.997347	0.00265283	4.18105e-07
Muller_E	4761866	0.997351	0.00264826	4.15298e-07
Muller_E	4761985	0.997352	0.00264736	4.14744e-07
Muller_E	4763545	0.997364	0.00263555	4.07487e-07
Muller_E	4764509	0.997371	0.00262824	4.02999e-07
Muller_E	4765595	0.99738	0.00262	3.9794e-07
Muller_E	4766291	0.997385	0.00261471	3.94696e-07
