chrom	position	2,0	1,1	0,2
Muller_E	62882	0.250625	0.601762	0.147613
Muller_E	267432	0.241826	0.620325	0.137849
Muller_E	441230	0.234301	0.636224	0.129475
Muller_E	511157	0.231258	0.642657	0.126084
Muller_E	557879	0.22922	0.646968	0.123811
Muller_E	581000	0.22821	0.649106	0.122684
Muller_E	709108	0.222594	0.660996	0.116411
Muller_E	768129	0.219994	0.666502	0.113504
Muller_E	785241	0.219239	0.668102	0.112659
Muller_E	787322	0.219147	0.668296	0.112556
Muller_E	787424	0.219143	0.668306	0.112551
Muller_E	788173	0.21911	0.668376	0.112514
Muller_E	788750	0.219084	0.66843	0.112486
Muller_E	788860	0.219079	0.66844	0.11248
Muller_E	791823	0.218949	0.668718	0.112334
Muller_E	802257	0.218488	0.669694	0.111818
Muller_E	893794	0.214433	0.678289	0.107278
Muller_E	894300	0.214411	0.678336	0.107253
Muller_E	896281	0.214323	0.678523	0.107154
Muller_E	897287	0.214278	0.678618	0.107104
Muller_E	897987	0.214247	0.678684	0.107069
Muller_E	901015	0.214112	0.678969	0.106919
Muller_E	901718	0.214081	0.679035	0.106884
Muller_E	923408	0.213117	0.68108	0.105803
Muller_E	923675	0.213105	0.681105	0.10579
Muller_E	924320	0.213076	0.681166	0.105758
Muller_E	927795	0.212922	0.681493	0.105585
Muller_E	948021	0.212022	0.683403	0.104575
Muller_E	948230	0.212012	0.683423	0.104565
Muller_E	958531	0.211553	0.684396	0.104051
Muller_E	967701	0.211144	0.685263	0.103592
Muller_E	969142	0.21108	0.6854	0.10352
Muller_E	1033237	0.208217	0.691475	0.100308
Muller_E	1120573	0.204297	0.699795	0.0959081
Muller_E	1123171	0.20418	0.700043	0.0957767
Muller_E	1146845	0.203114	0.702307	0.094579
Muller_E	1148492	0.20304	0.702465	0.0944956
Muller_E	1168315	0.202145	0.704364	0.0934909
Muller_E	1213395	0.200108	0.708692	0.0912008
Muller_E	1262309	0.19789	0.713403	0.088707
Muller_E	1275111	0.197308	0.714639	0.0880528
Muller_E	1275707	0.197281	0.714696	0.0880223
Muller_E	1314313	0.195524	0.71843	0.0860455
Muller_E	1318297	0.195343	0.718816	0.0858412
Muller_E	1358440	0.19351	0.722711	0.0837787
Muller_E	1358616	0.193502	0.722728	0.0837696
Muller_E	1378824	0.192578	0.724693	0.0827289
Muller_E	1480336	0.187915	0.73461	0.0774755
Muller_E	1489232	0.187504	0.735483	0.077013
Muller_E	1645912	0.180233	0.750955	0.0688119
Muller_E	1673398	0.178949	0.753689	0.0673619
Muller_E	1718642	0.176828	0.758204	0.0649677
Muller_E	1746815	0.175504	0.761024	0.063472
Muller_E	1763447	0.174721	0.762692	0.0625873
Muller_E	1765039	0.174646	0.762851	0.0625025
Muller_E	1765159	0.17464	0.762863	0.0624961
Muller_E	1765369	0.174631	0.762885	0.062485
Muller_E	1771226	0.174354	0.763472	0.062173
Muller_E	1799036	0.173042	0.766268	0.0606898
Muller_E	1802542	0.172876	0.766621	0.0605025
Muller_E	1802678	0.17287	0.766635	0.0604953
Muller_E	1803039	0.172853	0.766671	0.060476
Muller_E	1803347	0.172838	0.766702	0.0604595
Muller_E	1805518	0.172735	0.766921	0.0603435
Muller_E	1812938	0.172384	0.767669	0.059947
Muller_E	1813040	0.17238	0.767679	0.0599415
Muller_E	1815234	0.172276	0.7679	0.0598242
Muller_E	1815907	0.172244	0.767968	0.0597882
Muller_E	1816383	0.172221	0.768016	0.0597627
Muller_E	1831501	0.171506	0.769541	0.0589536
Muller_E	1850978	0.170582	0.771508	0.0579096
Muller_E	1851905	0.170538	0.771602	0.0578598
Muller_E	1852166	0.170526	0.771629	0.0578458
Muller_E	1857635	0.170266	0.772182	0.0575523
Muller_E	1861157	0.170099	0.772538	0.0573632
Muller_E	1861336	0.17009	0.772556	0.0573536
Muller_E	1861880	0.170064	0.772611	0.0573244
Muller_E	1866595	0.16984	0.773088	0.0570711
Muller_E	1870209	0.169669	0.773454	0.0568769
Muller_E	1871973	0.169585	0.773633	0.0567821
Muller_E	1880064	0.1692	0.774453	0.056347
Muller_E	1889333	0.168759	0.775393	0.0558482
Muller_E	1891195	0.16867	0.775582	0.0557479
Muller_E	1894320	0.168521	0.775899	0.0555796
Muller_E	1900363	0.168234	0.776512	0.0552541
Muller_E	1904375	0.168042	0.77692	0.0550378
Muller_E	1915469	0.167513	0.778047	0.0544394
Muller_E	1927060	0.16696	0.779227	0.0538135
Muller_E	1932459	0.166702	0.779776	0.0535218
Muller_E	1944351	0.166133	0.780988	0.0528786
Muller_E	1946702	0.166021	0.781228	0.0527514
Muller_E	1961660	0.165305	0.782754	0.0519413
Muller_E	1975567	0.164638	0.784175	0.051187
Muller_E	2011856	0.162895	0.787891	0.0492143
Muller_E	2013122	0.162834	0.78802	0.0491454
Muller_E	2044597	0.161318	0.791254	0.0474287
Muller_E	2048236	0.161142	0.791628	0.0472299
Muller_E	2048434	0.161132	0.791649	0.0472191
Muller_E	2086567	0.159289	0.79558	0.0451316
Muller_E	2103366	0.158474	0.797316	0.0442096
Muller_E	2117584	0.157784	0.798788	0.0434281
Muller_E	2126123	0.15737	0.799672	0.0429582
Muller_E	2135792	0.156899	0.800675	0.0424257
Muller_E	2140907	0.15665	0.801206	0.0421438
Muller_E	2141169	0.156638	0.801233	0.0421293
Muller_E	2142715	0.156562	0.801393	0.0420441
Muller_E	2145389	0.156432	0.801671	0.0418966
Muller_E	2146953	0.156356	0.801833	0.0418104
Muller_E	2147057	0.156351	0.801844	0.0418046
Muller_E	2201852	0.153676	0.80755	0.038774
Muller_E	2204792	0.153532	0.807857	0.0386109
Muller_E	2219543	0.15281	0.809398	0.037792
Muller_E	2220290	0.152773	0.809476	0.0377505
Muller_E	2241628	0.151726	0.81171	0.0365638
Muller_E	2243471	0.151635	0.811904	0.0364611
Muller_E	2531559	0.137285	0.842533	0.0201828
Muller_E	2693610	0.12903	0.860161	0.0108092
Muller_E	2696554	0.128878	0.860484	0.0106374
Muller_E	2706179	0.128384	0.861541	0.0100754
Muller_E	2713009	0.128032	0.862292	0.00967616
Muller_E	2716202	0.127868	0.862643	0.00948943
Muller_E	2721440	0.127598	0.863219	0.00918297
Muller_E	2735475	0.126875	0.864765	0.00836097
Muller_E	2763120	0.125446	0.867816	0.00673817
Muller_E	2777976	0.124677	0.869459	0.00586407
Muller_E	2779619	0.124592	0.869641	0.00576731
Muller_E	2787347	0.124191	0.870497	0.00531196
Muller_E	2788916	0.12411	0.870671	0.00521946
Muller_E	2795398	0.123773	0.87139	0.00483717
Muller_E	2798296	0.123623	0.871711	0.00466616
Muller_E	2799305	0.12357	0.871823	0.00460661
Muller_E	2800245	0.123521	0.871927	0.00455112
Muller_E	2800507	0.123508	0.871957	0.00453566
Muller_E	2800780	0.123494	0.871987	0.00451954
Muller_E	2800932	0.210957	0.78859	0.000452552
Muller_E	2801158	0.123461	0.872029	0.00450963
Muller_E	2805736	0.122966	0.872543	0.00449051
Muller_E	2807233	0.122804	0.872711	0.00448423
Muller_E	2807795	0.122743	0.872775	0.00448187
Muller_E	2808363	0.122682	0.872838	0.00447948
Muller_E	2809031	0.12261	0.872914	0.00447667
Muller_E	2809272	0.122584	0.872941	0.00447565
Muller_E	2809909	0.122515	0.873012	0.00447297
Muller_E	2811470	0.122346	0.873188	0.00446637
Muller_E	2811776	0.122313	0.873222	0.00446508
Muller_E	2812117	0.122276	0.87326	0.00446363
Muller_E	2815676	0.121891	0.873661	0.00444853
Muller_E	2816259	0.121828	0.873726	0.00444604
Muller_E	2817070	0.12174	0.873817	0.00444258
Muller_E	2817616	0.121681	0.873879	0.00444025
Muller_E	2819402	0.121488	0.87408	0.00443262
Muller_E	2820166	0.121405	0.874166	0.00442934
Muller_E	2820386	0.121381	0.874191	0.0044284
Muller_E	2820775	0.121339	0.874234	0.00442673
Muller_E	2821135	0.1213	0.874275	0.00442518
Muller_E	2821440	0.121267	0.874309	0.00442387
Muller_E	2826939	0.120672	0.874928	0.00440015
Muller_E	2831172	0.120213	0.875405	0.00438175
Muller_E	2831515	0.120176	0.875444	0.00438025
Muller_E	2832336	0.120087	0.875536	0.00437667
Muller_E	2833070	0.120008	0.875619	0.00437346
Muller_E	2850717	0.118095	0.87761	0.00429522
Muller_E	2853215	0.117824	0.877892	0.00428397
Muller_E	2856496	0.117468	0.878262	0.00426914
Muller_E	2856945	0.11742	0.878313	0.0042671
Muller_E	2857481	0.117362	0.878374	0.00426467
Muller_E	2858163	0.117288	0.878451	0.00426157
Muller_E	2859754	0.117115	0.878631	0.00425434
Muller_E	2859987	0.11709	0.878657	0.00425327
Muller_E	2862604	0.116806	0.878953	0.00424133
Muller_E	2866488	0.116384	0.879392	0.00422351
Muller_E	2867267	0.1163	0.87948	0.00421993
Muller_E	2868557	0.11616	0.879626	0.00421398
Muller_E	2870085	0.115994	0.879799	0.00420692
Muller_E	2870623	0.115936	0.87986	0.00420444
Muller_E	2876155	0.115335	0.880486	0.00417873
Muller_E	2877151	0.115227	0.880599	0.00417408
Muller_E	2886067	0.114259	0.881609	0.00413215
Muller_E	2886534	0.114208	0.881662	0.00412994
Muller_E	2887599	0.114092	0.881783	0.00412489
Muller_E	2887882	0.114061	0.881815	0.00412355
Muller_E	2888492	0.113995	0.881884	0.00412065
Muller_E	2888607	0.113983	0.881897	0.00412011
Muller_E	2890000	0.113831	0.882055	0.00411348
Muller_E	2890387	0.113789	0.882099	0.00411164
Muller_E	2890907	0.113733	0.882158	0.00410916
Muller_E	2894764	0.113314	0.882596	0.00409073
Muller_E	2899098	0.112843	0.883088	0.0040699
Muller_E	2901481	0.112584	0.883358	0.00405839
Muller_E	2901643	0.112566	0.883376	0.00405761
Muller_E	2902627	0.112459	0.883488	0.00405284
Muller_E	2903432	0.112371	0.88358	0.00404894
Muller_E	2904998	0.112201	0.883758	0.00404133
Muller_E	2905994	0.112093	0.883871	0.00403649
Muller_E	2907134	0.111969	0.884	0.00403093
Muller_E	2908511	0.111819	0.884157	0.00402421
Muller_E	2909452	0.111717	0.884264	0.00401961
Muller_E	2910160	0.11164	0.884344	0.00401614
Muller_E	2911022	0.111546	0.884442	0.00401192
Muller_E	2911252	0.111521	0.884468	0.00401079
Muller_E	2911992	0.11144	0.884552	0.00400716
Muller_E	2914672	0.111149	0.884857	0.00399398
Muller_E	2915489	0.11106	0.88495	0.00398995
Muller_E	2918585	0.110723	0.885302	0.00397464
Muller_E	2919015	0.110676	0.885351	0.00397251
Muller_E	2919728	0.110599	0.885432	0.00396897
Muller_E	2919971	0.110572	0.88546	0.00396777
Muller_E	2921506	0.190449	0.809146	0.000405014
Muller_E	2922564	0.110183	0.885839	0.00397848
Muller_E	2922707	0.110153	0.885866	0.00398096
Muller_E	2924226	0.109833	0.88616	0.00400728
Muller_E	2925108	0.109648	0.88633	0.00402256
Muller_E	2925552	0.109554	0.886415	0.00403025
Muller_E	2928855	0.10886	0.887053	0.00408745
Muller_E	2930674	0.108477	0.887404	0.00411893
Muller_E	2931258	0.108354	0.887517	0.00412904
Muller_E	2931592	0.108284	0.887581	0.00413482
Muller_E	2931798	0.108241	0.887621	0.00413838
Muller_E	2932326	0.10813	0.887723	0.00414752
Muller_E	2945623	0.105333	0.89029	0.00437734
Muller_E	2945753	0.105306	0.890315	0.00437959
Muller_E	2945878	0.105279	0.890339	0.00438175
Muller_E	2946001	0.105254	0.890363	0.00438387
Muller_E	2955783	0.103196	0.892251	0.00455261
Muller_E	2957997	0.10273	0.892679	0.00459076
Muller_E	2959282	0.10246	0.892927	0.0046129
Muller_E	2959697	0.102373	0.893007	0.00462005
Muller_E	2959819	0.102347	0.893031	0.00462215
Muller_E	2960759	0.102149	0.893212	0.00463834
Muller_E	2961667	0.101958	0.893388	0.00465398
Muller_E	2961801	0.10193	0.893414	0.00465628
Muller_E	2963254	0.101624	0.893694	0.0046813
Muller_E	2963568	0.101558	0.893755	0.0046867
Muller_E	2975263	0.0990979	0.896014	0.00488782
Muller_E	2976725	0.0987903	0.896297	0.00491293
Muller_E	2977784	0.0985675	0.896501	0.00493112
Muller_E	2982473	0.0975809	0.897408	0.00501161
Muller_E	2984283	0.0972	0.897757	0.00504266
Muller_E	2985483	0.0969475	0.897989	0.00506324
Muller_E	2985658	0.0969107	0.898023	0.00506624
Muller_E	2985908	0.0968581	0.898071	0.00507053
Muller_E	2987685	0.0964842	0.898415	0.005101
Muller_E	2992894	0.095388	0.899422	0.00519025
Muller_E	2993313	0.0952999	0.899503	0.00519743
Muller_E	2993798	0.0951978	0.899596	0.00520574
Muller_E	2994137	0.0951265	0.899662	0.00521154
Muller_E	2994487	0.0950528	0.89973	0.00521753
Muller_E	2994615	0.0950259	0.899754	0.00521973
Muller_E	2995123	0.094919	0.899853	0.00522842
Muller_E	2995701	0.0947973	0.899964	0.00523832
Muller_E	2996048	0.0947243	0.900031	0.00524426
Muller_E	2996738	0.0945791	0.900165	0.00525607
Muller_E	2996880	0.0945492	0.900192	0.0052585
Muller_E	2997113	0.0945002	0.900237	0.00526249
Muller_E	2999116	0.0940787	0.900625	0.00529677
Muller_E	2999459	0.0940065	0.900691	0.00530263
Muller_E	3001420	0.0935938	0.90107	0.00533618
Muller_E	3001578	0.0935605	0.901101	0.00533888
Muller_E	3001696	0.0935357	0.901123	0.0053409
Muller_E	3002579	0.0933499	0.901294	0.005356
Muller_E	3003095	0.0932413	0.901394	0.00536482
Muller_E	3003540	0.0931476	0.90148	0.00537243
Muller_E	3004120	0.0930256	0.901592	0.00538234
Muller_E	3005221	0.0927938	0.901805	0.00540116
Muller_E	3007967	0.0922159	0.902336	0.00544808
Muller_E	3012773	0.0912044	0.903265	0.00553015
Muller_E	3013331	0.0910869	0.903373	0.00553967
Muller_E	3013618	0.0910265	0.903429	0.00554457
Muller_E	3014080	0.0909293	0.903518	0.00555246
Muller_E	3014783	0.0907813	0.903654	0.00556445
Muller_E	3016296	0.0904628	0.903947	0.00559026
Muller_E	3017214	0.0902696	0.904124	0.00560592
Muller_E	3018320	0.0900368	0.904338	0.00562478
Muller_E	3018982	0.0898974	0.904466	0.00563607
Muller_E	3019303	0.0898299	0.904529	0.00564154
Muller_E	3019831	0.0897187	0.904631	0.00565054
Muller_E	3021834	0.0892971	0.905018	0.00568468
Muller_E	3021944	0.089274	0.905039	0.00568656
Muller_E	3023127	0.0890249	0.905268	0.00570672
Muller_E	3024474	0.0887414	0.905529	0.00572966
Muller_E	3024813	0.08867	0.905595	0.00573544
Muller_E	3029421	0.0877	0.906486	0.00581389
Muller_E	3029834	0.087613	0.906566	0.00582092
Muller_E	3030101	0.0875568	0.906618	0.00582546
Muller_E	3033200	0.0869044	0.907217	0.00587818
Muller_E	3033901	0.0867568	0.907353	0.0058901
Muller_E	3034073	0.0867206	0.907386	0.00589302
Muller_E	3036032	0.0863082	0.907765	0.00592633
Muller_E	3038305	0.0858296	0.908205	0.00596496
Muller_E	3041816	0.0850904	0.908885	0.0060246
Muller_E	3044683	0.0844867	0.90944	0.00607327
Muller_E	3046757	0.08405	0.909841	0.00610846
Muller_E	3046887	0.0840227	0.909867	0.00611066
Muller_E	3047900	0.0838094	0.910063	0.00612785
Muller_E	3048135	0.0837599	0.910108	0.00613183
Muller_E	3050664	0.0832274	0.910598	0.00617472
Muller_E	3051698	0.0830096	0.910798	0.00619225
Muller_E	3051968	0.0829528	0.91085	0.00619682
Muller_E	3052635	0.0828123	0.91098	0.00620813
Muller_E	3053197	0.082694	0.911088	0.00621765
Muller_E	3056428	0.0820136	0.911714	0.00627239
Muller_E	3056712	0.0819538	0.911769	0.0062772
Muller_E	3058398	0.0135957	0.973988	0.0124166
Muller_E	3059687	0.0815678	0.912117	0.00631543
Muller_E	3061511	0.0815241	0.912147	0.00632911
Muller_E	3062406	0.0815026	0.912162	0.00633581
Muller_E	3062537	0.0814995	0.912164	0.00633679
Muller_E	3100018	0.0805956	0.912792	0.00661253
Muller_E	3100718	0.0805787	0.912804	0.00661759
Muller_E	3112367	0.0802959	0.913003	0.00670124
Muller_E	3112987	0.0802808	0.913014	0.00670567
Muller_E	3113420	0.0802703	0.913021	0.00670876
Muller_E	3116107	0.0802049	0.913067	0.0067279
Muller_E	3119432	0.080124	0.913125	0.00675152
Muller_E	3119714	0.0801171	0.913129	0.00675351
Muller_E	3120862	0.0800891	0.913149	0.00676165
Muller_E	3122265	0.0800549	0.913173	0.00677158
Muller_E	3123364	0.0800282	0.913192	0.00677934
Muller_E	3124138	0.0800093	0.913206	0.00678481
Muller_E	3127464	0.0799281	0.913264	0.00680825
Muller_E	3128767	0.0798963	0.913286	0.00681741
Muller_E	3128895	0.0798932	0.913288	0.00681831
Muller_E	3129611	0.0798757	0.913301	0.00682334
Muller_E	3129743	0.0798725	0.913303	0.00682426
Muller_E	3130171	0.079862	0.913311	0.00682727
Muller_E	3131529	0.0798289	0.913334	0.00683679
Muller_E	3137674	0.0796786	0.913442	0.00687972
Muller_E	3139976	0.0796222	0.913482	0.00689573
Muller_E	3143168	0.079544	0.913538	0.00691787
Muller_E	3169152	0.0789051	0.913999	0.00709548
Muller_E	3170575	0.0788699	0.914025	0.00710508
Muller_E	3173857	0.0787889	0.914084	0.00712714
Muller_E	3192801	0.0783198	0.914427	0.00725304
Muller_E	3194086	0.0782879	0.914451	0.00726149
Muller_E	3194230	0.0782843	0.914453	0.00726244
Muller_E	3207603	0.0779516	0.914699	0.00734968
Muller_E	3207708	0.077949	0.914701	0.00735036
Muller_E	3208070	0.07794	0.914707	0.0073527
Muller_E	3208369	0.0779325	0.914713	0.00735464
Muller_E	3208507	0.0779291	0.914715	0.00735553
Muller_E	3208706	0.0779241	0.914719	0.00735682
Muller_E	3210124	0.0778887	0.914745	0.00736598
Muller_E	3211254	0.0778606	0.914766	0.00737328
Muller_E	3212088	0.0778398	0.914782	0.00737865
Muller_E	3216063	0.0777405	0.914855	0.00740422
Muller_E	3216461	0.0777306	0.914863	0.00740677
Muller_E	3217109	0.0777144	0.914875	0.00741093
Muller_E	3217441	0.0777061	0.914881	0.00741306
Muller_E	3217706	0.0776995	0.914886	0.00741476
Muller_E	3217825	0.0776965	0.914888	0.00741552
Muller_E	3218354	0.0776833	0.914898	0.00741891
Muller_E	3219292	0.0776599	0.914915	0.00742491
Muller_E	3219763	0.0776481	0.914924	0.00742792
Muller_E	3221459	0.0776057	0.914956	0.00743875
Muller_E	3222112	0.0775893	0.914968	0.00744291
Muller_E	3223012	0.0775668	0.914985	0.00744865
Muller_E	3223549	0.0775534	0.914995	0.00745207
Muller_E	3224815	0.0775217	0.915018	0.00746012
Muller_E	3226800	0.077472	0.915055	0.00747272
Muller_E	3229718	0.0773989	0.91511	0.0074912
Muller_E	3240322	0.0771328	0.915309	0.00755785
Muller_E	3240918	0.0771178	0.915321	0.00756158
Muller_E	3241273	0.0771089	0.915327	0.00756379
Muller_E	3247835	0.0769438	0.915452	0.0076046
Muller_E	3251442	0.076853	0.91552	0.0076269
Muller_E	3252203	0.0768338	0.915535	0.0076316
Muller_E	3254014	0.0767881	0.915569	0.00764275
Muller_E	3254518	0.0767754	0.915579	0.00764585
Muller_E	3255141	0.0767597	0.915591	0.00764968
Muller_E	3255365	0.076754	0.915595	0.00765106
Muller_E	3259142	0.0766587	0.915667	0.00767421
Muller_E	3259935	0.0766387	0.915682	0.00767906
Muller_E	3262497	0.076574	0.915731	0.00769469
Muller_E	3263708	0.0765433	0.915755	0.00770207
Muller_E	3264644	0.0765197	0.915773	0.00770776
Muller_E	3266132	0.0764821	0.915801	0.0077168
Muller_E	3266579	0.0764707	0.91581	0.00771951
Muller_E	3266806	0.076465	0.915814	0.00772089
Muller_E	3269029	0.0764087	0.915857	0.00773435
Muller_E	3271700	0.0763411	0.915908	0.00775048
Muller_E	3271881	0.0763365	0.915912	0.00775157
Muller_E	3273894	0.0762855	0.915951	0.00776369
Muller_E	3275081	0.0762554	0.915974	0.00777082
Muller_E	3275989	0.0762324	0.915991	0.00777627
Muller_E	3278049	0.0761801	0.916031	0.00778861
Muller_E	3280894	0.0761079	0.916086	0.00780561
Muller_E	3282107	0.0760771	0.91611	0.00781284
Muller_E	3282973	0.0760551	0.916127	0.007818
Muller_E	3284532	0.0760155	0.916157	0.00782727
Muller_E	3291321	0.0758428	0.91629	0.00786743
Muller_E	3291878	0.0758287	0.916301	0.00787071
Muller_E	3293351	0.0757911	0.916329	0.00787937
Muller_E	3293759	0.0757807	0.916337	0.00788177
Muller_E	3304917	0.0754961	0.916557	0.00794689
Muller_E	3306663	0.0754515	0.916592	0.007957
Muller_E	3306880	0.075446	0.916596	0.00795825
Muller_E	3310127	0.0753629	0.91666	0.007977
Muller_E	3312301	0.0753073	0.916703	0.0079895
Muller_E	3312718	0.0752966	0.916711	0.0079919
Muller_E	3318766	0.0751417	0.916832	0.0080265
Muller_E	3323588	0.075018	0.916928	0.0080539
Muller_E	3324201	0.0750023	0.91694	0.00805738
Muller_E	3324656	0.0749906	0.916949	0.00805995
Muller_E	3325091	0.0749794	0.916958	0.00806241
Muller_E	3326084	0.0749539	0.916978	0.00806802
Muller_E	3326190	0.0749512	0.91698	0.00806862
Muller_E	3330218	0.0748477	0.917061	0.00809132
Muller_E	3334866	0.0747282	0.917154	0.00811736
Muller_E	3337545	0.0746592	0.917209	0.00813231
Muller_E	3340268	0.074589	0.917264	0.00814744
Muller_E	3340480	0.0745836	0.917268	0.00814862
Muller_E	3410593	0.0727605	0.918719	0.00852038
Muller_E	3431230	0.0722178	0.919159	0.00862324
Muller_E	3437416	0.0720546	0.919292	0.00865349
Muller_E	3456916	0.0715385	0.919714	0.00874709
Muller_E	3457694	0.0715178	0.919731	0.00875077
Muller_E	3459001	0.0714831	0.91976	0.00875694
Muller_E	3462300	0.0713955	0.919832	0.00877246
Muller_E	3464519	0.0713366	0.919881	0.00878286
Muller_E	3464673	0.0713325	0.919884	0.00878358
Muller_E	3477602	0.0709882	0.920168	0.00884346
Muller_E	3525631	0.0697	0.921244	0.0090556
Muller_E	3546828	0.0691266	0.921729	0.00914406
Muller_E	3557059	0.0688488	0.921966	0.00918562
Muller_E	3566467	0.0685927	0.922184	0.00922319
Muller_E	3572057	0.0684403	0.922314	0.00924522
Muller_E	3572168	0.0684373	0.922317	0.00924565
Muller_E	3579272	0.0682433	0.922483	0.00927332
Muller_E	3579502	0.068237	0.922489	0.00927421
Muller_E	3582419	0.0681572	0.922557	0.00928546
Muller_E	3590131	0.118195	0.880237	0.0015681
Muller_E	3605233	0.0670502	0.922954	0.00999561
Muller_E	3610748	0.0667228	0.923033	0.0102439
Muller_E	3611776	0.0666618	0.923048	0.0102902
Muller_E	3615071	0.0664661	0.923095	0.0104385
Muller_E	3617701	0.0663099	0.923133	0.0105568
Muller_E	3617818	0.0663029	0.923135	0.0105621
Muller_E	3617948	0.0662952	0.923137	0.010568
Muller_E	3623404	0.065971	0.923216	0.0108133
Muller_E	3630035	0.0655769	0.923312	0.0111114
Muller_E	3631532	0.0654879	0.923333	0.0111787
Muller_E	3634067	0.0653372	0.92337	0.0112925
Muller_E	3642157	0.064856	0.923488	0.0116558
Muller_E	3643438	0.0647798	0.923507	0.0117133
Muller_E	3645674	0.0646468	0.92354	0.0118136
Muller_E	3652519	0.0642394	0.92364	0.0121206
Muller_E	3655257	0.0640763	0.92368	0.0122434
Muller_E	3657953	0.0639158	0.92372	0.0123642
Muller_E	3660200	0.063782	0.923753	0.0124649
Muller_E	3665461	0.0634686	0.923831	0.0127006
Muller_E	3670065	0.0631942	0.923899	0.0129067
Muller_E	3757777	0.0579518	0.925231	0.016817
Muller_E	3766114	0.0574519	0.925361	0.0171869
Muller_E	3770199	0.0572069	0.925425	0.0173681
Muller_E	3771242	0.0571443	0.925441	0.0174144
Muller_E	3775369	0.0568967	0.925506	0.0175973
Muller_E	3781958	0.0565013	0.92561	0.0178892
Muller_E	3788305	0.0561202	0.92571	0.0181703
Muller_E	3788531	0.0561066	0.925713	0.0181803
Muller_E	3788717	0.0560954	0.925716	0.0181885
Muller_E	3791492	0.0559287	0.92576	0.0183113
Muller_E	3791929	0.0559025	0.925767	0.0183307
Muller_E	3794089	0.0557727	0.925801	0.0184262
Muller_E	3798034	0.0555357	0.925864	0.0186008
Muller_E	3805877	0.0550642	0.925988	0.0189475
Muller_E	3808116	0.0549296	0.926024	0.0190464
Muller_E	3837593	0.0531553	0.926498	0.020347
Muller_E	3889492	0.050023	0.927349	0.0226279
Muller_E	3892070	0.0498672	0.927392	0.0227409
Muller_E	3892768	0.049825	0.927404	0.0227715
Muller_E	3893846	0.0497598	0.927421	0.0228188
Muller_E	3895236	0.0496757	0.927445	0.0228797
Muller_E	3896701	0.0495871	0.927469	0.0229439
Muller_E	3964144	0.0454988	0.928612	0.025889
Muller_E	3964249	0.0454924	0.928614	0.0258936
Muller_E	3964701	0.0454649	0.928622	0.0259133
Muller_E	3965335	0.0454264	0.928633	0.0259409
Muller_E	3965537	0.0454141	0.928636	0.0259497
Muller_E	3971184	0.045071	0.928734	0.0261954
Muller_E	4005791	0.042965	0.929337	0.0276982
Muller_E	4007537	0.0428587	0.929367	0.0277739
Muller_E	4008073	0.042826	0.929377	0.0277972
Muller_E	4008732	0.0427859	0.929388	0.0278257
Muller_E	4009275	0.0427528	0.929398	0.0278493
Muller_E	4009794	0.0427211	0.929407	0.0278717
Muller_E	4010462	0.0426804	0.929419	0.0279007
Muller_E	4011246	0.0426327	0.929433	0.0279347
Muller_E	4011350	0.0426263	0.929435	0.0279392
Muller_E	4011743	0.0426024	0.929441	0.0279562
Muller_E	4012926	0.0425303	0.929462	0.0280075
Muller_E	4015010	0.0424032	0.929499	0.0280977
Muller_E	4015956	0.0423456	0.929516	0.0281387
Muller_E	4016731	0.0422983	0.929529	0.0281723
Muller_E	4017133	0.0422738	0.929537	0.0281897
Muller_E	4017640	0.0422429	0.929545	0.0282116
Muller_E	4021078	0.0420332	0.929606	0.0283605
Muller_E	4021876	0.0419846	0.92962	0.028395
Muller_E	4022513	0.0419457	0.929632	0.0284226
Muller_E	4022928	0.0419204	0.929639	0.0284406
Muller_E	4024532	0.0418226	0.929667	0.02851
Muller_E	4024639	0.0418161	0.929669	0.0285146
Muller_E	4025270	0.0417776	0.929681	0.0285419
Muller_E	4027169	0.0416617	0.929714	0.0286241
Muller_E	4027437	0.0416454	0.929719	0.0286357
Muller_E	4027764	0.0416254	0.929725	0.0286498
Muller_E	4029270	0.0415335	0.929751	0.028715
Muller_E	4032202	0.0413546	0.929804	0.0288418
Muller_E	4032327	0.041347	0.929806	0.0288472
Muller_E	4033521	0.0412741	0.929827	0.0288988
Muller_E	4033797	0.0412573	0.929832	0.0289108
Muller_E	4036360	0.0411008	0.929878	0.0290216
Muller_E	4037138	0.0410533	0.929891	0.0290552
Muller_E	4037610	0.0410245	0.9299	0.0290756
Muller_E	4040496	0.0408483	0.929951	0.0292003
Muller_E	4040949	0.0408206	0.929959	0.0292199
Muller_E	4045900	0.0405182	0.930048	0.0294338
Muller_E	4046078	0.0405074	0.930051	0.0294414
Muller_E	4046843	0.0404606	0.930065	0.0294745
Muller_E	4047581	0.0404155	0.930078	0.0295063
Muller_E	4048275	0.0403731	0.930091	0.0295363
Muller_E	4048700	0.0403472	0.930098	0.0295547
Muller_E	4053592	0.0400482	0.930186	0.0297658
Muller_E	4056223	0.0398874	0.930233	0.0298793
Muller_E	4056545	0.0398677	0.930239	0.0298932
Muller_E	4056951	0.0398429	0.930246	0.0299108
Muller_E	4057601	0.0398032	0.930258	0.0299388
Muller_E	4057720	0.0397959	0.93026	0.0299439
Muller_E	4058043	0.0397762	0.930266	0.0299579
Muller_E	4058149	0.0397697	0.930268	0.0299624
Muller_E	4058704	0.0397358	0.930278	0.0299864
Muller_E	4059417	0.0396922	0.930291	0.0300171
Muller_E	4059965	0.0396587	0.930301	0.0300408
Muller_E	4061381	0.0395721	0.930326	0.0301018
Muller_E	4061745	0.0395498	0.930333	0.0301175
Muller_E	4062020	0.039533	0.930338	0.0301294
Muller_E	4062507	0.0395032	0.930346	0.0301504
Muller_E	4062941	0.0394767	0.930354	0.0301691
Muller_E	4064035	0.0394098	0.930374	0.0302163
Muller_E	4064680	0.0393703	0.930386	0.0302441
Muller_E	4064829	0.0393612	0.930388	0.0302505
Muller_E	4065474	0.0393218	0.9304	0.0302783
Muller_E	4065574	0.0393156	0.930402	0.0302826
Muller_E	4066028	0.0392879	0.93041	0.0303022
Muller_E	4067541	0.0391953	0.930437	0.0303674
Muller_E	4067967	0.0391693	0.930445	0.0303857
Muller_E	4068535	0.0391345	0.930455	0.0304102
Muller_E	4069245	0.0390911	0.930468	0.0304408
Muller_E	4070105	0.0390385	0.930484	0.0304779
Muller_E	4071088	0.0389783	0.930501	0.0305202
Muller_E	4071641	0.0389445	0.930512	0.030544
Muller_E	4072126	0.0389148	0.93052	0.0305649
Muller_E	4072768	0.0388755	0.930532	0.0305926
Muller_E	4072973	0.038863	0.930536	0.0306014
Muller_E	4073359	0.0388393	0.930543	0.030618
Muller_E	4075135	0.0387306	0.930575	0.0306945
Muller_E	4075254	0.0387234	0.930577	0.0306996
Muller_E	4076053	0.0386745	0.930591	0.0307341
Muller_E	4077160	0.0386067	0.930612	0.0307817
Muller_E	4078165	0.0385452	0.93063	0.030825
Muller_E	4078690	0.038513	0.930639	0.0308476
Muller_E	4078900	0.0385002	0.930643	0.0308566
Muller_E	4079010	0.0384934	0.930645	0.0308614
Muller_E	4079297	0.0384759	0.93065	0.0308737
Muller_E	4081728	0.038327	0.930695	0.0309784
Muller_E	4082079	0.0383055	0.930701	0.0309935
Muller_E	4083988	0.0381886	0.930736	0.0310756
Muller_E	4085715	0.0380829	0.930767	0.0311499
Muller_E	4089306	0.0378629	0.930833	0.0313044
Muller_E	4089803	0.0378324	0.930842	0.0313257
Muller_E	4092778	0.0376502	0.930896	0.0314537
Muller_E	4092894	0.037643	0.930898	0.0314586
Muller_E	4098915	0.037274	0.931009	0.0317174
Muller_E	4109650	0.0366157	0.931206	0.0321784
Muller_E	4113217	0.0363968	0.931272	0.0323315
Muller_E	4113538	0.0363771	0.931278	0.0323453
Muller_E	4114422	0.0363229	0.931294	0.0323832
Muller_E	4114803	0.0362995	0.931301	0.0323995
Muller_E	4115118	0.0362802	0.931307	0.032413
Muller_E	4116856	0.0361735	0.931339	0.0324876
Muller_E	4117074	0.0361601	0.931343	0.0324969
Muller_E	4117473	0.0361356	0.93135	0.0325141
Muller_E	4118970	0.0360437	0.931378	0.0325782
Muller_E	4121851	0.0358669	0.931431	0.0327018
Muller_E	4122071	0.0358534	0.931435	0.0327112
Muller_E	4122393	0.0358336	0.931441	0.032725
Muller_E	4122818	0.0358075	0.931449	0.0327432
Muller_E	4124318	0.0357154	0.931477	0.0328075
Muller_E	4124418	0.0357092	0.931479	0.0328118
Muller_E	4126492	0.0355819	0.931517	0.0329007
Muller_E	4127527	0.0355183	0.931537	0.032945
Muller_E	4127720	0.0355065	0.93154	0.0329533
Muller_E	4128101	0.0354831	0.931547	0.0329696
Muller_E	4128234	0.0354749	0.93155	0.0329753
Muller_E	4130334	0.0353459	0.931589	0.0330653
Muller_E	4132221	0.0352299	0.931624	0.0331461
Muller_E	4134741	0.0350751	0.931671	0.033254
Muller_E	4134982	0.0350603	0.931675	0.0332643
Muller_E	4136547	0.0349641	0.931705	0.0333313
Muller_E	4140224	0.0347381	0.931773	0.0334887
Muller_E	4140902	0.0346964	0.931786	0.0335177
Muller_E	4141485	0.0346606	0.931797	0.0335427
Muller_E	4143836	0.034516	0.931841	0.0336433
Muller_E	4144350	0.0344844	0.93185	0.0336652
Muller_E	4144848	0.0344538	0.93186	0.0336865
Muller_E	4150850	0.0340846	0.931972	0.0339432
Muller_E	4151927	0.0340184	0.931992	0.0339892
Muller_E	4154621	0.0338526	0.932043	0.0341044
Muller_E	4159745	0.0335373	0.932139	0.0343233
Muller_E	4159958	0.0335242	0.932143	0.0343324
Muller_E	4160923	0.0334648	0.932162	0.0343736
Muller_E	4161787	0.0334116	0.932178	0.0344105
Muller_E	4162162	0.0333885	0.932185	0.0344265
Muller_E	4163984	0.0332763	0.932219	0.0345043
Muller_E	4164218	0.0332619	0.932224	0.0345143
Muller_E	4164859	0.0332224	0.932236	0.0345417
Muller_E	4165033	0.0332117	0.932239	0.0345491
Muller_E	4165157	0.0332041	0.932242	0.0345544
Muller_E	4165383	0.0331902	0.932246	0.034564
Muller_E	4165808	0.033164	0.932254	0.0345822
Muller_E	4165958	0.0331547	0.932257	0.0345886
Muller_E	4166062	0.0331483	0.932259	0.034593
Muller_E	4166243	0.0331372	0.932262	0.0346007
Muller_E	4166628	0.0331135	0.932269	0.0346172
Muller_E	4168755	0.0329825	0.93231	0.034708
Muller_E	4172546	0.032749	0.932381	0.0348697
Muller_E	4172827	0.0327316	0.932387	0.0348817
Muller_E	4173860	0.032668	0.932406	0.0349258
Muller_E	4176100	0.03253	0.932449	0.0350213
Muller_E	4176326	0.032516	0.932453	0.0350309
Muller_E	4176826	0.0324852	0.932463	0.0350523
Muller_E	4177022	0.0324732	0.932466	0.0350606
Muller_E	4178339	0.032392	0.932491	0.0351168
Muller_E	4178608	0.0323754	0.932496	0.0351282
Muller_E	4179326	0.0323312	0.93251	0.0351588
Muller_E	4180712	0.0322457	0.932536	0.0352179
Muller_E	4180966	0.0322301	0.932541	0.0352287
Muller_E	4184926	0.0319859	0.932617	0.0353975
Muller_E	4185178	0.0319704	0.932621	0.0354082
Muller_E	4185319	0.0319617	0.932624	0.0354143
Muller_E	4185532	0.0319486	0.932628	0.0354233
Muller_E	4187632	0.0318191	0.932668	0.0355128
Muller_E	4188227	0.0317824	0.93268	0.0355381
Muller_E	4188670	0.031755	0.932688	0.035557
Muller_E	4192621	0.0315113	0.932763	0.0357252
Muller_E	4193546	0.0314543	0.932781	0.0357646
Muller_E	4194407	0.0314011	0.932798	0.0358013
Muller_E	4195783	0.0313162	0.932824	0.0358598
Muller_E	4196010	0.0313022	0.932828	0.0358695
Muller_E	4197440	0.031214	0.932856	0.0359304
Muller_E	4198223	0.0311657	0.932871	0.0359637
Muller_E	4199021	0.0311164	0.932886	0.0359976
Muller_E	4199203	0.0311052	0.932889	0.0360054
Muller_E	4199424	0.0310915	0.932894	0.0360148
Muller_E	4199639	0.0310783	0.932898	0.0360239
Muller_E	4199983	0.031057	0.932904	0.0360386
Muller_E	4203293	0.0308527	0.932968	0.0361794
Muller_E	4205814	0.030697	0.933016	0.0362866
Muller_E	4206134	0.0306773	0.933023	0.0363002
Muller_E	4207588	0.0305875	0.93305	0.036362
Muller_E	4210680	0.0303965	0.93311	0.0364934
Muller_E	4210928	0.0303812	0.933115	0.036504
Muller_E	4211312	0.0303575	0.933122	0.0365203
Muller_E	4211755	0.0303301	0.933131	0.0365391
Muller_E	4213444	0.0302258	0.933163	0.0366109
Muller_E	4216650	0.0300277	0.933225	0.0367471
Muller_E	4217058	0.0300025	0.933233	0.0367644
Muller_E	4217453	0.0299781	0.933241	0.0367812
Muller_E	4217565	0.0299712	0.933243	0.036786
Muller_E	4217669	0.0299647	0.933245	0.0367904
Muller_E	4217825	0.0299551	0.933248	0.036797
Muller_E	4218923	0.0298872	0.933269	0.0368436
Muller_E	4225215	0.0294983	0.933391	0.0371107
Muller_E	4232774	0.0290308	0.933538	0.0374314
Muller_E	4235298	0.0288746	0.933587	0.0375385
Muller_E	4245993	0.0282127	0.933796	0.0379917
Muller_E	4252835	0.0277889	0.93393	0.0382814
Muller_E	4253725	0.0277338	0.933947	0.038319
Muller_E	4256197	0.0275806	0.933996	0.0384236
Muller_E	4261234	0.0272685	0.934095	0.0386367
Muller_E	4262892	0.0271657	0.934127	0.0387068
Muller_E	4263238	0.0271443	0.934134	0.0387214
Muller_E	4263588	0.0271226	0.934141	0.0387362
Muller_E	4264621	0.0270585	0.934162	0.0387799
Muller_E	4266950	0.0269141	0.934208	0.0388784
Muller_E	4267529	0.0268782	0.934219	0.0389028
Muller_E	4276223	0.026339	0.934391	0.0392701
Muller_E	4311688	0.0241358	0.935099	0.0407651
Muller_E	4311965	0.0241186	0.935105	0.0407768
Muller_E	4312254	0.0241006	0.93511	0.040789
Muller_E	4312510	0.0240847	0.935116	0.0407997
Muller_E	4334492	0.0227164	0.93556	0.0417237
Muller_E	4352032	0.0216231	0.935917	0.0424595
Muller_E	4353438	0.0215354	0.935946	0.0425184
Muller_E	4356857	0.0213221	0.936016	0.0426617
Muller_E	4360054	0.0211226	0.936082	0.0427956
Muller_E	4374783	0.020203	0.936385	0.043412
Muller_E	4374946	0.0201928	0.936388	0.0434188
Muller_E	4381350	0.0197927	0.936521	0.0436866
Muller_E	4558836	0.00863146	0.940329	0.0510391
Muller_E	4562012	0.00843047	0.9404	0.0511695
Muller_E	4564083	0.00829938	0.940446	0.0512545
Muller_E	4564194	0.00829235	0.940449	0.0512591
Muller_E	4568491	0.00802031	0.940544	0.0514354
Muller_E	4569115	0.0079808	0.940558	0.051461
Muller_E	4569749	0.00794065	0.940572	0.051487
Muller_E	4570340	0.00790322	0.940586	0.0515112
Muller_E	4571890	0.00780506	0.94062	0.0515748
Muller_E	4572624	0.00775857	0.940637	0.0516049
Muller_E	4573491	0.00770365	0.940656	0.0516404
Muller_E	4573809	0.00768351	0.940663	0.0516535
Muller_E	4577361	0.00745848	0.940742	0.0517991
Muller_E	4577462	0.00745208	0.940745	0.0518032
Muller_E	4578308	0.00739847	0.940764	0.0518379
Muller_E	4580664	0.00724918	0.940816	0.0519344
Muller_E	4580954	0.0072308	0.940823	0.0519463
Muller_E	4581769	0.00717914	0.940841	0.0519797
Muller_E	4581909	0.00717027	0.940844	0.0519854
Muller_E	4583019	0.00709992	0.940869	0.0520309
Muller_E	4583393	0.00707621	0.940878	0.0520462
Muller_E	4583516	0.00706841	0.94088	0.0520513
Muller_E	4584473	0.00700775	0.940902	0.0520904
Muller_E	4589180	0.00670931	0.941008	0.0522832
Muller_E	4590247	0.00664165	0.941032	0.0523268
Muller_E	4591539	0.00655971	0.941061	0.0523797
Muller_E	4593253	0.00645099	0.941099	0.0524499
Muller_E	4593508	0.00643482	0.941105	0.0524603
Muller_E	4593974	0.000986655	0.906049	0.0929641
Muller_E	4595111	0.00639636	0.941105	0.0524981
Muller_E	4595303	0.00639486	0.941104	0.0525013
Muller_E	4597548	0.00637726	0.941084	0.0525384
Muller_E	4597833	0.00637502	0.941082	0.0525431
Muller_E	4600306	0.00635559	0.941061	0.0525838
Muller_E	4607273	0.00630061	0.941001	0.0526984
Muller_E	4607398	0.00629962	0.941	0.0527005
Muller_E	4610441	0.0062755	0.940974	0.0527504
Muller_E	4611041	0.00627073	0.940969	0.0527602
Muller_E	4611562	0.00626659	0.940965	0.0527688
Muller_E	4611697	0.00626552	0.940963	0.052771
Muller_E	4612447	0.00625955	0.940957	0.0527833
Muller_E	4612733	0.00625728	0.940955	0.052788
Muller_E	4612927	0.00625573	0.940953	0.0527912
Muller_E	4613148	0.00625398	0.940951	0.0527948
Muller_E	4614502	0.00624319	0.94094	0.052817
Muller_E	4615888	0.00623214	0.940928	0.0528396
Muller_E	4616173	0.00622986	0.940926	0.0528443
Muller_E	4616508	0.00622719	0.940923	0.0528498
Muller_E	4616663	0.00622595	0.940922	0.0528523
Muller_E	4618190	0.00621375	0.940909	0.0528773
Muller_E	4619781	0.00620102	0.940896	0.0529033
Muller_E	4622166	0.0061819	0.940876	0.0529422
Muller_E	4626314	0.00614855	0.940842	0.0530099
Muller_E	4626864	0.00614411	0.940837	0.0530188
Muller_E	4627368	0.00614005	0.940833	0.053027
Muller_E	4627488	0.00613908	0.940832	0.053029
Muller_E	4633961	0.00608673	0.940779	0.0531343
Muller_E	4635834	0.00607153	0.940764	0.0531647
Muller_E	4636452	0.0060665	0.940759	0.0531747
Muller_E	4637295	0.00605965	0.940752	0.0531884
Muller_E	4640891	0.00603035	0.940723	0.0532466
Muller_E	4645727	0.00599079	0.940684	0.0533249
Muller_E	4646376	0.00598547	0.940679	0.0533354
Muller_E	4646798	0.00598201	0.940676	0.0533422
Muller_E	4653320	0.00592834	0.940624	0.0534474
Muller_E	4656520	0.0059019	0.940599	0.0534989
Muller_E	4672665	0.00576734	0.940475	0.0537576
Muller_E	4674140	0.00575495	0.940464	0.0537812
Muller_E	4675745	0.00574145	0.940452	0.0538068
Muller_E	4676485	0.00573522	0.940446	0.0538186
Muller_E	4677110	0.00572996	0.940441	0.0538286
Muller_E	4677655	0.00572537	0.940437	0.0538373
Muller_E	4678986	0.00571414	0.940427	0.0538585
Muller_E	4680223	0.0057037	0.940418	0.0538782
Muller_E	4682403	0.00568526	0.940402	0.0539129
Muller_E	4682621	0.00568342	0.9404	0.0539163
Muller_E	4684270	0.00566945	0.940388	0.0539425
Muller_E	4685491	0.00565909	0.940379	0.0539619
Muller_E	4686019	0.00565461	0.940375	0.0539703
Muller_E	4687101	0.00564542	0.940367	0.0539875
Muller_E	4689628	0.00562392	0.940348	0.0540276
Muller_E	4690052	0.00562031	0.940345	0.0540343
Muller_E	4690344	0.00561782	0.940343	0.054039
Muller_E	4690905	0.00561304	0.940339	0.0540478
Muller_E	4691125	0.00561116	0.940338	0.0540513
Muller_E	4691712	0.00560616	0.940333	0.0540606
Muller_E	4691999	0.00560371	0.940331	0.0540652
Muller_E	4692111	0.00560275	0.94033	0.054067
Muller_E	4693234	0.00559316	0.940322	0.0540847
Muller_E	4693620	0.00558986	0.940319	0.0540908
Muller_E	4693753	0.00558873	0.940318	0.054093
Muller_E	4694021	0.00558644	0.940316	0.0540972
Muller_E	4694592	0.00558155	0.940312	0.0541062
Muller_E	4696429	0.00556583	0.940299	0.0541353
Muller_E	4696792	0.00556272	0.940296	0.054141
Muller_E	4699402	0.00554033	0.940277	0.0541823
Muller_E	4700957	0.00552697	0.940266	0.0542068
Muller_E	4702606	0.00551278	0.940254	0.0542328
Muller_E	4708142	0.005465	0.940215	0.05432
Muller_E	4712097	0.00543072	0.940187	0.0543821
Muller_E	4713898	0.00541508	0.940175	0.0544104
Muller_E	4714194	0.00541251	0.940172	0.054415
Muller_E	4717094	0.00538726	0.940152	0.0544605
Muller_E	4717794	0.00538116	0.940147	0.0544715
Muller_E	4720564	0.00535697	0.940128	0.0545148
Muller_E	4722390	0.00534099	0.940116	0.0545434
Muller_E	4727534	0.00529586	0.94008	0.0546237
Muller_E	4730688	0.0052681	0.940059	0.0546729
Muller_E	4731377	0.00526202	0.940054	0.0546836
Muller_E	4732944	0.00524819	0.940044	0.054708
Muller_E	4738342	0.00520041	0.940008	0.0547918
Muller_E	4739398	0.00519104	0.940001	0.0548082
Muller_E	4742492	0.00516353	0.93998	0.0548562
Muller_E	4745718	0.00513478	0.939959	0.0549061
Muller_E	4746457	0.00512818	0.939954	0.0549176
Muller_E	4748015	0.00511426	0.939944	0.0549417
Muller_E	4748352	0.00511124	0.939942	0.0549469
Muller_E	4748630	0.00510876	0.93994	0.0549512
Muller_E	4751071	0.0050869	0.939924	0.0549889
Muller_E	4751685	0.00508139	0.93992	0.0549983
Muller_E	4751817	0.00508021	0.939919	0.0550004
Muller_E	4752607	0.00507312	0.939914	0.0550126
Muller_E	4752773	0.00507163	0.939913	0.0550151
Muller_E	4753826	0.00506218	0.939906	0.0550313
Muller_E	4754671	0.00505458	0.939901	0.0550444
Muller_E	4756619	0.00503706	0.939889	0.0550744
Muller_E	4759191	0.00501387	0.939872	0.0551139
Muller_E	4761262	0.00499517	0.939859	0.0551458
Muller_E	4761866	0.00498971	0.939855	0.0551551
Muller_E	4761985	0.00498863	0.939854	0.0551569
Muller_E	4763545	0.00497452	0.939845	0.0551808
Muller_E	4764509	0.00496579	0.939839	0.0551956
Muller_E	4765595	0.00495594	0.939832	0.0552123
Muller_E	4766291	0.00494963	0.939827	0.055223
Muller_E	4766501	0.00494772	0.939826	0.0552262
Muller_E	4767354	0.00493998	0.939821	0.0552392
Muller_E	4769627	0.00491931	0.939807	0.0552741
Muller_E	4769950	0.00491637	0.939805	0.055279
Muller_E	4772288	0.00489508	0.93979	0.0553148
Muller_E	4773763	0.00488162	0.939781	0.0553373
Muller_E	4773963	0.00487979	0.93978	0.0553404
Muller_E	4774375	0.00487603	0.939777	0.0553466
Muller_E	4774957	0.00487071	0.939774	0.0553555
Muller_E	4775479	0.00486594	0.939771	0.0553635
Muller_E	4776619	0.00485552	0.939764	0.0553809
Muller_E	4779373	0.00483029	0.939747	0.0554229
Muller_E	4781913	0.00480698	0.939731	0.0554616
Muller_E	4782620	0.00480048	0.939727	0.0554723
Muller_E	4783326	0.00479399	0.939723	0.0554831
Muller_E	4786044	0.00476896	0.939707	0.0555244
Muller_E	4786690	0.004763	0.939703	0.0555342
Muller_E	4789453	0.00473749	0.939686	0.0555762
Muller_E	4790377	0.00472895	0.939681	0.0555902
Muller_E	4792360	0.00471059	0.939669	0.0556202
Muller_E	4792549	0.00470884	0.939668	0.0556231
Muller_E	4792702	0.00470742	0.939667	0.0556254
Muller_E	4822723	0.00442594	0.939497	0.0560771
Muller_E	4832155	0.00433615	0.939446	0.0562177
Muller_E	4834924	0.00430967	0.939431	0.0562588
Muller_E	4838041	0.00427979	0.939415	0.0563051
Muller_E	4839031	0.00427029	0.93941	0.0563198
Muller_E	4840034	0.00426065	0.939405	0.0563347
Muller_E	4843722	0.00422516	0.939386	0.0563893
Muller_E	4844215	0.00422041	0.939383	0.0563966
Muller_E	4846930	0.0041942	0.939369	0.0564367
Muller_E	4847984	0.00418401	0.939364	0.0564523
Muller_E	4849699	0.00416742	0.939355	0.0564776
Muller_E	4849916	0.00416532	0.939354	0.0564808
Muller_E	4850646	0.00415825	0.93935	0.0564916
Muller_E	4851102	0.00415383	0.939348	0.0564983
Muller_E	4851280	0.0041521	0.939347	0.0565009
Muller_E	4852753	0.00413782	0.93934	0.0565226
Muller_E	4853630	0.00412931	0.939335	0.0565356
