chrom	position	2,0	1,1	0,2
Muller_E	62882	0.0591949	0.220456	0.720349
Muller_E	267432	0.05572	0.221208	0.723072
Muller_E	441230	0.0528272	0.22155	0.725623
Muller_E	511157	0.0516786	0.221611	0.726711
Muller_E	557879	0.0509159	0.221627	0.727458
Muller_E	581000	0.05054	0.221627	0.727833
Muller_E	709108	0.0484739	0.221543	0.729983
Muller_E	768129	0.0475317	0.221455	0.731013
Muller_E	785241	0.0472597	0.221423	0.731317
Muller_E	787322	0.0472266	0.221419	0.731354
Muller_E	787424	0.047225	0.221419	0.731356
Muller_E	788173	0.0472131	0.221418	0.731369
Muller_E	788750	0.047204	0.221417	0.731379
Muller_E	788860	0.0472022	0.221416	0.731381
Muller_E	791823	0.0471552	0.221411	0.731434
Muller_E	802257	0.0469897	0.221389	0.731621
Muller_E	893794	0.0455459	0.221162	0.733292
Muller_E	894300	0.0455379	0.22116	0.733302
Muller_E	896281	0.0455068	0.221155	0.733338
Muller_E	897287	0.0454911	0.221152	0.733357
Muller_E	897987	0.0454801	0.22115	0.73337
Muller_E	901015	0.0454326	0.221141	0.733427
Muller_E	901718	0.0454216	0.221139	0.73344
Muller_E	923408	0.0450819	0.221072	0.733846
Muller_E	923675	0.0450777	0.221071	0.733851
Muller_E	924320	0.0450676	0.221069	0.733863
Muller_E	927795	0.0450133	0.221058	0.733929
Muller_E	948021	0.0446974	0.220991	0.734311
Muller_E	948230	0.0446941	0.220991	0.734315
Muller_E	958531	0.0445335	0.220955	0.734511
Muller_E	967701	0.0443907	0.220923	0.734686
Muller_E	969142	0.0443683	0.220918	0.734714
Muller_E	1033237	0.0433743	0.22067	0.735956
Muller_E	1120573	0.0420312	0.220272	0.737697
Muller_E	1123171	0.0419915	0.220259	0.737749
Muller_E	1146845	0.0416298	0.220139	0.738231
Muller_E	1148492	0.0416047	0.22013	0.738265
Muller_E	1168315	0.0413026	0.220025	0.738672
Muller_E	1213395	0.0406182	0.219773	0.739608
Muller_E	1262309	0.0398794	0.219479	0.740641
Muller_E	1275111	0.0396868	0.219399	0.740915
Muller_E	1275707	0.0396778	0.219395	0.740927
Muller_E	1314313	0.0390985	0.219143	0.741759
Muller_E	1318297	0.0390389	0.219116	0.741845
Muller_E	1358440	0.0384395	0.218838	0.742723
Muller_E	1358616	0.0384369	0.218836	0.742727
Muller_E	1378824	0.0381362	0.218691	0.743173
Muller_E	1480336	0.0366363	0.217903	0.745461
Muller_E	1489232	0.0365057	0.21783	0.745665
Muller_E	1645912	0.0342273	0.216416	0.749357
Muller_E	1673398	0.0338319	0.216145	0.750023
Muller_E	1718642	0.0331839	0.215683	0.751133
Muller_E	1746815	0.0327821	0.215386	0.751831
Muller_E	1763447	0.0325455	0.215208	0.752247
Muller_E	1765039	0.0325229	0.21519	0.752287
Muller_E	1765159	0.0325212	0.215189	0.75229
Muller_E	1765369	0.0325182	0.215187	0.752295
Muller_E	1771226	0.032435	0.215123	0.752442
Muller_E	1799036	0.0320409	0.214817	0.753142
Muller_E	1802542	0.0319913	0.214778	0.753231
Muller_E	1802678	0.0319894	0.214776	0.753235
Muller_E	1803039	0.0319843	0.214772	0.753244
Muller_E	1803347	0.0319799	0.214769	0.753251
Muller_E	1805518	0.0319492	0.214744	0.753307
Muller_E	1812938	0.0318444	0.214661	0.753495
Muller_E	1813040	0.0318429	0.21466	0.753497
Muller_E	1815234	0.031812	0.214635	0.753553
Muller_E	1815907	0.0318025	0.214627	0.75357
Muller_E	1816383	0.0317957	0.214622	0.753582
Muller_E	1831501	0.0315825	0.21445	0.753968
Muller_E	1850978	0.0313083	0.214225	0.754467
Muller_E	1851905	0.0312953	0.214214	0.75449
Muller_E	1852166	0.0312916	0.214211	0.754497
Muller_E	1857635	0.0312147	0.214147	0.754638
Muller_E	1861157	0.0311653	0.214106	0.754729
Muller_E	1861336	0.0311628	0.214104	0.754733
Muller_E	1861880	0.0311551	0.214098	0.754747
Muller_E	1866595	0.0310889	0.214042	0.754869
Muller_E	1870209	0.0310382	0.214	0.754962
Muller_E	1871973	0.0310135	0.213979	0.755008
Muller_E	1880064	0.0309001	0.213883	0.755217
Muller_E	1889333	0.0307703	0.213772	0.755458
Muller_E	1891195	0.0307442	0.21375	0.755506
Muller_E	1894320	0.0307005	0.213712	0.755587
Muller_E	1900363	0.030616	0.213639	0.755745
Muller_E	1904375	0.03056	0.213591	0.755849
Muller_E	1915469	0.0304051	0.213456	0.756139
Muller_E	1927060	0.0302435	0.213313	0.756443
Muller_E	1932459	0.0301683	0.213247	0.756585
Muller_E	1944351	0.0300029	0.213099	0.756899
Muller_E	1946702	0.0299702	0.213069	0.756961
Muller_E	1961660	0.0297625	0.212881	0.757357
Muller_E	1975567	0.0295698	0.212704	0.757726
Muller_E	2011856	0.0290684	0.212234	0.758698
Muller_E	2013122	0.0290509	0.212217	0.758732
Muller_E	2044597	0.0286179	0.211799	0.759583
Muller_E	2048236	0.0285679	0.21175	0.759682
Muller_E	2048434	0.0285652	0.211747	0.759687
Muller_E	2086567	0.0280431	0.211227	0.76073
Muller_E	2103366	0.0278139	0.210994	0.761192
Muller_E	2117584	0.0276203	0.210794	0.761586
Muller_E	2126123	0.0275042	0.210673	0.761823
Muller_E	2135792	0.0273729	0.210535	0.762092
Muller_E	2140907	0.0273035	0.210462	0.762234
Muller_E	2141169	0.0272999	0.210458	0.762242
Muller_E	2142715	0.0272789	0.210436	0.762285
Muller_E	2145389	0.0272427	0.210398	0.76236
Muller_E	2146953	0.0272215	0.210375	0.762403
Muller_E	2147057	0.0272201	0.210374	0.762406
Muller_E	2201852	0.0264799	0.209571	0.763949
Muller_E	2204792	0.0264403	0.209527	0.764032
Muller_E	2219543	0.026242	0.209306	0.764452
Muller_E	2220290	0.026232	0.209295	0.764473
Muller_E	2241628	0.0259458	0.208971	0.765083
Muller_E	2243471	0.0259212	0.208943	0.765136
Muller_E	2531559	0.0221356	0.204143	0.773722
Muller_E	2693610	0.0200699	0.201094	0.778836
Muller_E	2696554	0.0200328	0.201036	0.778931
Muller_E	2706179	0.0199116	0.200847	0.779242
Muller_E	2713009	0.0198257	0.200712	0.779463
Muller_E	2716202	0.0197855	0.200649	0.779566
Muller_E	2721440	0.0197197	0.200545	0.779736
Muller_E	2735475	0.0195437	0.200265	0.780191
Muller_E	2763120	0.019198	0.199708	0.781094
Muller_E	2777976	0.0190127	0.199406	0.781581
Muller_E	2779619	0.0189923	0.199372	0.781635
Muller_E	2787347	0.0188961	0.199214	0.78189
Muller_E	2788916	0.0188766	0.199182	0.781941
Muller_E	2795398	0.018796	0.199049	0.782155
Muller_E	2798296	0.01876	0.198989	0.782251
Muller_E	2799305	0.0187475	0.198968	0.782284
Muller_E	2800245	0.0187358	0.198949	0.782315
Muller_E	2800507	0.0187326	0.198943	0.782324
Muller_E	2800780	0.0187292	0.198938	0.782333
Muller_E	2800932	0.0187273	0.198935	0.782338
Muller_E	2801158	0.0187245	0.19893	0.782345
Muller_E	2805736	0.0186677	0.198835	0.782497
Muller_E	2807233	0.0186491	0.198804	0.782546
Muller_E	2807795	0.0186421	0.198793	0.782565
Muller_E	2808363	0.0186351	0.198781	0.782584
Muller_E	2809031	0.0186268	0.198767	0.782606
Muller_E	2809272	0.0186238	0.198762	0.782614
Muller_E	2809909	0.0186159	0.198749	0.782635
Muller_E	2811470	0.0185966	0.198717	0.782687
Muller_E	2811776	0.0185928	0.19871	0.782697
Muller_E	2812117	0.0185886	0.198703	0.782708
Muller_E	2815676	0.0185445	0.198629	0.782826
Muller_E	2816259	0.0185372	0.198617	0.782846
Muller_E	2817070	0.0185272	0.1986	0.782872
Muller_E	2817616	0.0185204	0.198589	0.782891
Muller_E	2819402	0.0184983	0.198552	0.78295
Muller_E	2820166	0.0184889	0.198536	0.782975
Muller_E	2820386	0.0184861	0.198531	0.782983
Muller_E	2820775	0.0184813	0.198523	0.782995
Muller_E	2821135	0.0184769	0.198516	0.783007
Muller_E	2821440	0.0184731	0.198509	0.783018
Muller_E	2826939	0.018405	0.198395	0.7832
Muller_E	2831172	0.0183527	0.198306	0.783341
Muller_E	2831515	0.0183485	0.198299	0.783353
Muller_E	2832336	0.0183383	0.198282	0.78338
Muller_E	2833070	0.0183293	0.198266	0.783404
Muller_E	2850717	0.0181115	0.197895	0.783993
Muller_E	2853215	0.0180807	0.197842	0.784077
Muller_E	2856496	0.0180403	0.197773	0.784187
Muller_E	2856945	0.0180347	0.197763	0.784202
Muller_E	2857481	0.0180281	0.197752	0.78422
Muller_E	2858163	0.0180197	0.197738	0.784243
Muller_E	2859754	0.0180002	0.197704	0.784296
Muller_E	2859987	0.0179973	0.197699	0.784304
Muller_E	2862604	0.0179651	0.197643	0.784392
Muller_E	2866488	0.0179173	0.197561	0.784522
Muller_E	2867267	0.0179077	0.197544	0.784548
Muller_E	2868557	0.0178919	0.197517	0.784591
Muller_E	2870085	0.0178731	0.197484	0.784643
Muller_E	2870623	0.0178665	0.197473	0.784661
Muller_E	2876155	0.0177985	0.197355	0.784847
Muller_E	2877151	0.0177863	0.197333	0.78488
Muller_E	2886067	0.0176769	0.197142	0.785181
Muller_E	2886534	0.0176712	0.197132	0.785197
Muller_E	2887599	0.0176581	0.197109	0.785233
Muller_E	2887882	0.0176546	0.197103	0.785242
Muller_E	2888492	0.0176472	0.19709	0.785263
Muller_E	2888607	0.0176458	0.197088	0.785267
Muller_E	2890000	0.0176287	0.197058	0.785314
Muller_E	2890387	0.0176239	0.197049	0.785327
Muller_E	2890907	0.0176176	0.197038	0.785344
Muller_E	2894764	0.0175703	0.196955	0.785475
Muller_E	2899098	0.0175173	0.196862	0.785621
Muller_E	2901481	0.0174881	0.19681	0.785702
Muller_E	2901643	0.0174861	0.196807	0.785707
Muller_E	2902627	0.0174741	0.196785	0.785741
Muller_E	2903432	0.0174642	0.196768	0.785768
Muller_E	2904998	0.0174451	0.196734	0.785821
Muller_E	2905994	0.0174329	0.196712	0.785855
Muller_E	2907134	0.017419	0.196688	0.785893
Muller_E	2908511	0.0174021	0.196658	0.78594
Muller_E	2909452	0.0173906	0.196637	0.785972
Muller_E	2910160	0.017382	0.196622	0.785996
Muller_E	2911022	0.0173715	0.196603	0.786025
Muller_E	2911252	0.0173687	0.196598	0.786033
Muller_E	2911992	0.0173596	0.196582	0.786058
Muller_E	2914672	0.0173269	0.196524	0.786149
Muller_E	2915489	0.0173169	0.196506	0.786177
Muller_E	2918585	0.0172791	0.196439	0.786282
Muller_E	2919015	0.0172739	0.196429	0.786297
Muller_E	2919728	0.0172652	0.196414	0.786321
Muller_E	2919971	0.0172622	0.196409	0.786329
Muller_E	2921506	0.0172435	0.196375	0.786381
Muller_E	2922564	0.0172306	0.196352	0.786417
Muller_E	2922707	0.0172288	0.196349	0.786422
Muller_E	2924226	0.0172103	0.196316	0.786474
Muller_E	2925108	0.0171996	0.196296	0.786504
Muller_E	2925552	0.0171941	0.196287	0.786519
Muller_E	2928855	0.0171539	0.196214	0.786632
Muller_E	2930674	0.0171317	0.196175	0.786694
Muller_E	2931258	0.0171246	0.196162	0.786714
Muller_E	2931592	0.0171205	0.196155	0.786725
Muller_E	2931798	0.017118	0.19615	0.786732
Muller_E	2932326	0.0171116	0.196138	0.78675
Muller_E	2945623	0.0169498	0.195846	0.787204
Muller_E	2945753	0.0169483	0.195843	0.787209
Muller_E	2945878	0.0169467	0.19584	0.787213
Muller_E	2946001	0.0169452	0.195838	0.787217
Muller_E	2955783	0.0168264	0.195621	0.787552
Muller_E	2957997	0.0167996	0.195572	0.787628
Muller_E	2959282	0.016784	0.195544	0.787672
Muller_E	2959697	0.016779	0.195535	0.787686
Muller_E	2959819	0.0167775	0.195532	0.787691
Muller_E	2960759	0.0167661	0.195511	0.787723
Muller_E	2961667	0.0167551	0.195491	0.787754
Muller_E	2961801	0.0167534	0.195488	0.787759
Muller_E	2963254	0.0167358	0.195456	0.787809
Muller_E	2963568	0.016732	0.195449	0.787819
Muller_E	2975263	0.0165904	0.195188	0.788222
Muller_E	2976725	0.0165727	0.195155	0.788272
Muller_E	2977784	0.0165599	0.195132	0.788309
Muller_E	2982473	0.0165032	0.195027	0.78847
Muller_E	2984283	0.0164813	0.194986	0.788533
Muller_E	2985483	0.0164668	0.194959	0.788574
Muller_E	2985658	0.0164647	0.194955	0.78858
Muller_E	2985908	0.0164617	0.194949	0.788589
Muller_E	2987685	0.0164402	0.19491	0.78865
Muller_E	2992894	0.0163773	0.194792	0.78883
Muller_E	2993313	0.0163722	0.194783	0.788845
Muller_E	2993798	0.0163664	0.194772	0.788862
Muller_E	2994137	0.0163623	0.194764	0.788873
Muller_E	2994487	0.0163581	0.194756	0.788885
Muller_E	2994615	0.0163565	0.194754	0.78889
Muller_E	2995123	0.0163504	0.194742	0.788907
Muller_E	2995701	0.0163434	0.194729	0.788927
Muller_E	2996048	0.0163393	0.194721	0.78894
Muller_E	2996738	0.0163309	0.194706	0.788963
Muller_E	2996880	0.0163292	0.194702	0.788968
Muller_E	2997113	0.0163264	0.194697	0.788976
Muller_E	2999116	0.0163022	0.194652	0.789046
Muller_E	2999459	0.0162981	0.194644	0.789058
Muller_E	3001420	0.0162745	0.1946	0.789126
Muller_E	3001578	0.0162726	0.194596	0.789131
Muller_E	3001696	0.0162711	0.194594	0.789135
Muller_E	3002579	0.0162605	0.194574	0.789166
Muller_E	3003095	0.0162543	0.194562	0.789184
Muller_E	3003540	0.0162489	0.194552	0.789199
Muller_E	3004120	0.0162419	0.194539	0.789219
Muller_E	3005221	0.0162287	0.194514	0.789257
Muller_E	3007967	0.0161956	0.194452	0.789353
Muller_E	3012773	0.0161378	0.194343	0.78952
Muller_E	3013331	0.016131	0.19433	0.789539
Muller_E	3013618	0.0161276	0.194323	0.789549
Muller_E	3014080	0.016122	0.194313	0.789565
Muller_E	3014783	0.0161136	0.194297	0.789589
Muller_E	3016296	0.0160954	0.194263	0.789642
Muller_E	3017214	0.0160843	0.194242	0.789674
Muller_E	3018320	0.016071	0.194216	0.789713
Muller_E	3018982	0.0160631	0.194201	0.789736
Muller_E	3019303	0.0160592	0.194194	0.789747
Muller_E	3019831	0.0160529	0.194182	0.789765
Muller_E	3021834	0.0160288	0.194136	0.789835
Muller_E	3021944	0.0160275	0.194134	0.789839
Muller_E	3023127	0.0160133	0.194107	0.78988
Muller_E	3024474	0.0159971	0.194076	0.789927
Muller_E	3024813	0.015993	0.194068	0.789939
Muller_E	3029421	0.0159377	0.193963	0.790099
Muller_E	3029834	0.0159327	0.193954	0.790114
Muller_E	3030101	0.0159295	0.193947	0.790123
Muller_E	3033200	0.0158923	0.193876	0.790231
Muller_E	3033901	0.0158839	0.19386	0.790256
Muller_E	3034073	0.0158819	0.193856	0.790262
Muller_E	3036032	0.0158584	0.193811	0.79033
Muller_E	3038305	0.0158311	0.193759	0.79041
Muller_E	3041816	0.0157891	0.193679	0.790532
Muller_E	3044683	0.0157547	0.193613	0.790633
Muller_E	3046757	0.0157299	0.193565	0.790705
Muller_E	3046887	0.0157283	0.193562	0.79071
Muller_E	3047900	0.0157162	0.193538	0.790745
Muller_E	3048135	0.0157134	0.193533	0.790754
Muller_E	3050664	0.0156831	0.193475	0.790842
Muller_E	3051698	0.0156708	0.193451	0.790879
Muller_E	3051968	0.0156675	0.193444	0.790888
Muller_E	3052635	0.0156596	0.193429	0.790911
Muller_E	3053197	0.0156528	0.193416	0.790931
Muller_E	3056428	0.0156142	0.193341	0.791044
Muller_E	3056712	0.0156108	0.193335	0.791054
Muller_E	3058398	0.0155907	0.193296	0.791114
Muller_E	3059687	0.0155753	0.193266	0.791159
Muller_E	3061511	0.0155535	0.193223	0.791223
Muller_E	3062406	0.0155428	0.193203	0.791254
Muller_E	3062537	0.0155412	0.1932	0.791259
Muller_E	3100018	0.0150949	0.192323	0.792582
Muller_E	3100718	0.0150866	0.192306	0.792607
Muller_E	3112367	0.0149484	0.192031	0.793021
Muller_E	3112987	0.0149411	0.192016	0.793043
Muller_E	3113420	0.014936	0.192006	0.793058
Muller_E	3116107	0.0149041	0.191942	0.793154
Muller_E	3119432	0.0148648	0.191863	0.793272
Muller_E	3119714	0.0148614	0.191856	0.793282
Muller_E	3120862	0.0148478	0.191829	0.793323
Muller_E	3122265	0.0148312	0.191795	0.793373
Muller_E	3123364	0.0148182	0.191769	0.793413
Muller_E	3124138	0.0148091	0.191751	0.79344
Muller_E	3127464	0.0147697	0.191671	0.793559
Muller_E	3128767	0.0147543	0.19164	0.793605
Muller_E	3128895	0.0147528	0.191637	0.79361
Muller_E	3129611	0.0147444	0.19162	0.793635
Muller_E	3129743	0.0147428	0.191617	0.79364
Muller_E	3130171	0.0147377	0.191607	0.793655
Muller_E	3131529	0.0147217	0.191574	0.793704
Muller_E	3137674	0.0146491	0.191427	0.793924
Muller_E	3139976	0.0146219	0.191372	0.794006
Muller_E	3143168	0.0145843	0.191296	0.79412
Muller_E	3169152	0.0142785	0.190668	0.795053
Muller_E	3170575	0.0142618	0.190634	0.795105
Muller_E	3173857	0.0142232	0.190554	0.795223
Muller_E	3192801	0.0140012	0.190091	0.795908
Muller_E	3194086	0.0139862	0.19006	0.795954
Muller_E	3194230	0.0139845	0.190056	0.795959
Muller_E	3207603	0.0138282	0.189727	0.796445
Muller_E	3207708	0.013827	0.189725	0.796448
Muller_E	3208070	0.0138227	0.189716	0.796462
Muller_E	3208369	0.0138193	0.189708	0.796473
Muller_E	3208507	0.0138176	0.189705	0.796478
Muller_E	3208706	0.0138153	0.1897	0.796485
Muller_E	3210124	0.0137988	0.189665	0.796536
Muller_E	3211254	0.0137856	0.189637	0.796577
Muller_E	3212088	0.0137759	0.189616	0.796608
Muller_E	3216063	0.0137295	0.189518	0.796752
Muller_E	3216461	0.0137249	0.189508	0.796767
Muller_E	3217109	0.0137173	0.189492	0.79679
Muller_E	3217441	0.0137134	0.189484	0.796803
Muller_E	3217706	0.0137103	0.189477	0.796812
Muller_E	3217825	0.013709	0.189474	0.796817
Muller_E	3218354	0.0137028	0.189461	0.796836
Muller_E	3219292	0.0136919	0.189438	0.79687
Muller_E	3219763	0.0136864	0.189426	0.796887
Muller_E	3221459	0.0136666	0.189384	0.796949
Muller_E	3222112	0.013659	0.189368	0.796973
Muller_E	3223012	0.0136485	0.189346	0.797006
Muller_E	3223549	0.0136423	0.189333	0.797025
Muller_E	3224815	0.0136275	0.189301	0.797071
Muller_E	3226800	0.0136044	0.189252	0.797144
Muller_E	3229718	0.0135705	0.189179	0.79725
Muller_E	3240322	0.0134472	0.188915	0.797638
Muller_E	3240918	0.0134403	0.1889	0.79766
Muller_E	3241273	0.0134362	0.188891	0.797673
Muller_E	3247835	0.01336	0.188727	0.797913
Muller_E	3251442	0.0133182	0.188636	0.798046
Muller_E	3252203	0.0133094	0.188617	0.798074
Muller_E	3254014	0.0132884	0.188572	0.79814
Muller_E	3254518	0.0132825	0.188559	0.798159
Muller_E	3255141	0.0132753	0.188543	0.798181
Muller_E	3255365	0.0132727	0.188538	0.79819
Muller_E	3259142	0.013229	0.188443	0.798328
Muller_E	3259935	0.0132198	0.188423	0.798358
Muller_E	3262497	0.0131901	0.188358	0.798452
Muller_E	3263708	0.0131761	0.188328	0.798496
Muller_E	3264644	0.0131653	0.188304	0.798531
Muller_E	3266132	0.0131481	0.188266	0.798586
Muller_E	3266579	0.0131429	0.188255	0.798602
Muller_E	3266806	0.0131403	0.188249	0.79861
Muller_E	3269029	0.0131146	0.188193	0.798692
Muller_E	3271700	0.0130837	0.188126	0.798791
Muller_E	3271881	0.0130816	0.188121	0.798797
Muller_E	3273894	0.0130584	0.18807	0.798872
Muller_E	3275081	0.0130447	0.18804	0.798915
Muller_E	3275989	0.0130342	0.188017	0.798949
Muller_E	3278049	0.0130104	0.187965	0.799025
Muller_E	3280894	0.0129776	0.187892	0.79913
Muller_E	3282107	0.0129636	0.187862	0.799175
Muller_E	3282973	0.0129536	0.18784	0.799207
Muller_E	3284532	0.0129356	0.1878	0.799264
Muller_E	3291321	0.0128573	0.187627	0.799516
Muller_E	3291878	0.0128509	0.187613	0.799536
Muller_E	3293351	0.012834	0.187575	0.799591
Muller_E	3293759	0.0128293	0.187565	0.799606
Muller_E	3304917	0.0127009	0.187279	0.80002
Muller_E	3306663	0.0126809	0.187234	0.800085
Muller_E	3306880	0.0126784	0.187229	0.800093
Muller_E	3310127	0.0126411	0.187145	0.800213
Muller_E	3312301	0.0126161	0.18709	0.800294
Muller_E	3312718	0.0126113	0.187079	0.80031
Muller_E	3318766	0.0125419	0.186923	0.800535
Muller_E	3323588	0.0124867	0.186799	0.800715
Muller_E	3324201	0.0124796	0.186783	0.800738
Muller_E	3324656	0.0124744	0.186771	0.800755
Muller_E	3325091	0.0124694	0.18676	0.800771
Muller_E	3326084	0.0124581	0.186734	0.800808
Muller_E	3326190	0.0124569	0.186731	0.800812
Muller_E	3330218	0.0124107	0.186627	0.800962
Muller_E	3334866	0.0123576	0.186507	0.801136
Muller_E	3337545	0.0123269	0.186437	0.801236
Muller_E	3340268	0.0122958	0.186366	0.801338
Muller_E	3340480	0.0122934	0.186361	0.801346
Muller_E	3410593	0.0114969	0.184512	0.803991
Muller_E	3431230	0.0112643	0.183959	0.804777
Muller_E	3437416	0.0111947	0.183792	0.805013
Muller_E	3456916	0.0109758	0.183264	0.805761
Muller_E	3457694	0.0109671	0.183242	0.805791
Muller_E	3459001	0.0109525	0.183207	0.805841
Muller_E	3462300	0.0109155	0.183117	0.805967
Muller_E	3464519	0.0108907	0.183056	0.806053
Muller_E	3464673	0.010889	0.183052	0.806059
Muller_E	3477602	0.0107444	0.182699	0.806557
Muller_E	3525631	0.0102104	0.181371	0.808419
Muller_E	3546828	0.00997611	0.180777	0.809247
Muller_E	3557059	0.00986334	0.180488	0.809648
Muller_E	3566467	0.00975982	0.180222	0.810018
Muller_E	3572057	0.0096984	0.180064	0.810238
Muller_E	3572168	0.00969718	0.180061	0.810242
Muller_E	3579272	0.0096192	0.179859	0.810522
Muller_E	3579502	0.00961668	0.179852	0.810531
Muller_E	3582419	0.00958469	0.179769	0.810646
Muller_E	3590131	0.0095002	0.179549	0.810951
Muller_E	3605233	0.00933509	0.179117	0.811548
Muller_E	3610748	0.0092749	0.178958	0.811767
Muller_E	3611776	0.00926369	0.178928	0.811808
Muller_E	3615071	0.00922776	0.178834	0.811939
Muller_E	3617701	0.0091991	0.178758	0.812043
Muller_E	3617818	0.00919783	0.178754	0.812048
Muller_E	3617948	0.00919641	0.178751	0.812053
Muller_E	3623404	0.009137	0.178593	0.81227
Muller_E	3630035	0.00906488	0.178401	0.812534
Muller_E	3631532	0.00904861	0.178358	0.812594
Muller_E	3634067	0.00902107	0.178284	0.812695
Muller_E	3642157	0.00893325	0.178049	0.813018
Muller_E	3643438	0.00891936	0.178012	0.813069
Muller_E	3645674	0.00889512	0.177946	0.813159
Muller_E	3652519	0.00882097	0.177747	0.813432
Muller_E	3655257	0.00879133	0.177667	0.813542
Muller_E	3657953	0.00876217	0.177588	0.81365
Muller_E	3660200	0.00873787	0.177522	0.81374
Muller_E	3665461	0.00868102	0.177368	0.813951
Muller_E	3670065	0.00863131	0.177232	0.814136
Muller_E	3757777	0.00769233	0.174613	0.817695
Muller_E	3766114	0.00760388	0.17436	0.818036
Muller_E	3770199	0.00756059	0.174235	0.818204
Muller_E	3771242	0.00754954	0.174204	0.818247
Muller_E	3775369	0.00750585	0.174078	0.818416
Muller_E	3781958	0.00743616	0.173877	0.818687
Muller_E	3788305	0.00736911	0.173682	0.818949
Muller_E	3788531	0.00736672	0.173675	0.818958
Muller_E	3788717	0.00736476	0.17367	0.818966
Muller_E	3791492	0.00733547	0.173585	0.81908
Muller_E	3791929	0.00733086	0.173571	0.819098
Muller_E	3794089	0.00730808	0.173505	0.819187
Muller_E	3798034	0.00726649	0.173384	0.81935
Muller_E	3805877	0.0071839	0.173142	0.819674
Muller_E	3808116	0.00716035	0.173073	0.819767
Muller_E	3837593	0.00685119	0.172159	0.82099
Muller_E	3889492	0.00631112	0.170527	0.823162
Muller_E	3892070	0.00628444	0.170445	0.82327
Muller_E	3892768	0.00627721	0.170423	0.8233
Muller_E	3893846	0.00626606	0.170389	0.823345
Muller_E	3895236	0.00625168	0.170345	0.823404
Muller_E	3896701	0.00623653	0.170298	0.823465
Muller_E	3964144	0.00554388	0.168129	0.826327
Muller_E	3964249	0.00554281	0.168126	0.826331
Muller_E	3964701	0.0055382	0.168111	0.826351
Muller_E	3965335	0.00553173	0.16809	0.826378
Muller_E	3965537	0.00552967	0.168084	0.826387
Muller_E	3971184	0.00547211	0.1679	0.826628
Muller_E	4005791	0.00512081	0.166765	0.828114
Muller_E	4007537	0.00510315	0.166708	0.828189
Muller_E	4008073	0.00509773	0.16669	0.828212
Muller_E	4008732	0.00509107	0.166668	0.828241
Muller_E	4009275	0.00508558	0.16665	0.828264
Muller_E	4009794	0.00508033	0.166633	0.828286
Muller_E	4010462	0.00507358	0.166611	0.828315
Muller_E	4011246	0.00506566	0.166585	0.828349
Muller_E	4011350	0.00506461	0.166582	0.828353
Muller_E	4011743	0.00506064	0.166569	0.82837
Muller_E	4012926	0.00504869	0.16653	0.828421
Muller_E	4015010	0.00502764	0.166461	0.828511
Muller_E	4015956	0.00501809	0.16643	0.828552
Muller_E	4016731	0.00501027	0.166404	0.828586
Muller_E	4017133	0.00500621	0.166391	0.828603
Muller_E	4017640	0.00500109	0.166374	0.828625
Muller_E	4021078	0.00496641	0.16626	0.828773
Muller_E	4021876	0.00495837	0.166234	0.828808
Muller_E	4022513	0.00495194	0.166213	0.828835
Muller_E	4022928	0.00494776	0.166199	0.828853
Muller_E	4024532	0.00493159	0.166146	0.828923
Muller_E	4024639	0.00493052	0.166142	0.828927
Muller_E	4025270	0.00492416	0.166121	0.828955
Muller_E	4027169	0.00490503	0.166058	0.829037
Muller_E	4027437	0.00490233	0.166049	0.829048
Muller_E	4027764	0.00489904	0.166038	0.829063
Muller_E	4029270	0.00488387	0.165988	0.829128
Muller_E	4032202	0.00485437	0.165891	0.829255
Muller_E	4032327	0.00485311	0.165887	0.82926
Muller_E	4033521	0.0048411	0.165847	0.829312
Muller_E	4033797	0.00483832	0.165838	0.829324
Muller_E	4036360	0.00481255	0.165752	0.829435
Muller_E	4037138	0.00480473	0.165727	0.829469
Muller_E	4037610	0.00479999	0.165711	0.829489
Muller_E	4040496	0.00477099	0.165615	0.829614
Muller_E	4040949	0.00476644	0.1656	0.829634
Muller_E	4045900	0.00471675	0.165434	0.829849
Muller_E	4046078	0.00471496	0.165428	0.829857
Muller_E	4046843	0.00470729	0.165403	0.82989
Muller_E	4047581	0.00469988	0.165378	0.829922
Muller_E	4048275	0.00469292	0.165355	0.829952
Muller_E	4048700	0.00468866	0.165341	0.829971
Muller_E	4053592	0.00463964	0.165177	0.830183
Muller_E	4056223	0.00461329	0.165089	0.830298
Muller_E	4056545	0.00461007	0.165078	0.830312
Muller_E	4056951	0.004606	0.165065	0.830329
Muller_E	4057601	0.0045995	0.165043	0.830358
Muller_E	4057720	0.00459831	0.165039	0.830363
Muller_E	4058043	0.00459507	0.165028	0.830377
Muller_E	4058149	0.00459401	0.165024	0.830382
Muller_E	4058704	0.00458846	0.165006	0.830406
Muller_E	4059417	0.00458133	0.164982	0.830437
Muller_E	4059965	0.00457584	0.164963	0.830461
Muller_E	4061381	0.00456168	0.164916	0.830522
Muller_E	4061745	0.00455804	0.164904	0.830538
Muller_E	4062020	0.00455529	0.164894	0.83055
Muller_E	4062507	0.00455042	0.164878	0.830571
Muller_E	4062941	0.00454608	0.164864	0.83059
Muller_E	4064035	0.00453515	0.164827	0.830638
Muller_E	4064680	0.0045287	0.164805	0.830666
Muller_E	4064829	0.00452721	0.1648	0.830673
Muller_E	4065474	0.00452077	0.164778	0.830701
Muller_E	4065574	0.00451977	0.164775	0.830705
Muller_E	4066028	0.00451523	0.16476	0.830725
Muller_E	4067541	0.00450012	0.164709	0.830791
Muller_E	4067967	0.00449587	0.164695	0.83081
Muller_E	4068535	0.00449019	0.164675	0.830834
Muller_E	4069245	0.0044831	0.164652	0.830865
Muller_E	4070105	0.00447452	0.164623	0.830903
Muller_E	4071088	0.00446471	0.16459	0.830946
Muller_E	4071641	0.00445919	0.164571	0.83097
Muller_E	4072126	0.00445435	0.164555	0.830991
Muller_E	4072768	0.00444794	0.164533	0.831019
Muller_E	4072973	0.0044459	0.164526	0.831028
Muller_E	4073359	0.00444205	0.164513	0.831045
Muller_E	4075135	0.00442434	0.164453	0.831123
Muller_E	4075254	0.00442315	0.164449	0.831128
Muller_E	4076053	0.00441518	0.164422	0.831163
Muller_E	4077160	0.00440415	0.164385	0.831211
Muller_E	4078165	0.00439413	0.164351	0.831255
Muller_E	4078690	0.0043889	0.164333	0.831278
Muller_E	4078900	0.00438681	0.164326	0.831287
Muller_E	4079010	0.00438571	0.164322	0.831292
Muller_E	4079297	0.00438285	0.164313	0.831304
Muller_E	4081728	0.00435864	0.164231	0.831411
Muller_E	4082079	0.00435514	0.164219	0.831426
Muller_E	4083988	0.00433614	0.164154	0.83151
Muller_E	4085715	0.00431895	0.164096	0.831585
Muller_E	4089306	0.00428324	0.163974	0.831743
Muller_E	4089803	0.0042783	0.163957	0.831764
Muller_E	4092778	0.00424873	0.163857	0.831895
Muller_E	4092894	0.00424758	0.163853	0.8319
Muller_E	4098915	0.0041878	0.163648	0.832164
Muller_E	4109650	0.00408141	0.163283	0.832636
Muller_E	4113217	0.00404611	0.163161	0.832793
Muller_E	4113538	0.00404294	0.16315	0.832807
Muller_E	4114422	0.0040342	0.16312	0.832846
Muller_E	4114803	0.00403043	0.163107	0.832863
Muller_E	4115118	0.00402731	0.163096	0.832877
Muller_E	4116856	0.00401013	0.163037	0.832953
Muller_E	4117074	0.00400798	0.163029	0.832963
Muller_E	4117473	0.00400403	0.163016	0.83298
Muller_E	4118970	0.00398924	0.162965	0.833046
Muller_E	4121851	0.00396079	0.162866	0.833173
Muller_E	4122071	0.00395861	0.162858	0.833183
Muller_E	4122393	0.00395543	0.162847	0.833197
Muller_E	4122818	0.00395124	0.162833	0.833216
Muller_E	4124318	0.00393643	0.162781	0.833282
Muller_E	4124418	0.00393545	0.162778	0.833286
Muller_E	4126492	0.00391498	0.162707	0.833378
Muller_E	4127527	0.00390478	0.162671	0.833424
Muller_E	4127720	0.00390287	0.162665	0.833432
Muller_E	4128101	0.00389912	0.162652	0.833449
Muller_E	4128234	0.0038978	0.162647	0.833455
Muller_E	4130334	0.0038771	0.162575	0.833548
Muller_E	4132221	0.00385851	0.16251	0.833631
Muller_E	4134741	0.00383369	0.162424	0.833742
Muller_E	4134982	0.00383131	0.162416	0.833753
Muller_E	4136547	0.00381591	0.162362	0.833822
Muller_E	4140224	0.00377973	0.162235	0.833985
Muller_E	4140902	0.00377306	0.162212	0.834015
Muller_E	4141485	0.00376733	0.162192	0.834041
Muller_E	4143836	0.00374422	0.162111	0.834145
Muller_E	4144350	0.00373917	0.162093	0.834168
Muller_E	4144848	0.00373428	0.162076	0.83419
Muller_E	4150850	0.00367534	0.161869	0.834456
Muller_E	4151927	0.00366478	0.161832	0.834504
Muller_E	4154621	0.00363835	0.161738	0.834623
Muller_E	4159745	0.00358814	0.161561	0.834851
Muller_E	4159958	0.00358606	0.161554	0.83486
Muller_E	4160923	0.00357661	0.16152	0.834903
Muller_E	4161787	0.00356815	0.16149	0.834942
Muller_E	4162162	0.00356448	0.161477	0.834958
Muller_E	4163984	0.00354665	0.161414	0.835039
Muller_E	4164218	0.00354436	0.161406	0.83505
Muller_E	4164859	0.00353809	0.161384	0.835078
Muller_E	4165033	0.00353638	0.161378	0.835086
Muller_E	4165157	0.00353517	0.161373	0.835091
Muller_E	4165383	0.00353296	0.161366	0.835102
Muller_E	4165808	0.0035288	0.161351	0.83512
Muller_E	4165958	0.00352733	0.161346	0.835127
Muller_E	4166062	0.00352632	0.161342	0.835132
Muller_E	4166243	0.00352455	0.161336	0.83514
Muller_E	4166628	0.00352078	0.161322	0.835157
Muller_E	4168755	0.00349999	0.161248	0.835252
Muller_E	4172546	0.00346295	0.161117	0.83542
Muller_E	4172827	0.0034602	0.161107	0.835433
Muller_E	4173860	0.00345011	0.161071	0.835479
Muller_E	4176100	0.00342825	0.160993	0.835579
Muller_E	4176326	0.00342604	0.160985	0.835589
Muller_E	4176826	0.00342116	0.160968	0.835611
Muller_E	4177022	0.00341925	0.160961	0.83562
Muller_E	4178339	0.0034064	0.160915	0.835679
Muller_E	4178608	0.00340378	0.160906	0.835691
Muller_E	4179326	0.00339678	0.160881	0.835723
Muller_E	4180712	0.00338326	0.160832	0.835785
Muller_E	4180966	0.00338079	0.160823	0.835796
Muller_E	4184926	0.0033422	0.160685	0.835973
Muller_E	4185178	0.00333974	0.160676	0.835984
Muller_E	4185319	0.00333837	0.160671	0.83599
Muller_E	4185532	0.00333629	0.160664	0.836
Muller_E	4187632	0.00331585	0.160591	0.836094
Muller_E	4188227	0.00331006	0.16057	0.83612
Muller_E	4188670	0.00330574	0.160554	0.83614
Muller_E	4192621	0.00326731	0.160416	0.836317
Muller_E	4193546	0.00325831	0.160384	0.836358
Muller_E	4194407	0.00324994	0.160354	0.836396
Muller_E	4195783	0.00323657	0.160305	0.836458
Muller_E	4196010	0.00323436	0.160297	0.836468
Muller_E	4197440	0.00322047	0.160247	0.836532
Muller_E	4198223	0.00321287	0.16022	0.836567
Muller_E	4199021	0.00320512	0.160192	0.836603
Muller_E	4199203	0.00320335	0.160185	0.836611
Muller_E	4199424	0.0032012	0.160178	0.836621
Muller_E	4199639	0.00319912	0.16017	0.836631
Muller_E	4199983	0.00319578	0.160158	0.836646
Muller_E	4203293	0.00316365	0.160042	0.836794
Muller_E	4205814	0.0031392	0.159953	0.836907
Muller_E	4206134	0.0031361	0.159942	0.836922
Muller_E	4207588	0.00312201	0.159891	0.836987
Muller_E	4210680	0.00309205	0.159782	0.837126
Muller_E	4210928	0.00308965	0.159773	0.837137
Muller_E	4211312	0.00308593	0.15976	0.837154
Muller_E	4211755	0.00308164	0.159744	0.837174
Muller_E	4213444	0.00306529	0.159685	0.83725
Muller_E	4216650	0.00303426	0.159572	0.837394
Muller_E	4217058	0.00303032	0.159557	0.837412
Muller_E	4217453	0.0030265	0.159543	0.83743
Muller_E	4217565	0.00302541	0.15954	0.837435
Muller_E	4217669	0.00302441	0.159536	0.83744
Muller_E	4217825	0.0030229	0.15953	0.837447
Muller_E	4218923	0.00301228	0.159492	0.837496
Muller_E	4225215	0.00295149	0.159269	0.837779
Muller_E	4232774	0.00287858	0.159002	0.83812
Muller_E	4235298	0.00285426	0.158912	0.838234
Muller_E	4245993	0.00275135	0.158532	0.838717
Muller_E	4252835	0.00268565	0.158288	0.839026
Muller_E	4253725	0.00267711	0.158257	0.839066
Muller_E	4256197	0.0026534	0.158168	0.839178
Muller_E	4261234	0.00260514	0.157988	0.839407
Muller_E	4262892	0.00258926	0.157929	0.839482
Muller_E	4263238	0.00258595	0.157917	0.839497
Muller_E	4263588	0.0025826	0.157904	0.839513
Muller_E	4264621	0.00257271	0.157867	0.83956
Muller_E	4266950	0.00255043	0.157784	0.839666
Muller_E	4267529	0.00254489	0.157763	0.839692
Muller_E	4276223	0.00246182	0.157451	0.840087
Muller_E	4311688	0.00212467	0.15617	0.841706
Muller_E	4311965	0.00212205	0.15616	0.841718
Muller_E	4312254	0.00211931	0.156149	0.841731
Muller_E	4312510	0.000221265	0.0923247	0.907454
Muller_E	4334492	0.00209669	0.155876	0.842028
Muller_E	4352032	0.00208028	0.155663	0.842257
Muller_E	4353438	0.00207896	0.155646	0.842275
Muller_E	4356857	0.00207573	0.155604	0.84232
Muller_E	4360054	0.0020727	0.155565	0.842362
Muller_E	4374783	0.00205863	0.155385	0.842556
Muller_E	4374946	0.00205847	0.155383	0.842559
Muller_E	4381350	0.0020523	0.155304	0.842644
Muller_E	4558836	0.001868	0.153036	0.845096
Muller_E	4562012	0.00186447	0.152994	0.845142
Muller_E	4564083	0.00186216	0.152966	0.845172
Muller_E	4564194	0.00186204	0.152965	0.845173
Muller_E	4568491	0.00185725	0.152908	0.845235
Muller_E	4569115	0.00185655	0.152899	0.845244
Muller_E	4569749	0.00185584	0.152891	0.845253
Muller_E	4570340	0.00185518	0.152883	0.845262
Muller_E	4571890	0.00185344	0.152862	0.845284
Muller_E	4572624	0.00185262	0.152853	0.845295
Muller_E	4573491	0.00185165	0.152841	0.845307
Muller_E	4573809	0.00185129	0.152837	0.845312
Muller_E	4577361	0.00184731	0.152789	0.845363
Muller_E	4577462	0.00184719	0.152788	0.845365
Muller_E	4578308	0.00184624	0.152777	0.845377
Muller_E	4580664	0.00184359	0.152745	0.845411
Muller_E	4580954	0.00184326	0.152741	0.845415
Muller_E	4581769	0.00184234	0.152731	0.845427
Muller_E	4581909	0.00184218	0.152729	0.845429
Muller_E	4583019	0.00184093	0.152714	0.845445
Muller_E	4583393	0.00184051	0.152709	0.845451
Muller_E	4583516	0.00184037	0.152707	0.845452
Muller_E	4584473	0.00183929	0.152694	0.845466
Muller_E	4589180	0.00183396	0.152631	0.845535
Muller_E	4590247	0.00183275	0.152617	0.84555
Muller_E	4591539	0.00183129	0.1526	0.845569
Muller_E	4593253	0.00182934	0.152577	0.845594
Muller_E	4593508	0.00182905	0.152573	0.845598
Muller_E	4593974	0.00182852	0.152567	0.845604
Muller_E	4595111	0.00182723	0.152552	0.845621
Muller_E	4595303	0.00182701	0.152549	0.845624
Muller_E	4597548	0.00182445	0.152519	0.845657
Muller_E	4597833	0.00182412	0.152515	0.845661
Muller_E	4600306	0.0018213	0.152482	0.845697
Muller_E	4607273	0.00181332	0.152388	0.845799
Muller_E	4607398	0.00181318	0.152386	0.8458
Muller_E	4610441	0.00180968	0.152345	0.845845
Muller_E	4611041	0.00180899	0.152337	0.845854
Muller_E	4611562	0.00180839	0.15233	0.845862
Muller_E	4611697	0.00180824	0.152328	0.845864
Muller_E	4612447	0.00180738	0.152318	0.845875
Muller_E	4612733	0.00180705	0.152314	0.845879
Muller_E	4612927	0.00180682	0.152312	0.845882
Muller_E	4613148	0.00180657	0.152309	0.845885
Muller_E	4614502	0.00180501	0.15229	0.845905
Muller_E	4615888	0.00180341	0.152272	0.845925
Muller_E	4616173	0.00180308	0.152268	0.845929
Muller_E	4616508	0.00180269	0.152263	0.845934
Muller_E	4616663	0.00180251	0.152261	0.845936
Muller_E	4618190	0.00180075	0.15224	0.845959
Muller_E	4619781	0.00179891	0.152219	0.845982
Muller_E	4622166	0.00179614	0.152186	0.846017
Muller_E	4626314	0.00179133	0.15213	0.846079
Muller_E	4626864	0.00179069	0.152123	0.846087
Muller_E	4627368	0.0017901	0.152116	0.846094
Muller_E	4627488	0.00178996	0.152114	0.846096
Muller_E	4633961	0.00178241	0.152026	0.846192
Muller_E	4635834	0.00178022	0.152	0.846219
Muller_E	4636452	0.0017795	0.151992	0.846229
Muller_E	4637295	0.00177851	0.15198	0.846241
Muller_E	4640891	0.0017743	0.151931	0.846294
Muller_E	4645727	0.00176861	0.151865	0.846366
Muller_E	4646376	0.00176784	0.151856	0.846376
Muller_E	4646798	0.00176735	0.15185	0.846382
Muller_E	4653320	0.00175964	0.151761	0.846479
Muller_E	4656520	0.00175585	0.151717	0.846527
Muller_E	4672665	0.0017366	0.151494	0.846769
Muller_E	4674140	0.00173483	0.151474	0.846792
Muller_E	4675745	0.0017329	0.151451	0.846816
Muller_E	4676485	0.00173201	0.151441	0.846827
Muller_E	4677110	0.00173126	0.151432	0.846836
Muller_E	4677655	0.00173061	0.151425	0.846844
Muller_E	4678986	0.001729	0.151406	0.846865
Muller_E	4680223	0.00172751	0.151389	0.846883
Muller_E	4682403	0.00172489	0.151359	0.846916
Muller_E	4682621	0.00172462	0.151356	0.846919
Muller_E	4684270	0.00172263	0.151333	0.846944
Muller_E	4685491	0.00172116	0.151316	0.846963
Muller_E	4686019	0.00172052	0.151309	0.846971
Muller_E	4687101	0.00171921	0.151294	0.846987
Muller_E	4689628	0.00171615	0.151258	0.847025
Muller_E	4690052	0.00171564	0.151253	0.847032
Muller_E	4690344	0.00171528	0.151248	0.847036
Muller_E	4690905	0.0017146	0.151241	0.847045
Muller_E	4691125	0.00171433	0.151238	0.847048
Muller_E	4691712	0.00171362	0.151229	0.847057
Muller_E	4691999	0.00171327	0.151225	0.847061
Muller_E	4692111	0.00171314	0.151224	0.847063
Muller_E	4693234	0.00171177	0.151208	0.84708
Muller_E	4693620	0.00171131	0.151203	0.847086
Muller_E	4693753	0.00171114	0.151201	0.847088
Muller_E	4694021	0.00171082	0.151197	0.847092
Muller_E	4694592	0.00171012	0.151189	0.847101
Muller_E	4696429	0.00170789	0.151164	0.847129
Muller_E	4696792	0.00170745	0.151159	0.847134
Muller_E	4699402	0.00170427	0.151122	0.847174
Muller_E	4700957	0.00170237	0.1511	0.847197
Muller_E	4702606	0.00170036	0.151077	0.847222
Muller_E	4708142	0.00169358	0.151	0.847307
Muller_E	4712097	0.00168872	0.150944	0.847367
Muller_E	4713898	0.00168651	0.150919	0.847395
Muller_E	4714194	0.00168614	0.150915	0.847399
Muller_E	4717094	0.00168257	0.150874	0.847444
Muller_E	4717794	0.00168171	0.150864	0.847454
Muller_E	4720564	0.00167829	0.150825	0.847497
Muller_E	4722390	0.00167603	0.150799	0.847525
Muller_E	4727534	0.00166966	0.150726	0.847604
Muller_E	4730688	0.00166574	0.150682	0.847652
Muller_E	4731377	0.00166488	0.150672	0.847663
Muller_E	4732944	0.00166293	0.15065	0.847687
Muller_E	4738342	0.0016562	0.150573	0.84777
Muller_E	4739398	0.00165488	0.150558	0.847787
Muller_E	4742492	0.00165101	0.150514	0.847835
Muller_E	4745718	0.00164696	0.150469	0.847884
Muller_E	4746457	0.00164603	0.150458	0.847896
Muller_E	4748015	0.00164408	0.150436	0.84792
Muller_E	4748352	0.00164365	0.150431	0.847925
Muller_E	4748630	0.0016433	0.150427	0.84793
Muller_E	4751071	0.00164023	0.150392	0.847967
Muller_E	4751685	0.00163946	0.150384	0.847977
Muller_E	4751817	0.00163929	0.150382	0.847979
Muller_E	4752607	0.0016383	0.15037	0.847991
Muller_E	4752773	0.00163809	0.150368	0.847994
Muller_E	4753826	0.00163676	0.150353	0.84801
Muller_E	4754671	0.0016357	0.150341	0.848023
Muller_E	4756619	0.00163324	0.150313	0.848054
Muller_E	4759191	0.00162998	0.150276	0.848094
Muller_E	4761262	0.00162736	0.150247	0.848126
Muller_E	4761866	0.0016266	0.150238	0.848135
Muller_E	4761985	0.00162645	0.150236	0.848137
Muller_E	4763545	0.00162447	0.150214	0.848161
Muller_E	4764509	0.00162324	0.1502	0.848177
Muller_E	4765595	0.00162187	0.150185	0.848193
Muller_E	4766291	0.00162098	0.150175	0.848204
Muller_E	4766501	0.00162071	0.150172	0.848208
Muller_E	4767354	0.00161963	0.150159	0.848221
Muller_E	4769627	0.00619044	0.344844	0.648966
Muller_E	4769950	0.00161587	0.150099	0.848286
Muller_E	4772288	0.00160956	0.149894	0.848496
Muller_E	4773763	0.00160558	0.149765	0.848629
Muller_E	4773963	0.00160504	0.149747	0.848648
Muller_E	4774375	0.00160393	0.149711	0.848685
Muller_E	4774957	0.00160236	0.14966	0.848737
Muller_E	4775479	0.00160095	0.149615	0.848784
Muller_E	4776619	0.00159788	0.149515	0.848887
Muller_E	4779373	0.00159046	0.149274	0.849136
Muller_E	4781913	0.00158362	0.149051	0.849365
Muller_E	4782620	0.00158172	0.14899	0.849429
Muller_E	4783326	0.00157982	0.148928	0.849493
Muller_E	4786044	0.00157251	0.14869	0.849738
Muller_E	4786690	0.00157077	0.148633	0.849796
Muller_E	4789453	0.00156335	0.148391	0.850046
Muller_E	4790377	0.00156087	0.14831	0.850129
Muller_E	4792360	0.00155555	0.148136	0.850308
Muller_E	4792549	0.00155504	0.148119	0.850325
Muller_E	4792702	0.00155463	0.148106	0.850339
Muller_E	4822723	0.00147443	0.14547	0.853055
Muller_E	4832155	0.00144938	0.144641	0.85391
Muller_E	4834924	0.00144203	0.144397	0.854161
Muller_E	4838041	0.00143378	0.144123	0.854444
Muller_E	4839031	0.00143116	0.144035	0.854533
Muller_E	4840034	0.0014285	0.143947	0.854624
Muller_E	4843722	0.00141875	0.143622	0.854959
Muller_E	4844215	0.00141745	0.143579	0.855004
Muller_E	4846930	0.00141028	0.143339	0.85525
Muller_E	4847984	0.00140749	0.143247	0.855346
Muller_E	4849699	0.00140297	0.143095	0.855502
Muller_E	4849916	0.0014024	0.143076	0.855521
Muller_E	4850646	0.00140047	0.143012	0.855588
Muller_E	4851102	0.00139927	0.142972	0.855629
Muller_E	4851280	0.0013988	0.142956	0.855645
Muller_E	4852753	0.00139492	0.142826	0.855779
Muller_E	4853630	0.0013926	0.142749	0.855859
Muller_E	4855355	0.00138806	0.142597	0.856015
Muller_E	4859608	0.00137687	0.142222	0.856402
Muller_E	4860728	0.00137392	0.142123	0.856503
Muller_E	4862947	0.00136809	0.141927	0.856705
Muller_E	4865598	0.00136113	0.141693	0.856946
Muller_E	4865718	0.00136082	0.141682	0.856957
Muller_E	4866182	0.0013596	0.141641	0.856999
Muller_E	4867670	0.00135569	0.14151	0.857134
Muller_E	4869382	0.0013512	0.141359	0.85729
Muller_E	4875634	0.00133483	0.140806	0.857859
Muller_E	4875860	0.00133424	0.140786	0.857879
Muller_E	4876983	0.0013313	0.140687	0.857982
Muller_E	4877350	0.00133034	0.140655	0.858015
Muller_E	4878065	0.00132847	0.140591	0.85808
