chrom	position	2,0	1,1	0,2
Muller_E	62882	0.392298	0.563704	0.0439976
Muller_E	267432	0.385538	0.580489	0.0339727
Muller_E	441230	0.379799	0.594835	0.0253658
Muller_E	511157	0.377489	0.600633	0.0218779
Muller_E	557879	0.375946	0.604515	0.0195392
Muller_E	581000	0.375181	0.606439	0.0183793
Muller_E	709108	0.370945	0.617134	0.0119214
Muller_E	768129	0.36899	0.622082	0.00892782
Muller_E	785241	0.368423	0.623519	0.00805767
Muller_E	787322	0.368354	0.623694	0.00795178
Muller_E	787424	0.368351	0.623702	0.00794659
Muller_E	788173	0.368326	0.623765	0.00790848
Muller_E	788750	0.368307	0.623814	0.00787911
Muller_E	788860	0.368303	0.623823	0.00787352
Muller_E	791823	0.368205	0.624072	0.00772271
Muller_E	802257	0.367859	0.624949	0.0071914
Muller_E	893794	0.364823	0.632663	0.00251384
Muller_E	894300	0.518352	0.481397	0.000250805
Muller_E	896281	0.364635	0.632888	0.00247625
Muller_E	897287	0.364549	0.632981	0.00247033
Muller_E	897987	0.364488	0.633046	0.00246621
Muller_E	901015	0.364227	0.633325	0.00244835
Muller_E	901718	0.364166	0.633389	0.0024442
Muller_E	923408	0.511218	0.488489	0.000292954
Muller_E	923675	0.36225	0.635434	0.00231599
Muller_E	924320	0.362139	0.635542	0.00231865
Muller_E	927795	0.361546	0.636121	0.00233296
Muller_E	948021	0.358089	0.639496	0.00241534
Muller_E	948230	0.358053	0.639531	0.00241618
Muller_E	958531	0.356292	0.64125	0.00245755
Muller_E	967701	0.354725	0.642781	0.00249404
Muller_E	969142	0.354478	0.643022	0.00249975
Muller_E	1033237	0.34352	0.653735	0.00274558
Muller_E	1120573	0.32858	0.668365	0.00305479
Muller_E	1123171	0.328136	0.668801	0.00306352
Muller_E	1146845	0.324084	0.672774	0.00314182
Muller_E	1148492	0.323802	0.673051	0.00314718
Muller_E	1168315	0.320409	0.67638	0.00321084
Muller_E	1213395	0.31269	0.68396	0.0033495
Muller_E	1262309	0.304311	0.692199	0.0034902
Muller_E	1275111	0.302117	0.694358	0.00352533
Muller_E	1275707	0.302015	0.694458	0.00352694
Muller_E	1314313	0.295397	0.700974	0.0036284
Muller_E	1318297	0.294714	0.701647	0.0036385
Muller_E	1358440	0.287829	0.708434	0.00373625
Muller_E	1358616	0.287799	0.708464	0.00373666
Muller_E	1378824	0.284332	0.711885	0.0037831
Muller_E	1480336	0.2669	0.729112	0.00398774
Muller_E	1489232	0.265372	0.730625	0.00400336
Muller_E	1645912	0.238407	0.757378	0.00421477
Muller_E	1673398	0.233669	0.762092	0.00423911
Muller_E	1718642	0.225865	0.769865	0.00427062
Muller_E	1746815	0.221001	0.774714	0.0042848
Muller_E	1763447	0.218129	0.77758	0.00429119
Muller_E	1765039	0.217853	0.777855	0.00429172
Muller_E	1765159	0.217833	0.777875	0.00429176
Muller_E	1765369	0.217796	0.777912	0.00429183
Muller_E	1771226	0.216785	0.778922	0.00429367
Muller_E	1799036	0.211979	0.783722	0.00429985
Muller_E	1802542	0.211372	0.784327	0.00430033
Muller_E	1802678	0.211349	0.784351	0.00430035
Muller_E	1803039	0.211286	0.784413	0.00430039
Muller_E	1803347	0.211233	0.784466	0.00430043
Muller_E	1805518	0.210858	0.784841	0.00430069
Muller_E	1812938	0.209575	0.786124	0.00430136
Muller_E	1813040	0.209557	0.786141	0.00430137
Muller_E	1815234	0.209178	0.786521	0.00430151
Muller_E	1815907	0.209061	0.786637	0.00430155
Muller_E	1816383	0.208979	0.786719	0.00430158
Muller_E	1831501	0.206364	0.789334	0.00430174
Muller_E	1850978	0.202994	0.792706	0.00430009
Muller_E	1851905	0.202834	0.792866	0.00429995
Muller_E	1852166	0.202788	0.792912	0.00429992
Muller_E	1857635	0.201842	0.793859	0.00429904
Muller_E	1861157	0.201232	0.794469	0.00429839
Muller_E	1861336	0.201201	0.7945	0.00429835
Muller_E	1861880	0.201107	0.794595	0.00429824
Muller_E	1866595	0.200291	0.795412	0.00429724
Muller_E	1870209	0.199665	0.796039	0.00429639
Muller_E	1871973	0.19936	0.796344	0.00429595
Muller_E	1880064	0.197958	0.797748	0.00429369
Muller_E	1889333	0.196353	0.799356	0.00429066
Muller_E	1891195	0.19603	0.79968	0.00428999
Muller_E	1894320	0.195489	0.800222	0.00428883
Muller_E	1900363	0.194442	0.801272	0.00428642
Muller_E	1904375	0.193747	0.801968	0.0042847
Muller_E	1915469	0.191824	0.803896	0.00427949
Muller_E	1927060	0.189815	0.805912	0.0042733
Muller_E	1932459	0.188879	0.806851	0.00427015
Muller_E	1944351	0.186816	0.808921	0.00426263
Muller_E	1946702	0.186408	0.809331	0.00426105
Muller_E	1961660	0.183813	0.811937	0.00425023
Muller_E	1975567	0.1814	0.814361	0.00423901
Muller_E	2011856	0.175097	0.820698	0.00420442
Muller_E	2013122	0.174877	0.82092	0.00420307
Muller_E	2044597	0.169406	0.826428	0.00416655
Muller_E	2048236	0.168773	0.827065	0.00416195
Muller_E	2048434	0.168739	0.8271	0.00416169
Muller_E	2086567	0.162103	0.833788	0.00410865
Muller_E	2103366	0.159178	0.83674	0.00408249
Muller_E	2117584	0.156701	0.83924	0.00405901
Muller_E	2126123	0.155213	0.840743	0.00404431
Muller_E	2135792	0.153527	0.842446	0.00402713
Muller_E	2140907	0.152635	0.843347	0.00401781
Muller_E	2141169	0.15259	0.843393	0.00401732
Muller_E	2142715	0.15232	0.843665	0.00401447
Muller_E	2145389	0.151854	0.844137	0.0040095
Muller_E	2146953	0.151581	0.844412	0.00400658
Muller_E	2147057	0.151563	0.844431	0.00400638
Muller_E	2201852	0.142	0.854106	0.00389423
Muller_E	2204792	0.141486	0.854626	0.00388768
Muller_E	2219543	0.138909	0.857237	0.00385399
Muller_E	2220290	0.138778	0.85737	0.00385225
Muller_E	2241628	0.135048	0.861151	0.00380098
Muller_E	2243471	0.134725	0.861478	0.00379641
Muller_E	2531559	0.0841054	0.913087	0.00280712
Muller_E	2693610	0.00909189	0.987052	0.00385593
Muller_E	2696554	0.0553443	0.942693	0.00196298
Muller_E	2706179	0.0551467	0.943004	0.00184913
Muller_E	2713009	0.055006	0.943226	0.00176793
Muller_E	2716202	0.0549402	0.94333	0.00172984
Muller_E	2721440	0.054832	0.943501	0.0016672
Muller_E	2735475	0.0545411	0.943961	0.00149834
Muller_E	2763120	0.053964	0.944875	0.0011614
Muller_E	2777976	0.0536516	0.94537	0.000977958
Muller_E	2779619	0.053617	0.945425	0.000957567
Muller_E	2787347	0.0534538	0.945685	0.000861387
Muller_E	2788916	0.0534206	0.945738	0.000841804
Muller_E	2795398	0.0532833	0.945956	0.000760707
Muller_E	2798296	0.0532219	0.946054	0.000724347
Muller_E	2799305	0.0532004	0.946088	0.000711672
Muller_E	2800245	0.0531805	0.94612	0.000699858
Muller_E	2800507	0.0531749	0.946129	0.000696564
Muller_E	2800780	0.0531691	0.946138	0.000693131
Muller_E	2800932	0.0531659	0.946143	0.000691219
Muller_E	2801158	0.0531611	0.946151	0.000688376
Muller_E	2805736	0.0530638	0.946306	0.00063071
Muller_E	2807233	0.0530319	0.946356	0.000611818
Muller_E	2807795	0.0530199	0.946375	0.000604722
Muller_E	2808363	0.0530078	0.946395	0.000597547
Muller_E	2809031	0.0529936	0.946417	0.000589106
Muller_E	2809272	0.0529885	0.946425	0.00058606
Muller_E	2809909	0.0529749	0.946447	0.000578007
Muller_E	2811470	0.0529416	0.9465	0.000558258
Muller_E	2811776	0.0529351	0.94651	0.000554385
Muller_E	2812117	0.0529279	0.946522	0.000550067
Muller_E	2815676	0.0528519	0.946643	0.000504956
Muller_E	2816259	0.0528395	0.946663	0.000497557
Muller_E	2817070	0.0528222	0.946691	0.00048726
Muller_E	2817616	0.0528105	0.946709	0.000480325
Muller_E	2819402	0.0527723	0.94677	0.000457624
Muller_E	2820166	0.052756	0.946796	0.000447906
Muller_E	2820386	0.0527513	0.946804	0.000445107
Muller_E	2820775	0.052743	0.946817	0.000440157
Muller_E	2821135	0.0527353	0.946829	0.000435574
Muller_E	2821440	0.0527288	0.94684	0.000431691
Muller_E	2826939	0.052611	0.947027	0.000361561
Muller_E	2831172	0.0525203	0.947172	0.00030742
Muller_E	2831515	0.0929387	0.907017	4.40482e-05
Muller_E	2832336	0.0524728	0.947225	0.000301905
Muller_E	2833070	0.0524369	0.947262	0.000300897
Muller_E	2850717	0.0515727	0.948152	0.000275421
Muller_E	2853215	0.0514502	0.948278	0.000271623
Muller_E	2856496	0.0512893	0.948444	0.000266561
Muller_E	2856945	0.0512672	0.948467	0.000265862
Muller_E	2857481	0.0512409	0.948494	0.000265026
Muller_E	2858163	0.0512074	0.948529	0.000263958
Muller_E	2859754	0.0511293	0.948609	0.000261454
Muller_E	2859987	0.0511179	0.948621	0.000261086
Muller_E	2862604	0.0509894	0.948754	0.00025692
Muller_E	2866488	0.0507986	0.948951	0.000250641
Muller_E	2867267	0.0507603	0.94899	0.000249367
Muller_E	2868557	0.0506969	0.949056	0.000247249
Muller_E	2870085	0.0506217	0.949134	0.000244723
Muller_E	2870623	0.0505953	0.949161	0.000243829
Muller_E	2876155	0.0503231	0.949442	0.000234511
Muller_E	2877151	0.0502741	0.949493	0.000232808
Muller_E	2886067	0.0498349	0.949948	0.000217229
Muller_E	2886534	0.0498119	0.949972	0.000216397
Muller_E	2887599	0.0900325	0.909945	2.27926e-05
Muller_E	2887882	0.0497317	0.950053	0.000215391
Muller_E	2888492	0.0496719	0.950111	0.00021733
Muller_E	2888607	0.0496606	0.950122	0.000217695
Muller_E	2890000	0.049524	0.950254	0.00022211
Muller_E	2890387	0.049486	0.950291	0.000223334
Muller_E	2890907	0.049435	0.95034	0.000224976
Muller_E	2894764	0.0490567	0.950706	0.0002371
Muller_E	2899098	0.0486315	0.951118	0.000250593
Muller_E	2901481	0.0483977	0.951344	0.000257953
Muller_E	2901643	0.0483818	0.95136	0.000258452
Muller_E	2902627	0.0482852	0.951453	0.000261478
Muller_E	2903432	0.0482062	0.95153	0.000263948
Muller_E	2904998	0.0480524	0.951679	0.00026874
Muller_E	2905994	0.0479547	0.951774	0.000271778
Muller_E	2907134	0.0478427	0.951882	0.000275246
Muller_E	2908511	0.0477075	0.952013	0.000279423
Muller_E	2909452	0.0476151	0.952103	0.00028227
Muller_E	2910160	0.0475456	0.95217	0.000284407
Muller_E	2911022	0.047461	0.952252	0.000287004
Muller_E	2911252	0.0474384	0.952274	0.000287696
Muller_E	2911992	0.0473657	0.952344	0.00028992
Muller_E	2914672	0.0471024	0.9526	0.00029794
Muller_E	2915489	0.0470222	0.952677	0.000300375
Muller_E	2918585	0.046718	0.952972	0.000309556
Muller_E	2919015	0.0466757	0.953013	0.000310825
Muller_E	2919728	0.0466057	0.953081	0.000312927
Muller_E	2919971	0.0465818	0.953105	0.000313643
Muller_E	2921506	0.0464309	0.953251	0.000318153
Muller_E	2922564	0.0463269	0.953352	0.000321252
Muller_E	2922707	0.0463129	0.953365	0.00032167
Muller_E	2924226	0.0461636	0.95351	0.000326102
Muller_E	2925108	0.0460769	0.953594	0.000328668
Muller_E	2925552	0.0460332	0.953637	0.000329958
Muller_E	2928855	0.0457085	0.953952	0.000339505
Muller_E	2930674	0.0455296	0.954126	0.000344728
Muller_E	2931258	0.0454721	0.954181	0.0003464
Muller_E	2931592	0.0454393	0.954213	0.000347355
Muller_E	2931798	0.045419	0.954233	0.000347944
Muller_E	2932326	0.0453671	0.954283	0.000349451
Muller_E	2945623	0.0440586	0.955555	0.00038673
Muller_E	2945753	0.0440458	0.955567	0.000387088
Muller_E	2945878	0.0440335	0.955579	0.000387433
Muller_E	2946001	0.0440214	0.955591	0.000387771
Muller_E	2955783	0.0430579	0.956528	0.000414333
Muller_E	2957997	0.0428398	0.95674	0.000420247
Muller_E	2959282	0.0427132	0.956863	0.000423663
Muller_E	2959697	0.0426723	0.956903	0.000424763
Muller_E	2959819	0.0426602	0.956915	0.000425086
Muller_E	2960759	0.0425676	0.957005	0.000427573
Muller_E	2961667	0.0765957	0.92335	5.43094e-05
Muller_E	2961801	0.0424531	0.957114	0.000433197
Muller_E	2963254	0.0421823	0.95735	0.000468191
Muller_E	2963568	0.0421237	0.957401	0.000475752
Muller_E	2975263	0.0399433	0.9593	0.000757165
Muller_E	2976725	0.0396707	0.959537	0.000792316
Muller_E	2977784	0.0394732	0.959709	0.000817773
Muller_E	2982473	0.0385989	0.960471	0.00093045
Muller_E	2984283	0.0382614	0.960765	0.000973926
Muller_E	2985483	0.0380376	0.96096	0.00100275
Muller_E	2985658	0.038005	0.960988	0.00100695
Muller_E	2985908	0.0379583	0.961029	0.00101295
Muller_E	2987685	0.0376269	0.961317	0.00105562
Muller_E	2992894	0.0366555	0.962164	0.00118063
Muller_E	2993313	0.0365773	0.962232	0.00119068
Muller_E	2993798	0.0364869	0.962311	0.00120231
Muller_E	2994137	0.0364237	0.962366	0.00121044
Muller_E	2994487	0.0363584	0.962423	0.00121884
Muller_E	2994615	0.0363345	0.962444	0.00122191
Muller_E	2995123	0.0362398	0.962526	0.00123409
Muller_E	2995701	0.036132	0.96262	0.00124796
Muller_E	2996048	0.0360672	0.962676	0.00125628
Muller_E	2996738	0.0359385	0.962789	0.00127283
Muller_E	2996880	0.0359121	0.962812	0.00127623
Muller_E	2997113	0.0358686	0.96285	0.00128182
Muller_E	2999116	0.035495	0.963175	0.00132984
Muller_E	2999459	0.035431	0.963231	0.00133806
Muller_E	3001420	0.0350652	0.96355	0.00138506
Muller_E	3001578	0.0350358	0.963575	0.00138885
Muller_E	3001696	0.0350138	0.963595	0.00139168
Muller_E	3002579	0.0348491	0.963738	0.00141283
Muller_E	3003095	0.0347528	0.963822	0.0014252
Muller_E	3003540	0.0346698	0.963894	0.00143586
Muller_E	3004120	0.0345616	0.963989	0.00144975
Muller_E	3005221	0.0343562	0.964168	0.00147613
Muller_E	3007967	0.033844	0.964614	0.00154189
Muller_E	3012773	0.00717917	0.989784	0.00303654
Muller_E	3013331	0.032927	0.965409	0.00166422
Muller_E	3013618	0.0329165	0.965416	0.00166796
Muller_E	3014080	0.0328996	0.965426	0.00167399
Muller_E	3014783	0.0328739	0.965443	0.00168317
Muller_E	3016296	0.0328186	0.965479	0.00170289
Muller_E	3017214	0.032785	0.9655	0.00171485
Muller_E	3018320	0.0327445	0.965526	0.00172926
Muller_E	3018982	0.0327203	0.965542	0.00173787
Muller_E	3019303	0.0327085	0.965549	0.00174205
Muller_E	3019831	0.0326892	0.965562	0.00174892
Muller_E	3021834	0.0326159	0.965609	0.00177496
Muller_E	3021944	0.0326118	0.965612	0.00177639
Muller_E	3023127	0.0325685	0.96564	0.00179175
Muller_E	3024474	0.0325191	0.965672	0.00180924
Muller_E	3024813	0.0325067	0.96568	0.00181363
Muller_E	3029421	0.0323378	0.965789	0.00187333
Muller_E	3029834	0.0323227	0.965799	0.00187867
Muller_E	3030101	0.0323129	0.965805	0.00188212
Muller_E	3033200	0.0321992	0.965879	0.00192217
Muller_E	3033901	0.0321734	0.965895	0.00193122
Muller_E	3034073	0.0321671	0.965899	0.00193344
Muller_E	3036032	0.0320952	0.965946	0.0019587
Muller_E	3038305	0.0320117	0.966	0.00198798
Muller_E	3041816	0.0318827	0.966084	0.00203314
Muller_E	3044683	0.0317772	0.966153	0.00206994
Muller_E	3046757	0.0317009	0.966203	0.00209653
Muller_E	3046887	0.0316962	0.966206	0.0020982
Muller_E	3047900	0.0316589	0.96623	0.00211117
Muller_E	3048135	0.0316502	0.966236	0.00211418
Muller_E	3050664	0.0315571	0.966296	0.00214653
Muller_E	3051698	0.031519	0.966321	0.00215975
Muller_E	3051968	0.0315091	0.966328	0.0021632
Muller_E	3052635	0.0314845	0.966344	0.00217172
Muller_E	3053197	0.0314638	0.966357	0.00217889
Muller_E	3056428	0.0313447	0.966435	0.0022201
Muller_E	3056712	0.0313343	0.966442	0.00222372
Muller_E	3058398	0.0312721	0.966483	0.00224519
Muller_E	3059687	0.0312246	0.966514	0.00226159
Muller_E	3061511	0.0311573	0.966558	0.00228477
Muller_E	3062406	0.0311242	0.96658	0.00229614
Muller_E	3062537	0.0311194	0.966583	0.00229781
Muller_E	3100018	0.0297311	0.9675	0.00276863
Muller_E	3100718	0.0297051	0.967518	0.00277733
Muller_E	3112367	0.0292716	0.967807	0.00292153
Muller_E	3112987	0.0292485	0.967822	0.00292917
Muller_E	3113420	0.0292323	0.967833	0.00293451
Muller_E	3116107	0.0291322	0.9679	0.00296761
Muller_E	3119432	0.0290082	0.967983	0.0030085
Muller_E	3119714	0.0289976	0.96799	0.00301196
Muller_E	3120862	0.0289548	0.968019	0.00302606
Muller_E	3122265	0.0289024	0.968054	0.00304327
Muller_E	3123364	0.0288614	0.968082	0.00305675
Muller_E	3124138	0.0288325	0.968101	0.00306623
Muller_E	3127464	0.0287083	0.968185	0.00310694
Muller_E	3128767	0.0286596	0.968218	0.00312286
Muller_E	3128895	0.0286548	0.968221	0.00312442
Muller_E	3129611	0.028628	0.968239	0.00313317
Muller_E	3129743	0.0286231	0.968242	0.00313478
Muller_E	3130171	0.0286071	0.968253	0.00314001
Muller_E	3131529	0.0285563	0.968287	0.00315658
Muller_E	3137674	0.0283264	0.968442	0.00323139
Muller_E	3139976	0.0282402	0.9685	0.00325934
Muller_E	3143168	0.0281206	0.968581	0.00329804
Muller_E	3169152	0.0271445	0.969245	0.00361031
Muller_E	3170575	0.0270909	0.969282	0.00362727
Muller_E	3173857	0.0269672	0.969366	0.00366633
Muller_E	3192801	0.0262519	0.969858	0.00389025
Muller_E	3194086	0.0262033	0.969891	0.00390534
Muller_E	3194230	0.0261978	0.969895	0.00390703
Muller_E	3207603	0.0256912	0.970245	0.00406339
Muller_E	3207708	0.0256872	0.970248	0.00406461
Muller_E	3208070	0.0256734	0.970258	0.00406883
Muller_E	3208369	0.0256621	0.970266	0.00407231
Muller_E	3208507	0.0256569	0.970269	0.00407391
Muller_E	3208706	0.0256493	0.970274	0.00407623
Muller_E	3210124	0.0255955	0.970312	0.00409272
Muller_E	3211254	0.0255526	0.970342	0.00410585
Muller_E	3212088	0.025521	0.970364	0.00411554
Muller_E	3216063	0.02537	0.970468	0.00416163
Muller_E	3216461	0.0253549	0.970479	0.00416624
Muller_E	3217109	0.0253303	0.970496	0.00417374
Muller_E	3217441	0.0253176	0.970505	0.00417758
Muller_E	3217706	0.0253076	0.970512	0.00418065
Muller_E	3217825	0.025303	0.970515	0.00418203
Muller_E	3218354	0.0252829	0.970529	0.00418814
Muller_E	3219292	0.0252473	0.970554	0.00419899
Muller_E	3219763	0.0252294	0.970566	0.00420443
Muller_E	3221459	0.0251649	0.970611	0.00422402
Muller_E	3222112	0.02514	0.970628	0.00423155
Muller_E	3223012	0.0251058	0.970652	0.00424194
Muller_E	3223549	0.0250854	0.970666	0.00424813
Muller_E	3224815	0.0250372	0.9707	0.00426271
Muller_E	3226800	0.0249617	0.970753	0.00428556
Muller_E	3229718	0.0248505	0.97083	0.0043191
Muller_E	3240322	0.0244462	0.971113	0.00444044
Muller_E	3240918	0.0244235	0.971129	0.00444724
Muller_E	3241273	0.0244099	0.971139	0.00445129
Muller_E	3247835	0.0241593	0.971315	0.00452592
Muller_E	3251442	0.0240214	0.971412	0.00456681
Muller_E	3252203	0.0239923	0.971432	0.00457543
Muller_E	3254014	0.023923	0.971481	0.00459591
Muller_E	3254518	0.0239037	0.971495	0.00460161
Muller_E	3255141	0.0238799	0.971511	0.00460865
Muller_E	3255365	0.0238713	0.971518	0.00461118
Muller_E	3259142	0.0237267	0.97162	0.00465379
Muller_E	3259935	0.0236963	0.971641	0.00466272
Muller_E	3262497	0.0235982	0.97171	0.00469155
Muller_E	3263708	0.0235517	0.971743	0.00470516
Muller_E	3264644	0.0235159	0.971768	0.00471567
Muller_E	3266132	0.0234588	0.971809	0.00473237
Muller_E	3266579	0.0234417	0.971821	0.00473739
Muller_E	3266806	0.023433	0.971827	0.00473993
Muller_E	3269029	0.0233477	0.971887	0.00476484
Muller_E	3271700	0.0232452	0.97196	0.00479471
Muller_E	3271881	0.0232382	0.971965	0.00479674
Muller_E	3273894	0.0231609	0.97202	0.00481921
Muller_E	3275081	0.0231153	0.972052	0.00483246
Muller_E	3275989	0.0230804	0.972077	0.00484258
Muller_E	3278049	0.0230013	0.972133	0.00486552
Muller_E	3280894	0.0228919	0.972211	0.00489715
Muller_E	3282107	0.0228453	0.972244	0.00491062
Muller_E	3282973	0.0228119	0.972268	0.00492023
Muller_E	3284532	0.022752	0.972311	0.00493752
Muller_E	3291321	0.0224905	0.972497	0.00501259
Muller_E	3291878	0.0224691	0.972512	0.00501873
Muller_E	3293351	0.0224123	0.972553	0.00503497
Muller_E	3293759	0.0223966	0.972564	0.00503946
Muller_E	3304917	0.021966	0.972872	0.00516191
Muller_E	3306663	0.0218986	0.97292	0.00518099
Muller_E	3306880	0.0218902	0.972926	0.00518336
Muller_E	3310127	0.0217647	0.973017	0.00521877
Muller_E	3312301	0.0216806	0.973077	0.00524244
Muller_E	3312718	0.0216645	0.973089	0.00524698
Muller_E	3318766	0.0214304	0.973257	0.00531263
Muller_E	3323588	0.0212436	0.973392	0.00536477
Muller_E	3324201	0.0212198	0.973409	0.00537139
Muller_E	3324656	0.0212022	0.973422	0.0053763
Muller_E	3325091	0.0211853	0.973434	0.00538099
Muller_E	3326084	0.0211468	0.973462	0.0053917
Muller_E	3326190	0.0211427	0.973464	0.00539284
Muller_E	3330218	0.0209864	0.973577	0.00543619
Muller_E	3334866	0.0208059	0.973708	0.00548607
Muller_E	3337545	0.0207019	0.973783	0.00551475
Muller_E	3340268	0.020596	0.97386	0.00554384
Muller_E	3340480	0.0205878	0.973866	0.00554611
Muller_E	3410593	0.0178438	0.97588	0.00627644
Muller_E	3431230	0.0170294	0.976486	0.00648454
Muller_E	3437416	0.0167847	0.976669	0.00654631
Muller_E	3456916	0.0160114	0.977249	0.00673918
Muller_E	3457694	0.0159805	0.977273	0.00674682
Muller_E	3459001	0.0159286	0.977312	0.00675964
Muller_E	3462300	0.0157975	0.977411	0.00679194
Muller_E	3464519	0.0157092	0.977477	0.00681363
Muller_E	3464673	0.0157031	0.977482	0.00681513
Muller_E	3477602	0.0151881	0.977871	0.00694073
Muller_E	3525631	0.0132645	0.979339	0.00739656
Muller_E	3546828	0.0124102	0.979997	0.00759233
Muller_E	3557059	0.0119966	0.980318	0.00768564
Muller_E	3566467	0.0116157	0.980614	0.00777075
Muller_E	3572057	0.011389	0.98079	0.00782102
Muller_E	3572168	0.0113845	0.980793	0.00782201
Muller_E	3579272	0.0110962	0.981018	0.00788556
Muller_E	3579502	0.0110868	0.981026	0.00788761
Muller_E	3582419	0.0109683	0.981118	0.00791358
Muller_E	3590131	0.0106546	0.981363	0.00798196
Muller_E	3605233	0.0100391	0.981846	0.00811459
Muller_E	3610748	0.00981394	0.982023	0.0081626
Muller_E	3611776	0.00977194	0.982057	0.00817153
Muller_E	3615071	0.00963726	0.982163	0.00820008
Muller_E	3617701	0.00952971	0.982247	0.00822281
Muller_E	3617818	0.00952493	0.982251	0.00822382
Muller_E	3617948	0.00951961	0.982255	0.00822495
Muller_E	3623404	0.00929632	0.982432	0.00827193
Muller_E	3630035	0.00902464	0.982647	0.00832874
Muller_E	3631532	0.00896327	0.982695	0.00834152
Muller_E	3634067	0.00885929	0.982778	0.00836313
Muller_E	3642157	0.00852716	0.983041	0.00843176
Muller_E	3643438	0.00847452	0.983083	0.00844258
Muller_E	3645674	0.00838262	0.983156	0.00846144
Muller_E	3652519	0.00810104	0.98338	0.00851895
Muller_E	3655257	0.00798832	0.98347	0.00854186
Muller_E	3657953	0.00787726	0.983558	0.00856436
Muller_E	3660200	0.00778466	0.983632	0.00858307
Muller_E	3665461	0.00756771	0.983806	0.00862674
Muller_E	3670065	0.00737768	0.983958	0.00866478
Muller_E	3757777	0.00372728	0.986913	0.00935952
Muller_E	3766114	0.00337732	0.9872	0.00942258
Muller_E	3770199	0.00320565	0.987341	0.00945329
Muller_E	3771242	0.0031618	0.987377	0.00946111
Muller_E	3775369	0.00298821	0.98752	0.00949198
Muller_E	3781958	0.0027108	0.987748	0.00954099
Muller_E	3788305	0.00244327	0.987969	0.0095879
Muller_E	3788531	0.00243374	0.987977	0.00958957
Muller_E	3788717	0.000430427	0.982202	0.0173679
Muller_E	3791492	0.00240842	0.988002	0.00958968
Muller_E	3791929	0.00240566	0.988005	0.00958948
Muller_E	3794089	0.00239201	0.98802	0.00958845
Muller_E	3798034	0.00236698	0.988047	0.00958648
Muller_E	3805877	0.00231685	0.988101	0.0095822
Muller_E	3808116	0.00230245	0.988117	0.00958089
Muller_E	3837593	0.00210918	0.988331	0.00955995
Muller_E	3889492	0.00175212	0.988741	0.00950646
Muller_E	3892070	0.00173383	0.988763	0.00950325
Muller_E	3892768	0.00172887	0.988769	0.00950237
Muller_E	3893846	0.0017212	0.988778	0.00950101
Muller_E	3895236	0.00171129	0.988789	0.00949923
Muller_E	3896701	0.00170084	0.988802	0.00949735
Muller_E	3964144	0.00120101	0.989407	0.00939229
Muller_E	3964249	0.00120021	0.989408	0.0093921
Muller_E	3964701	0.00119673	0.989412	0.00939127
Muller_E	3965335	0.00119186	0.989418	0.00939011
Muller_E	3965537	0.00119031	0.98942	0.00938974
Muller_E	3971184	0.00114675	0.989474	0.00937925
Muller_E	4005791	0.000874296	0.989816	0.00930949
Muller_E	4007537	0.000860297	0.989834	0.00930572
Muller_E	4008073	0.000855995	0.989839	0.00930456
Muller_E	4008732	0.000850702	0.989846	0.00930313
Muller_E	4009275	0.000846338	0.989852	0.00930195
Muller_E	4009794	0.000842165	0.989857	0.00930081
Muller_E	4010462	0.000836791	0.989864	0.00929935
Muller_E	4011246	0.000830479	0.989872	0.00929763
Muller_E	4011350	0.000829642	0.989873	0.00929741
Muller_E	4011743	0.000826476	0.989877	0.00929654
Muller_E	4012926	0.000816937	0.989889	0.00929393
Muller_E	4015010	0.000800107	0.989911	0.00928931
Muller_E	4015956	0.000792456	0.98992	0.00928721
Muller_E	4016731	0.000786183	0.989928	0.00928547
Muller_E	4017133	0.000782927	0.989933	0.00928457
Muller_E	4017640	0.000778819	0.989938	0.00928344
Muller_E	4021078	0.000750907	0.989973	0.00927567
Muller_E	4021876	0.000744415	0.989982	0.00927385
Muller_E	4022513	0.000739229	0.989988	0.0092724
Muller_E	4022928	0.000735848	0.989993	0.00927145
Muller_E	4024532	0.00072277	0.990009	0.00926777
Muller_E	4024639	0.000721897	0.990011	0.00926752
Muller_E	4025270	0.000716746	0.990017	0.00926607
Muller_E	4027169	0.000701225	0.990037	0.00926168
Muller_E	4027437	0.000699032	0.99004	0.00926105
Muller_E	4027764	0.000696356	0.990043	0.00926029
Muller_E	4029270	0.000684019	0.990059	0.00925678
Muller_E	4032202	0.000659949	0.99009	0.00924989
Muller_E	4032327	0.000658922	0.990091	0.0092496
Muller_E	4033521	0.000649099	0.990104	0.00924677
Muller_E	4033797	0.000646827	0.990107	0.00924612
Muller_E	4036360	0.000625698	0.990134	0.00924001
Muller_E	4037138	0.000619273	0.990143	0.00923814
Muller_E	4037610	0.000615374	0.990148	0.00923701
Muller_E	4040496	0.00059149	0.990178	0.00923004
Muller_E	4040949	0.000587735	0.990183	0.00922894
Muller_E	4045900	0.00054659	0.990237	0.00921681
Muller_E	4046078	0.000545108	0.990239	0.00921637
Muller_E	4046843	0.000538732	0.990247	0.00921448
Muller_E	4047581	0.000532576	0.990255	0.00921265
Muller_E	4048275	0.000526784	0.990262	0.00921093
Muller_E	4048700	0.000523235	0.990267	0.00920987
Muller_E	4053592	0.000482279	0.99032	0.00919759
Muller_E	4056223	0.000460174	0.990349	0.0091909
Muller_E	4056545	0.000457464	0.990352	0.00919008
Muller_E	4056951	0.000454047	0.990357	0.00918904
Muller_E	4057601	0.000448574	0.990364	0.00918738
Muller_E	4057720	0.000447571	0.990365	0.00918708
Muller_E	4058043	0.00044485	0.990369	0.00918625
Muller_E	4058149	0.000443956	0.99037	0.00918598
Muller_E	4058704	0.000439278	0.990376	0.00918455
Muller_E	4059417	0.000433263	0.990384	0.00918272
Muller_E	4059965	0.000428638	0.99039	0.0091813
Muller_E	4061381	0.000416676	0.990406	0.00917764
Muller_E	4061745	0.000413598	0.99041	0.0091767
Muller_E	4062020	0.000411273	0.990413	0.00917598
Muller_E	4062507	0.000407152	0.990418	0.00917472
Muller_E	4062941	0.000403479	0.990423	0.00917359
Muller_E	4064035	0.000394212	0.990435	0.00917074
Muller_E	4064680	0.000388744	0.990442	0.00916905
Muller_E	4064829	0.000387481	0.990444	0.00916866
Muller_E	4065474	0.000382009	0.990451	0.00916697
Muller_E	4065574	0.00038116	0.990452	0.00916671
Muller_E	4066028	0.000377306	0.990457	0.00916551
Muller_E	4067541	0.000364451	0.990474	0.00916153
Muller_E	4067967	0.000360828	0.990479	0.0091604
Muller_E	4068535	0.000355995	0.990485	0.0091589
Muller_E	4069245	6.16813e-05	0.98337	0.0165683
Muller_E	4070105	0.000349406	0.990503	0.00914751
Muller_E	4071088	0.000348777	0.990515	0.00913664
Muller_E	4071641	0.000348419	0.990521	0.00913052
Muller_E	4072126	0.000348104	0.990527	0.00912515
Muller_E	4072768	0.000347683	0.990534	0.00911805
Muller_E	4072973	0.000347548	0.990537	0.00911577
Muller_E	4073359	0.000347293	0.990541	0.0091115
Muller_E	4075135	0.000346104	0.990562	0.00909181
Muller_E	4075254	0.000346023	0.990563	0.00909049
Muller_E	4076053	0.000345479	0.990573	0.00908162
Muller_E	4077160	0.000344717	0.990586	0.00906932
Muller_E	4078165	0.000344016	0.990598	0.00905815
Muller_E	4078690	0.000343647	0.990604	0.00905231
Muller_E	4078900	0.000343499	0.990607	0.00904998
Muller_E	4079010	0.000343421	0.990608	0.00904875
Muller_E	4079297	0.000343218	0.990611	0.00904556
Muller_E	4081728	0.000341468	0.99064	0.00901848
Muller_E	4082079	0.000341211	0.990644	0.00901457
Muller_E	4083988	0.000339799	0.990667	0.00899327
Muller_E	4085715	0.000338496	0.990688	0.00897398
Muller_E	4089306	0.00033571	0.990731	0.00893378
Muller_E	4089803	0.000335316	0.990736	0.00892821
Muller_E	4092778	0.000332918	0.990772	0.00889482
Muller_E	4092894	0.000332824	0.990774	0.00889352
Muller_E	4098915	0.000327748	0.990847	0.00882572
Muller_E	4109650	0.000317979	0.990978	0.00870413
Muller_E	4113217	0.000314528	0.991022	0.00866353
Muller_E	4113538	0.000314213	0.991026	0.00865987
Muller_E	4114422	5.63981e-05	0.984318	0.0156254
Muller_E	4114803	0.000314756	0.991045	0.00864068
Muller_E	4115118	0.000315926	0.991051	0.00863315
Muller_E	4116856	0.000322367	0.991086	0.00859156
Muller_E	4117074	0.000323173	0.99109	0.00858634
Muller_E	4117473	0.000324647	0.991099	0.00857679
Muller_E	4118970	0.000330169	0.991129	0.00854095
Muller_E	4121851	0.000340745	0.991187	0.00847191
Muller_E	4122071	0.00034155	0.991192	0.00846664
Muller_E	4122393	0.000342727	0.991198	0.00845892
Muller_E	4122818	0.00034428	0.991207	0.00844873
Muller_E	4124318	0.000349749	0.991238	0.00841275
Muller_E	4124418	0.000350113	0.99124	0.00841035
Muller_E	4126492	0.000357644	0.991282	0.00836057
Muller_E	4127527	0.000361389	0.991303	0.00833572
Muller_E	4127720	0.000362087	0.991307	0.00833108
Muller_E	4128101	0.000363463	0.991315	0.00832193
Muller_E	4128234	0.000363943	0.991317	0.00831873
Muller_E	4130334	0.000371504	0.99136	0.00826827
Muller_E	4132221	0.000378269	0.991399	0.00822289
Muller_E	4134741	0.000387259	0.99145	0.00816225
Muller_E	4134982	0.000388116	0.991455	0.00815645
Muller_E	4136547	0.00039367	0.991488	0.00811876
Muller_E	4140224	0.000406645	0.991563	0.00803013
Muller_E	4140902	0.000409025	0.991577	0.00801378
Muller_E	4141485	0.00041107	0.991589	0.00799971
Muller_E	4143836	0.000419286	0.991638	0.00794297
Muller_E	4144350	0.000421076	0.991648	0.00793055
Muller_E	4144848	0.000422809	0.991659	0.00791853
Muller_E	4150850	0.000443537	0.991783	0.00777341
Muller_E	4151927	0.000447226	0.991805	0.00774734
Muller_E	4154621	0.000456414	0.991861	0.00768209
Muller_E	4159745	0.000473731	0.991968	0.00755783
Muller_E	4159958	0.000474446	0.991973	0.00755266
Muller_E	4160923	0.000477682	0.991993	0.00752924
Muller_E	4161787	0.000480574	0.992011	0.00750826
Muller_E	4162162	0.000481827	0.992019	0.00749915
Muller_E	4163984	0.000487899	0.992057	0.00745488
Muller_E	4164218	0.000488677	0.992062	0.00744919
Muller_E	4164859	0.000490806	0.992076	0.00743361
Muller_E	4165033	0.000491383	0.992079	0.00742938
Muller_E	4165157	0.000491795	0.992082	0.00742636
Muller_E	4165383	0.000492544	0.992087	0.00742087
Muller_E	4165808	0.000493952	0.992096	0.00741053
Muller_E	4165958	0.000494448	0.992099	0.00740689
Muller_E	4166062	0.000494793	0.992101	0.00740436
Muller_E	4166243	0.000495391	0.992105	0.00739995
Muller_E	4166628	0.000496664	0.992113	0.00739059
Muller_E	4168755	0.000503675	0.992157	0.00733883
Muller_E	4172546	0.000516082	0.992237	0.00724649
Muller_E	4172827	0.000516997	0.992243	0.00723965
Muller_E	4173860	0.000961868	0.997864	0.00117453
Muller_E	4176100	0.000522697	0.992256	0.00722091
Muller_E	4176326	0.000522931	0.992256	0.00722155
Muller_E	4176826	0.000523447	0.992254	0.00722299
Muller_E	4177022	0.000523649	0.992253	0.00722355
Muller_E	4178339	0.000524997	0.992248	0.00722731
Muller_E	4178608	0.000525271	0.992247	0.00722808
Muller_E	4179326	0.000525998	0.992244	0.00723012
Muller_E	4180712	0.000527391	0.992239	0.00723405
Muller_E	4180966	0.000527644	0.992238	0.00723477
Muller_E	4184926	0.000531531	0.992223	0.00724591
Muller_E	4185178	0.000531774	0.992222	0.00724662
Muller_E	4185319	0.000531909	0.992221	0.00724701
Muller_E	4185532	0.000532114	0.99222	0.0072476
Muller_E	4187632	0.000534114	0.992212	0.00725345
Muller_E	4188227	0.000534674	0.99221	0.0072551
Muller_E	4188670	0.000535089	0.992209	0.00725633
Muller_E	4192621	0.000538723	0.992194	0.0072672
Muller_E	4193546	0.000539555	0.992191	0.00726973
Muller_E	4194407	0.000540324	0.992188	0.00727208
Muller_E	4195783	0.00054154	0.992183	0.00727582
Muller_E	4196010	0.00054174	0.992182	0.00727643
Muller_E	4197440	0.000542985	0.992177	0.0072803
Muller_E	4198223	0.00054366	0.992174	0.00728241
Muller_E	4199021	0.000544343	0.992171	0.00728456
Muller_E	4199203	0.000544498	0.99217	0.00728504
Muller_E	4199424	0.000544686	0.99217	0.00728564
Muller_E	4199639	0.000544868	0.992169	0.00728621
Muller_E	4199983	0.000545159	0.992168	0.00728714
Muller_E	4203293	0.000547912	0.992156	0.00729596
Muller_E	4205814	0.000549949	0.992147	0.00730262
Muller_E	4206134	0.000550204	0.992146	0.00730346
Muller_E	4207588	0.000551352	0.992141	0.00730727
Muller_E	4210680	0.000553738	0.992131	0.00731533
Muller_E	4210928	0.000553926	0.99213	0.00731597
Muller_E	4211312	0.000554216	0.992129	0.00731696
Muller_E	4211755	0.000554549	0.992127	0.00731811
Muller_E	4213444	0.000555805	0.992122	0.00732246
Muller_E	4216650	0.000558126	0.992111	0.00733066
Muller_E	4217058	0.000558416	0.99211	0.0073317
Muller_E	4217453	0.000558695	0.992109	0.0073327
Muller_E	4217565	0.000558774	0.992108	0.00733299
Muller_E	4217669	0.000558847	0.992108	0.00733325
Muller_E	4217825	0.000558957	0.992107	0.00733365
Muller_E	4218923	0.000559722	0.992104	0.00733643
Muller_E	4225215	0.000563924	0.992084	0.00735217
Muller_E	4232774	0.000568552	0.992061	0.00737067
Muller_E	4235298	0.000569996	0.992053	0.00737674
Muller_E	4245993	0.000575546	0.992023	0.00740192
Muller_E	4252835	0.000578616	0.992004	0.00741756
Muller_E	4253725	0.000578987	0.992001	0.00741956
Muller_E	4256197	0.000579987	0.991995	0.0074251
Muller_E	4261234	0.000581871	0.991982	0.00743623
Muller_E	4262892	0.000582447	0.991978	0.00743985
Muller_E	4263238	0.000582565	0.991977	0.00744061
Muller_E	4263588	0.000582682	0.991976	0.00744137
Muller_E	4264621	0.000583024	0.991973	0.00744361
Muller_E	4266950	0.000583764	0.991968	0.00744862
Muller_E	4267529	0.000583941	0.991966	0.00744987
Muller_E	4276223	0.000586277	0.991946	0.00746817
Muller_E	4311688	0.000589533	0.991874	0.00753663
Muller_E	4311965	0.000589519	0.991873	0.00753712
Muller_E	4312254	0.000589503	0.991873	0.00753764
Muller_E	4312510	0.000589489	0.991872	0.0075381
Muller_E	4334492	0.000586304	0.991838	0.00757536
Muller_E	4352032	0.000580987	0.991817	0.00760233
Muller_E	4353438	0.000580454	0.991815	0.00760439
Muller_E	4356857	0.000579092	0.991812	0.00760933
Muller_E	4360054	0.000577733	0.991808	0.00761386
Muller_E	4374783	0.000570418	0.991796	0.00763368
Muller_E	4374946	0.000570327	0.991796	0.00763389
Muller_E	4381350	0.000566596	0.991791	0.00764196
Muller_E	4558836	0.000332467	0.991932	0.00773591
Muller_E	4562012	0.000325979	0.991939	0.00773531
Muller_E	4564083	0.000321704	0.991943	0.00773488
Muller_E	4564194	0.000321474	0.991944	0.00773485
Muller_E	4568491	0.000312492	0.991954	0.00773384
Muller_E	4569115	0.000311176	0.991955	0.00773368
Muller_E	4569749	0.000309835	0.991957	0.00773351
Muller_E	4570340	0.000308582	0.991958	0.00773336
Muller_E	4571890	0.000305283	0.991962	0.00773293
Muller_E	4572624	0.000303714	0.991964	0.00773272
Muller_E	4573491	0.000301855	0.991966	0.00773247
Muller_E	4573809	0.000301171	0.991966	0.00773238
Muller_E	4577361	0.000293484	0.991975	0.00773128
Muller_E	4577462	0.000293264	0.991975	0.00773125
Muller_E	4578308	0.000291417	0.991978	0.00773097
Muller_E	4580664	0.000286244	0.991984	0.00773017
Muller_E	4580954	0.000285604	0.991984	0.00773007
Muller_E	4581769	0.000283803	0.991986	0.00772978
Muller_E	4581909	0.000283493	0.991987	0.00772973
Muller_E	4583019	0.000281029	0.99199	0.00772932
Muller_E	4583393	0.000280197	0.991991	0.00772918
Muller_E	4583516	0.000279923	0.991991	0.00772914
Muller_E	4584473	0.000277787	0.991993	0.00772878
Muller_E	4589180	0.000267175	0.992006	0.0077269
Muller_E	4590247	0.000264745	0.992009	0.00772645
Muller_E	4591539	0.00026179	0.992012	0.00772589
Muller_E	4593253	0.000257849	0.992017	0.00772513
Muller_E	4593508	0.000257261	0.992018	0.00772502
Muller_E	4593974	0.000256185	0.992019	0.0077248
Muller_E	4595111	0.000253551	0.992022	0.00772428
Muller_E	4595303	0.000253105	0.992023	0.00772419
Muller_E	4597548	0.000247871	0.992029	0.00772312
Muller_E	4597833	0.000247204	0.99203	0.00772298
Muller_E	4600306	0.000241386	0.992037	0.00772176
Muller_E	4607273	0.000224732	0.992057	0.00771804
Muller_E	4607398	0.00022443	0.992058	0.00771797
Muller_E	4610441	0.00021703	0.992067	0.00771622
Muller_E	4611041	0.000215563	0.992069	0.00771586
Muller_E	4611562	0.000214286	0.99207	0.00771555
Muller_E	4611697	0.000213955	0.992071	0.00771547
Muller_E	4612447	0.000212112	0.992073	0.00771502
Muller_E	4612733	0.000211408	0.992074	0.00771485
Muller_E	4612927	0.000210931	0.992074	0.00771473
Muller_E	4613148	0.000210386	0.992075	0.0077146
Muller_E	4614502	0.00020704	0.992079	0.00771377
Muller_E	4615888	4.14985e-05	0.986196	0.0137622
Muller_E	4616173	0.000203846	0.992085	0.00771072
Muller_E	4616508	0.000204135	0.992088	0.00770816
Muller_E	4616663	0.000204268	0.992089	0.00770698
Muller_E	4618190	0.000205568	0.992099	0.00769529
Muller_E	4619781	0.000206903	0.99211	0.00768309
Muller_E	4622166	0.000208866	0.992126	0.00766477
Muller_E	4626314	0.000212172	0.992155	0.00763279
Muller_E	4626864	0.0002126	0.992159	0.00762854
Muller_E	4627368	0.00021299	0.992162	0.00762464
Muller_E	4627488	0.000213082	0.992163	0.00762371
Muller_E	4633961	0.000217904	0.992209	0.00757348
Muller_E	4635834	0.000219237	0.992222	0.00755888
Muller_E	4636452	0.00021967	0.992226	0.00755406
Muller_E	4637295	0.000220257	0.992232	0.00754747
Muller_E	4640891	0.000222694	0.992258	0.00751933
Muller_E	4645727	0.000225809	0.992293	0.00748131
Muller_E	4646376	0.000226212	0.992298	0.0074762
Muller_E	4646798	0.000226473	0.992301	0.00747287
Muller_E	4653320	0.00023032	0.992348	0.00742125
Muller_E	4656520	0.000232083	0.992372	0.0073958
Muller_E	4672665	0.000239726	0.992494	0.00726615
Muller_E	4674140	0.00024032	0.992505	0.0072542
Muller_E	4675745	0.000240946	0.992518	0.00724118
Muller_E	4676485	0.000241228	0.992524	0.00723517
Muller_E	4677110	0.000241463	0.992528	0.00723009
Muller_E	4677655	0.000241665	0.992533	0.00722566
Muller_E	4678986	0.000242148	0.992543	0.00721483
Muller_E	4680223	0.000242585	0.992553	0.00720475
Muller_E	4682403	0.000243325	0.99257	0.00718695
Muller_E	4682621	0.000243397	0.992571	0.00718517
Muller_E	4684270	0.000243928	0.992584	0.00717168
Muller_E	4685491	0.000244307	0.992594	0.00716168
Muller_E	4686019	0.000244467	0.992598	0.00715735
Muller_E	4687101	0.000244789	0.992607	0.00714847
Muller_E	4689628	0.000245503	0.992627	0.0071277
Muller_E	4690052	0.000245618	0.99263	0.00712421
Muller_E	4690344	0.000245696	0.992632	0.0071218
Muller_E	4690905	0.000245845	0.992637	0.00711718
Muller_E	4691125	0.000245902	0.992639	0.00711537
Muller_E	4691712	0.000246054	0.992643	0.00711053
Muller_E	4691999	0.000246127	0.992646	0.00710816
Muller_E	4692111	0.000246155	0.992647	0.00710724
Muller_E	4693234	0.000246434	0.992656	0.00709797
Muller_E	4693620	0.000246527	0.992659	0.00709478
Muller_E	4693753	0.000246559	0.99266	0.00709368
Muller_E	4694021	0.000246623	0.992662	0.00709147
Muller_E	4694592	0.000246757	0.992666	0.00708675
Muller_E	4696429	0.000247171	0.992681	0.00707154
Muller_E	4696792	0.00024725	0.992684	0.00706854
Muller_E	4699402	0.000247784	0.992705	0.00704688
Muller_E	4700957	0.000248076	0.992718	0.00703395
Muller_E	4702606	0.000248365	0.992731	0.00702022
Muller_E	4708142	0.000249174	0.992777	0.00697397
Muller_E	4712097	0.000249602	0.99281	0.00694078
Muller_E	4713898	0.000249755	0.992825	0.00692562
Muller_E	4714194	0.000249778	0.992827	0.00692312
Muller_E	4717094	0.000249963	0.992851	0.00689866
Muller_E	4717794	0.000249997	0.992857	0.00689274
Muller_E	4720564	0.000250095	0.992881	0.00686929
Muller_E	4722390	0.000250126	0.992896	0.0068538
Muller_E	4727534	0.00025007	0.99294	0.00681002
Muller_E	4730688	0.00024993	0.992967	0.00678307
Muller_E	4731377	0.000249889	0.992973	0.00677717
Muller_E	4732944	0.000249781	0.992986	0.00676375
Muller_E	4738342	0.000249259	0.993033	0.00671734
Muller_E	4739398	0.00024913	0.993043	0.00670824
Muller_E	4742492	0.000248699	0.99307	0.00668151
Muller_E	4745718	0.000248168	0.993098	0.00665356
Muller_E	4746457	0.000248035	0.993105	0.00664715
Muller_E	4748015	0.000247739	0.993119	0.00663361
Muller_E	4748352	0.000247672	0.993122	0.00663068
Muller_E	4748630	0.000247617	0.993124	0.00662826
Muller_E	4751071	4.5068e-05	0.988014	0.0119407
Muller_E	4751685	0.000249965	0.993155	0.00659541
Muller_E	4751817	0.00025058	0.993156	0.00659292
Muller_E	4752607	0.000254259	0.993168	0.00657801
Muller_E	4752773	0.000255031	0.99317	0.00657488
Muller_E	4753826	0.000259924	0.993185	0.00655499
Muller_E	4754671	0.000263845	0.993197	0.00653902
Muller_E	4756619	0.000272862	0.993225	0.0065022
Muller_E	4759191	0.000284721	0.993262	0.00645353
Muller_E	4761262	0.000294232	0.993291	0.0064143
Muller_E	4761866	0.000296999	0.9933	0.00640286
Muller_E	4761985	0.000297544	0.993302	0.0064006
Muller_E	4763545	0.000304676	0.993324	0.00637102
Muller_E	4764509	0.000309074	0.993338	0.00635273
Muller_E	4765595	0.00031402	0.993354	0.00633212
Muller_E	4766291	0.000317185	0.993364	0.00631891
Muller_E	4766501	0.000318139	0.993367	0.00631492
Muller_E	4767354	0.00032201	0.993379	0.00629872
Muller_E	4769627	0.0003323	0.993412	0.00625552
Muller_E	4769950	0.000333758	0.993417	0.00624938
Muller_E	4772288	0.000344293	0.993451	0.00620489
Muller_E	4773763	0.000350917	0.993472	0.00617681
Muller_E	4773963	0.000351814	0.993475	0.006173
Muller_E	4774375	0.00035366	0.993481	0.00616515
