chrom	position	2,0	1,1	0,2
Muller_E	62882	0.160693	0.644347	0.19496
Muller_E	267432	0.150257	0.664898	0.184845
Muller_E	441230	0.141297	0.682535	0.176168
Muller_E	511157	0.137667	0.68968	0.172653
Muller_E	557879	0.135232	0.694471	0.170297
Muller_E	581000	0.134025	0.696847	0.169129
Muller_E	709108	0.127302	0.710074	0.162624
Muller_E	768129	0.124185	0.716205	0.15961
Muller_E	785241	0.123279	0.717987	0.158734
Muller_E	787322	0.123169	0.718204	0.158627
Muller_E	787424	0.123164	0.718214	0.158622
Muller_E	788173	0.123124	0.718292	0.158584
Muller_E	788750	0.123093	0.718352	0.158554
Muller_E	788860	0.123088	0.718364	0.158548
Muller_E	791823	0.122931	0.718673	0.158397
Muller_E	802257	0.122377	0.719761	0.157862
Muller_E	893794	0.117507	0.729341	0.153152
Muller_E	894300	0.11748	0.729394	0.153126
Muller_E	896281	0.117374	0.729602	0.153024
Muller_E	897287	0.11732	0.729708	0.152972
Muller_E	897987	0.117283	0.729781	0.152936
Muller_E	901015	0.117121	0.730099	0.15278
Muller_E	901718	0.117084	0.730173	0.152743
Muller_E	923408	0.115924	0.732453	0.151623
Muller_E	923675	0.11591	0.732481	0.151609
Muller_E	924320	0.115875	0.732549	0.151575
Muller_E	927795	0.115689	0.732915	0.151396
Muller_E	948021	0.114606	0.735045	0.150349
Muller_E	948230	0.114595	0.735067	0.150338
Muller_E	958531	0.114043	0.736153	0.149804
Muller_E	967701	0.113551	0.737121	0.149328
Muller_E	969142	0.113473	0.737273	0.149254
Muller_E	1033237	0.110025	0.744055	0.145921
Muller_E	1120573	0.105298	0.753348	0.141354
Muller_E	1123171	0.105157	0.753626	0.141218
Muller_E	1146845	0.10387	0.756156	0.139974
Muller_E	1148492	0.10378	0.756332	0.139888
Muller_E	1168315	0.1027	0.758455	0.138845
Muller_E	1213395	0.100239	0.763294	0.136467
Muller_E	1262309	0.0975577	0.768564	0.133878
Muller_E	1275111	0.0968542	0.769947	0.133199
Muller_E	1275707	0.0968214	0.770012	0.133167
Muller_E	1314313	0.0946953	0.774191	0.131114
Muller_E	1318297	0.0944756	0.774623	0.130902
Muller_E	1358440	0.0922568	0.778984	0.12876
Muller_E	1358616	0.0922471	0.779003	0.12875
Muller_E	1378824	0.0911273	0.781204	0.127669
Muller_E	1480336	0.0854731	0.792316	0.122211
Muller_E	1489232	0.0849752	0.793294	0.121731
Muller_E	1645912	0.0761415	0.810652	0.113206
Muller_E	1673398	0.074579	0.813722	0.111699
Muller_E	1718642	0.0719982	0.818793	0.109209
Muller_E	1746815	0.0703857	0.821961	0.107654
Muller_E	1763447	0.0694318	0.823835	0.106734
Muller_E	1765039	0.0693404	0.824014	0.106645
Muller_E	1765159	0.0693335	0.824028	0.106639
Muller_E	1765369	0.0693214	0.824051	0.106627
Muller_E	1771226	0.0689851	0.824712	0.106303
Muller_E	1799036	0.0673855	0.827855	0.10476
Muller_E	1802542	0.0671836	0.828251	0.104565
Muller_E	1802678	0.0671757	0.828267	0.104558
Muller_E	1803039	0.0671549	0.828308	0.104538
Muller_E	1803347	0.0671372	0.828342	0.10452
Muller_E	1805518	0.0670121	0.828588	0.1044
Muller_E	1812938	0.0665843	0.829429	0.103987
Muller_E	1813040	0.0665784	0.82944	0.103982
Muller_E	1815234	0.0664519	0.829689	0.103859
Muller_E	1815907	0.0664131	0.829765	0.103822
Muller_E	1816383	0.0663856	0.829819	0.103796
Muller_E	1831501	0.0655129	0.831533	0.102954
Muller_E	1850978	0.0643866	0.833746	0.101868
Muller_E	1851905	0.0643329	0.833851	0.101816
Muller_E	1852166	0.0643178	0.833881	0.101801
Muller_E	1857635	0.0640012	0.834503	0.101496
Muller_E	1861157	0.0637971	0.834904	0.101299
Muller_E	1861336	0.0637868	0.834924	0.101289
Muller_E	1861880	0.0637552	0.834986	0.101259
Muller_E	1866595	0.063482	0.835523	0.100995
Muller_E	1870209	0.0632725	0.835934	0.100793
Muller_E	1871973	0.0631702	0.836135	0.100694
Muller_E	1880064	0.0627007	0.837057	0.100242
Muller_E	1889333	0.0621625	0.838115	0.0997228
Muller_E	1891195	0.0620543	0.838327	0.0996184
Muller_E	1894320	0.0618727	0.838684	0.0994433
Muller_E	1900363	0.0615214	0.839374	0.0991045
Muller_E	1904375	0.061288	0.839833	0.0988795
Muller_E	1915469	0.0606422	0.841101	0.0982567
Muller_E	1927060	0.0599668	0.842428	0.0976054
Muller_E	1932459	0.0596519	0.843046	0.0973018
Muller_E	1944351	0.0589577	0.84441	0.0966324
Muller_E	1946702	0.0588204	0.84468	0.0965
Muller_E	1961660	0.0579459	0.846397	0.0956568
Muller_E	1975567	0.0571317	0.847997	0.0948717
Muller_E	2011856	0.0550018	0.85218	0.0928182
Muller_E	2013122	0.0549274	0.852326	0.0927464
Muller_E	2044597	0.0530735	0.855967	0.0909592
Muller_E	2048236	0.0528588	0.856389	0.0907522
Muller_E	2048434	0.0528472	0.856412	0.0907409
Muller_E	2086567	0.0505925	0.86084	0.0885673
Muller_E	2103366	0.0495964	0.862796	0.0876072
Muller_E	2117584	0.0487521	0.864455	0.0867932
Muller_E	2126123	0.0482444	0.865452	0.0863039
Muller_E	2135792	0.047669	0.866582	0.0857492
Muller_E	2140907	0.0473644	0.86718	0.0854556
Muller_E	2141169	0.0473488	0.867211	0.0854405
Muller_E	2142715	0.0472567	0.867392	0.0853518
Muller_E	2145389	0.0470974	0.867704	0.0851982
Muller_E	2146953	0.0470041	0.867888	0.0851083
Muller_E	2147057	0.0469979	0.8679	0.0851023
Muller_E	2201852	0.0437225	0.874332	0.0819453
Muller_E	2204792	0.0435463	0.874678	0.0817754
Muller_E	2219543	0.0426611	0.876417	0.0809222
Muller_E	2220290	0.0426162	0.876505	0.080879
Muller_E	2241628	0.0413332	0.879024	0.0796424
Muller_E	2243471	0.0412223	0.879242	0.0795355
Muller_E	2531559	0.0236088	0.913828	0.0625632
Muller_E	2693610	0.0134538	0.933766	0.0527804
Muller_E	2696554	0.00316769	0.90722	0.0896126
Muller_E	2706179	0.0131464	0.935317	0.0515365
Muller_E	2713009	0.0130601	0.936159	0.0507807
Muller_E	2716202	0.0130196	0.936553	0.0504272
Muller_E	2721440	0.012953	0.9372	0.0498473
Muller_E	2735475	0.0127736	0.938934	0.0482924
Muller_E	2763120	0.0124161	0.942358	0.0452257
Muller_E	2777976	0.0122218	0.944203	0.0435756
Muller_E	2779619	0.0122002	0.944407	0.043393
Muller_E	2787347	0.0120983	0.945368	0.0425339
Muller_E	2788916	0.0120776	0.945563	0.0423595
Muller_E	2795398	0.0119918	0.94637	0.0416385
Muller_E	2798296	0.0119534	0.946731	0.0413161
Muller_E	2799305	0.01194	0.946856	0.0412038
Muller_E	2800245	0.00162488	0.923788	0.0745869
Muller_E	2800507	0.0119322	0.947023	0.0410445
Muller_E	2800780	0.0119371	0.947075	0.0409874
Muller_E	2800932	0.0119399	0.947104	0.0409557
Muller_E	2801158	0.0119439	0.947148	0.0409085
Muller_E	2805736	0.0120265	0.948021	0.0399522
Muller_E	2807233	0.0120535	0.948307	0.0396395
Muller_E	2807795	0.0120637	0.948414	0.0395221
Muller_E	2808363	0.0120739	0.948523	0.0394035
Muller_E	2809031	0.0120859	0.94865	0.0392639
Muller_E	2809272	0.0120903	0.948696	0.0392136
Muller_E	2809909	0.0121018	0.948818	0.0390805
Muller_E	2811470	0.0121299	0.949116	0.0387544
Muller_E	2811776	0.0121354	0.949174	0.0386905
Muller_E	2812117	0.0121415	0.949239	0.0386193
Muller_E	2815676	0.0122056	0.949919	0.0378757
Muller_E	2816259	0.0122161	0.95003	0.0377539
Muller_E	2817070	0.0122307	0.950185	0.0375845
Muller_E	2817616	0.0122406	0.950289	0.0374704
Muller_E	2819402	0.0122727	0.95063	0.0370973
Muller_E	2820166	0.0122864	0.950776	0.0369377
Muller_E	2820386	0.0122904	0.950818	0.0368917
Muller_E	2820775	0.0122974	0.950892	0.0368104
Muller_E	2821135	0.0123039	0.950961	0.0367352
Muller_E	2821440	0.0123094	0.951019	0.0366715
Muller_E	2826939	0.0124082	0.952069	0.0355225
Muller_E	2831172	0.0124842	0.952878	0.034638
Muller_E	2831515	0.0124904	0.952943	0.0345663
Muller_E	2832336	0.0125051	0.9531	0.0343948
Muller_E	2833070	0.0125183	0.95324	0.0342414
Muller_E	2850717	0.0128346	0.956612	0.0305533
Muller_E	2853215	0.0128793	0.95709	0.0300311
Muller_E	2856496	0.0129379	0.957717	0.0293453
Muller_E	2856945	0.012946	0.957803	0.0292514
Muller_E	2857481	0.0129555	0.957905	0.0291394
Muller_E	2858163	0.0129677	0.958035	0.0289968
Muller_E	2859754	0.0129961	0.95834	0.0286642
Muller_E	2859987	0.0130003	0.958384	0.0286155
Muller_E	2862604	0.0238906	0.970678	0.00543093
Muller_E	2866488	0.0130732	0.959003	0.0279233
Muller_E	2867267	0.0130784	0.959027	0.0278942
Muller_E	2868557	0.0130871	0.959067	0.027846
Muller_E	2870085	0.0130973	0.959114	0.0277889
Muller_E	2870623	0.0131009	0.95913	0.0277688
Muller_E	2876155	0.0131378	0.9593	0.0275618
Muller_E	2877151	0.0131444	0.959331	0.0275245
Muller_E	2886067	0.0132033	0.959606	0.0271904
Muller_E	2886534	0.0132064	0.959621	0.0271729
Muller_E	2887599	0.0132134	0.959654	0.0271329
Muller_E	2887882	0.0132152	0.959662	0.0271223
Muller_E	2888492	0.0132192	0.959681	0.0270994
Muller_E	2888607	0.01322	0.959685	0.0270951
Muller_E	2890000	0.0132291	0.959728	0.0270428
Muller_E	2890387	0.0132316	0.95974	0.0270283
Muller_E	2890907	0.013235	0.959756	0.0270088
Muller_E	2894764	0.0132602	0.959876	0.026864
Muller_E	2899098	0.0132884	0.960011	0.0267011
Muller_E	2901481	0.0133038	0.960085	0.0266115
Muller_E	2901643	0.0133048	0.96009	0.0266054
Muller_E	2902627	0.0133112	0.96012	0.0265684
Muller_E	2903432	0.0133164	0.960146	0.0265381
Muller_E	2904998	0.0133265	0.960194	0.0264792
Muller_E	2905994	0.0133329	0.960225	0.0264417
Muller_E	2907134	0.0133402	0.960261	0.0263988
Muller_E	2908511	0.013349	0.960304	0.0263469
Muller_E	2909452	0.0133551	0.960333	0.0263115
Muller_E	2910160	0.0133596	0.960356	0.0262848
Muller_E	2911022	0.0133651	0.960383	0.0262523
Muller_E	2911252	0.0133666	0.96039	0.0262436
Muller_E	2911992	0.0133713	0.960413	0.0262158
Muller_E	2914672	0.0133884	0.960497	0.0261147
Muller_E	2915489	0.0133936	0.960522	0.0260839
Muller_E	2918585	0.0134133	0.96062	0.0259671
Muller_E	2919015	0.013416	0.960633	0.0259509
Muller_E	2919728	0.0134205	0.960655	0.025924
Muller_E	2919971	0.0134221	0.960663	0.0259148
Muller_E	2921506	0.0134318	0.960711	0.0258569
Muller_E	2922564	0.0134385	0.960745	0.0258169
Muller_E	2922707	0.0134394	0.960749	0.0258115
Muller_E	2924226	0.0134489	0.960797	0.0257542
Muller_E	2925108	0.0134545	0.960825	0.0257208
Muller_E	2925552	0.0134573	0.960839	0.0257041
Muller_E	2928855	0.013478	0.960943	0.0255792
Muller_E	2930674	0.0134894	0.961	0.0255104
Muller_E	2931258	0.0134931	0.961019	0.0254884
Muller_E	2931592	0.0134952	0.961029	0.0254757
Muller_E	2931798	0.0134964	0.961036	0.0254679
Muller_E	2932326	0.0134997	0.961052	0.025448
Muller_E	2945623	0.0135821	0.961474	0.0249443
Muller_E	2945753	0.0135829	0.961478	0.0249394
Muller_E	2945878	0.0135837	0.961482	0.0249346
Muller_E	2946001	0.0135844	0.961486	0.02493
Muller_E	2955783	0.0136442	0.961797	0.0245586
Muller_E	2957997	0.0136576	0.961868	0.0244745
Muller_E	2959282	0.0136654	0.961909	0.0244256
Muller_E	2959697	0.0136679	0.961922	0.0244098
Muller_E	2959819	0.0136686	0.961926	0.0244052
Muller_E	2960759	0.0136743	0.961956	0.0243694
Muller_E	2961667	0.0136798	0.961985	0.0243349
Muller_E	2961801	0.0136806	0.96199	0.0243298
Muller_E	2963254	0.0136893	0.962036	0.0242745
Muller_E	2963568	0.0136912	0.962046	0.0242626
Muller_E	2975263	0.0137611	0.962422	0.023817
Muller_E	2976725	0.0137698	0.962469	0.0237613
Muller_E	2977784	0.013776	0.962503	0.0237209
Muller_E	2982473	0.0138037	0.962654	0.0235419
Muller_E	2984283	0.0138143	0.962713	0.0234728
Muller_E	2985483	0.0138214	0.962752	0.0234269
Muller_E	2985658	0.0138224	0.962757	0.0234202
Muller_E	2985908	0.0138239	0.962765	0.0234107
Muller_E	2987685	0.0138343	0.962823	0.0233428
Muller_E	2992894	0.0138646	0.962992	0.0231435
Muller_E	2993313	0.013867	0.963005	0.0231275
Muller_E	2993798	0.0138698	0.963021	0.023109
Muller_E	2994137	0.0138718	0.963032	0.023096
Muller_E	2994487	0.0138738	0.963044	0.0230826
Muller_E	2994615	0.0138746	0.963048	0.0230777
Muller_E	2995123	0.0138775	0.963064	0.0230582
Muller_E	2995701	0.0138809	0.963083	0.0230361
Muller_E	2996048	0.0138829	0.963094	0.0230228
Muller_E	2996738	0.0138869	0.963117	0.0229964
Muller_E	2996880	0.0138877	0.963121	0.022991
Muller_E	2997113	0.013889	0.963129	0.022982
Muller_E	2999116	0.0139006	0.963194	0.0229053
Muller_E	2999459	0.0139025	0.963205	0.0228922
Muller_E	3001420	0.0139138	0.963269	0.0228171
Muller_E	3001578	0.0139147	0.963274	0.022811
Muller_E	3001696	0.0139154	0.963278	0.0228065
Muller_E	3002579	0.0139205	0.963307	0.0227726
Muller_E	3003095	0.0139234	0.963324	0.0227529
Muller_E	3003540	0.013926	0.963338	0.0227358
Muller_E	3004120	0.0139293	0.963357	0.0227136
Muller_E	3005221	0.0139356	0.963393	0.0226713
Muller_E	3007967	0.0139513	0.963483	0.022566
Muller_E	3012773	0.0139786	0.96364	0.0223815
Muller_E	3013331	0.0139817	0.963658	0.0223601
Muller_E	3013618	0.0139834	0.963668	0.0223491
Muller_E	3014080	0.013986	0.963683	0.0223313
Muller_E	3014783	0.0139899	0.963706	0.0223043
Muller_E	3016296	0.0139985	0.963755	0.0222462
Muller_E	3017214	0.0140036	0.963785	0.0222109
Muller_E	3018320	0.0140099	0.963822	0.0221684
Muller_E	3018982	0.0140136	0.963844	0.0221429
Muller_E	3019303	0.0140154	0.963854	0.0221306
Muller_E	3019831	0.0140184	0.963871	0.0221103
Muller_E	3021834	0.0140296	0.963937	0.0220332
Muller_E	3021944	0.0140302	0.963941	0.022029
Muller_E	3023127	0.0140368	0.96398	0.0219835
Muller_E	3024474	0.0140443	0.964024	0.0219316
Muller_E	3024813	0.0140462	0.964035	0.0219186
Muller_E	3029421	0.0140718	0.964187	0.0217411
Muller_E	3029834	0.0140741	0.964201	0.0217252
Muller_E	3030101	0.0140756	0.964209	0.021715
Muller_E	3033200	0.0140927	0.964312	0.0215955
Muller_E	3033901	0.0140966	0.964335	0.0215685
Muller_E	3034073	0.0140975	0.964341	0.0215619
Muller_E	3036032	0.0141083	0.964405	0.0214863
Muller_E	3038305	0.0141208	0.964481	0.0213986
Muller_E	3041816	0.01414	0.964597	0.0212631
Muller_E	3044683	0.0141556	0.964692	0.0211524
Muller_E	3046757	0.0141668	0.964761	0.0210722
Muller_E	3046887	0.0141675	0.964765	0.0210672
Muller_E	3047900	0.014173	0.964799	0.021028
Muller_E	3048135	0.0141743	0.964807	0.021019
Muller_E	3050664	0.0141879	0.964891	0.0209212
Muller_E	3051698	0.0141935	0.964925	0.0208812
Muller_E	3051968	0.0141949	0.964934	0.0208707
Muller_E	3052635	0.0141985	0.964957	0.0208449
Muller_E	3053197	0.0142015	0.964975	0.0208232
Muller_E	3056428	0.0142188	0.965083	0.0206981
Muller_E	3056712	0.0142204	0.965093	0.0206871
Muller_E	3058398	0.0142294	0.965149	0.0206218
Muller_E	3059687	0.0142362	0.965192	0.0205719
Muller_E	3061511	0.0142459	0.965253	0.0205012
Muller_E	3062406	0.0142507	0.965283	0.0204665
Muller_E	3062537	0.0142514	0.965287	0.0204614
Muller_E	3100018	0.014445	0.966551	0.0190035
Muller_E	3100718	0.0144485	0.966575	0.0189762
Muller_E	3112367	0.0145065	0.966972	0.018521
Muller_E	3112987	0.0145096	0.966994	0.0184967
Muller_E	3113420	0.0145117	0.967008	0.0184798
Muller_E	3116107	0.014525	0.9671	0.0183746
Muller_E	3119432	0.0145413	0.967214	0.0182444
Muller_E	3119714	0.0145426	0.967224	0.0182334
Muller_E	3120862	0.0145483	0.967263	0.0181884
Muller_E	3122265	0.0145551	0.967312	0.0181334
Muller_E	3123364	0.0145604	0.967349	0.0180903
Muller_E	3124138	0.0145642	0.967376	0.01806
Muller_E	3127464	0.0145803	0.96749	0.0179295
Muller_E	3128767	0.0145866	0.967535	0.0178784
Muller_E	3128895	0.0145872	0.967539	0.0178734
Muller_E	3129611	0.0145907	0.967564	0.0178453
Muller_E	3129743	0.0145913	0.967569	0.0178401
Muller_E	3130171	0.0145933	0.967583	0.0178233
Muller_E	3131529	0.0145999	0.96763	0.01777
Muller_E	3137674	0.0146292	0.967842	0.0175286
Muller_E	3139976	0.0146402	0.967922	0.0174381
Muller_E	3143168	0.0146553	0.968032	0.0173126
Muller_E	3169152	0.0147753	0.968937	0.0162878
Muller_E	3170575	0.0147818	0.968987	0.0162315
Muller_E	3173857	0.0147966	0.969102	0.0161017
Muller_E	3192801	0.0148804	0.969769	0.0153508
Muller_E	3194086	0.014886	0.969814	0.0152998
Muller_E	3194230	0.0148866	0.969819	0.0152941
Muller_E	3207603	0.014944	0.970294	0.0147623
Muller_E	3207708	0.0149445	0.970297	0.0147581
Muller_E	3208070	0.014946	0.97031	0.0147437
Muller_E	3208369	0.0149473	0.970321	0.0147318
Muller_E	3208507	0.0149479	0.970326	0.0147263
Muller_E	3208706	0.0149487	0.970333	0.0147184
Muller_E	3210124	0.0149547	0.970383	0.0146619
Muller_E	3211254	0.0149595	0.970424	0.0146169
Muller_E	3212088	0.014963	0.970453	0.0145837
Muller_E	3216063	0.0149797	0.970595	0.0144252
Muller_E	3216461	0.0149814	0.970609	0.0144093
Muller_E	3217109	0.0149841	0.970632	0.0143835
Muller_E	3217441	0.0149855	0.970644	0.0143703
Muller_E	3217706	0.0149866	0.970654	0.0143597
Muller_E	3217825	0.0149871	0.970658	0.0143549
Muller_E	3218354	0.0149893	0.970677	0.0143338
Muller_E	3219292	0.0149932	0.97071	0.0142964
Muller_E	3219763	0.0149951	0.970727	0.0142776
Muller_E	3221459	0.0150022	0.970788	0.0142099
Muller_E	3222112	0.0150049	0.970811	0.0141839
Muller_E	3223012	0.0150086	0.970843	0.0141479
Muller_E	3223549	0.0150108	0.970863	0.0141265
Muller_E	3224815	0.015016	0.970908	0.014076
Muller_E	3226800	0.0150242	0.970979	0.0139967
Muller_E	3229718	0.0150362	0.971084	0.01388
Muller_E	3240322	0.0150791	0.971465	0.0134557
Muller_E	3240918	0.0150815	0.971487	0.0134319
Muller_E	3241273	0.0150829	0.971499	0.0134176
Muller_E	3247835	0.015109	0.971736	0.0131546
Muller_E	3251442	0.0151232	0.971867	0.0130099
Muller_E	3252203	0.0151262	0.971894	0.0129793
Muller_E	3254014	0.0151333	0.97196	0.0129066
Muller_E	3254518	0.0151352	0.971978	0.0128864
Muller_E	3255141	0.0151377	0.972001	0.0128614
Muller_E	3255365	0.0151385	0.972009	0.0128524
Muller_E	3259142	0.0151532	0.972146	0.0127006
Muller_E	3259935	0.0151563	0.972175	0.0126688
Muller_E	3262497	0.0151661	0.972268	0.0125658
Muller_E	3263708	0.0151708	0.972312	0.012517
Muller_E	3264644	0.0151744	0.972346	0.0124794
Muller_E	3266132	0.0151801	0.9724	0.0124195
Muller_E	3266579	0.0151818	0.972417	0.0124015
Muller_E	3266806	0.0151826	0.972425	0.0123924
Muller_E	3269029	0.0151911	0.972506	0.0123029
Muller_E	3271700	0.0152012	0.972603	0.0121953
Muller_E	3271881	0.0152019	0.97261	0.012188
Muller_E	3273894	0.0152095	0.972684	0.0121069
Muller_E	3275081	0.0152139	0.972727	0.0120591
Muller_E	3275989	0.0152173	0.97276	0.0120225
Muller_E	3278049	0.0152251	0.972836	0.0119394
Muller_E	3280894	0.0152356	0.97294	0.0118247
Muller_E	3282107	0.0152401	0.972984	0.0117757
Muller_E	3282973	0.0152433	0.973016	0.0117408
Muller_E	3284532	0.0152491	0.973073	0.0116778
Muller_E	3291321	0.0152739	0.973323	0.0114035
Muller_E	3291878	0.015276	0.973343	0.011381
Muller_E	3293351	0.0152813	0.973397	0.0113214
Muller_E	3293759	0.0152828	0.973412	0.0113049
Muller_E	3304917	0.0153227	0.973824	0.0108532
Muller_E	3306663	0.0153288	0.973889	0.0107824
Muller_E	3306880	0.0153296	0.973897	0.0107736
Muller_E	3310127	0.015341	0.974017	0.0106419
Muller_E	3312301	0.0270504	0.97052	0.00242999
Muller_E	3312718	0.0153462	0.974102	0.0105515
Muller_E	3318766	0.0153126	0.974168	0.0105195
Muller_E	3323588	0.0152856	0.974221	0.0104937
Muller_E	3324201	0.0152821	0.974227	0.0104904
Muller_E	3324656	0.0152796	0.974232	0.0104879
Muller_E	3325091	0.0152771	0.974237	0.0104856
Muller_E	3326084	0.0152715	0.974248	0.0104803
Muller_E	3326190	0.0152709	0.974249	0.0104797
Muller_E	3330218	0.0152482	0.974294	0.0104579
Muller_E	3334866	0.0152217	0.974346	0.0104327
Muller_E	3337545	0.0152064	0.974376	0.010418
Muller_E	3340268	0.0151908	0.974406	0.0104031
Muller_E	3340480	0.0151896	0.974408	0.010402
Muller_E	3410593	0.0147675	0.975235	0.00999773
Muller_E	3431230	0.0146361	0.975492	0.00987153
Muller_E	3437416	0.0145961	0.975571	0.00983306
Muller_E	3456916	0.014468	0.975822	0.00970986
Muller_E	3457694	0.0144628	0.975832	0.00970488
Muller_E	3459001	0.0144541	0.975849	0.00969651
Muller_E	3462300	0.0144321	0.975893	0.00967532
Muller_E	3464519	0.0144172	0.975922	0.00966102
Muller_E	3464673	0.0144162	0.975924	0.00966003
Muller_E	3477602	0.0143289	0.976095	0.00957595
Muller_E	3525631	0.0139932	0.976755	0.00925227
Muller_E	3546828	0.0138394	0.977057	0.00910375
Muller_E	3557059	0.013764	0.977205	0.00903081
Muller_E	3566467	0.0136938	0.977343	0.00896303
Muller_E	3572057	0.0136519	0.977426	0.00892243
Muller_E	3572168	0.013651	0.977427	0.00892162
Muller_E	3579272	0.0135973	0.977533	0.00886966
Muller_E	3579502	0.0135956	0.977536	0.00886798
Muller_E	3582419	0.0135734	0.97758	0.00884653
Muller_E	3590131	0.0135145	0.977696	0.00878949
Muller_E	3605233	0.0230153	0.974596	0.00238899
Muller_E	3610748	0.0132961	0.97798	0.00872385
Muller_E	3611776	0.0132771	0.97799	0.00873266
Muller_E	3615071	0.0132162	0.978023	0.00876082
Muller_E	3617701	0.0131676	0.978049	0.00878325
Muller_E	3617818	0.0131654	0.97805	0.00878424
Muller_E	3617948	0.013163	0.978052	0.00878535
Muller_E	3623404	0.0130619	0.978106	0.00883169
Muller_E	3630035	0.0129387	0.978174	0.00888771
Muller_E	3631532	0.0129108	0.978189	0.00890031
Muller_E	3634067	0.0128636	0.978215	0.0089216
Muller_E	3642157	0.0127126	0.978298	0.00898924
Muller_E	3643438	0.0126887	0.978311	0.00899991
Muller_E	3645674	0.0126468	0.978335	0.0090185
Muller_E	3652519	0.0125185	0.978406	0.00907516
Muller_E	3655257	0.0124671	0.978435	0.00909772
Muller_E	3657953	0.0124164	0.978464	0.00911988
Muller_E	3660200	0.0123741	0.978488	0.00913831
Muller_E	3665461	0.0122749	0.978544	0.00918131
Muller_E	3670065	0.0121879	0.978593	0.00921877
Muller_E	3757777	0.0105004	0.979598	0.00990161
Muller_E	3766114	0.010337	0.9797	0.00996347
Muller_E	3770199	0.0102567	0.97975	0.00999358
Muller_E	3771242	0.0102362	0.979763	0.0100013
Muller_E	3775369	0.010155	0.979814	0.0100315
Muller_E	3781958	0.010025	0.979895	0.0100796
Muller_E	3788305	0.00989942	0.979975	0.0101255
Muller_E	3788531	0.00989494	0.979978	0.0101272
Muller_E	3788717	0.00989126	0.97998	0.0101285
Muller_E	3791492	0.00983626	0.980015	0.0101485
Muller_E	3791929	0.0098276	0.980021	0.0101517
Muller_E	3794089	0.00978475	0.980048	0.0101672
Muller_E	3798034	0.00970639	0.980098	0.0101954
Muller_E	3805877	0.00955025	0.980199	0.0102512
Muller_E	3808116	0.00950559	0.980227	0.0102671
Muller_E	3837593	0.00891408	0.980614	0.0104721
Muller_E	3889492	0.00785651	0.981326	0.0108171
Muller_E	3892070	0.00780344	0.981363	0.0108337
Muller_E	3892768	0.00778907	0.981373	0.0108382
Muller_E	3893846	0.00776686	0.981388	0.0108451
Muller_E	3895236	0.0077382	0.981408	0.010854
Muller_E	3896701	0.00770799	0.981429	0.0108634
Muller_E	3964144	0.0062992	0.982424	0.0112773
Muller_E	3964249	0.00629698	0.982425	0.0112779
Muller_E	3964701	0.00628742	0.982432	0.0112806
Muller_E	3965335	0.006274	0.982442	0.0112843
Muller_E	3965537	0.00626973	0.982445	0.0112855
Muller_E	3971184	0.00615013	0.982531	0.0113185
Muller_E	4005791	0.00541184	0.983073	0.0115156
Muller_E	4007537	0.00537434	0.9831	0.0115253
Muller_E	4008073	0.00536283	0.983109	0.0115282
Muller_E	4008732	0.00534867	0.983119	0.0115319
Muller_E	4009275	0.005337	0.983128	0.0115349
Muller_E	4009794	0.00532584	0.983136	0.0115378
Muller_E	4010462	0.00531148	0.983147	0.0115415
Muller_E	4011246	0.00529462	0.98316	0.0115458
Muller_E	4011350	0.00529239	0.983161	0.0115464
Muller_E	4011743	0.00528393	0.983168	0.0115485
Muller_E	4012926	0.00525848	0.983186	0.0115551
Muller_E	4015010	0.00521361	0.98322	0.0115665
Muller_E	4015956	0.00519323	0.983235	0.0115717
Muller_E	4016731	0.00517653	0.983248	0.011576
Muller_E	4017133	0.00516787	0.983254	0.0115782
Muller_E	4017640	0.00515694	0.983262	0.0115809
Muller_E	4021078	0.00508278	0.983318	0.0115997
Muller_E	4021876	0.00506555	0.98333	0.0116041
Muller_E	4022513	0.0050518	0.983341	0.0116075
Muller_E	4022928	0.00504284	0.983347	0.0116098
Muller_E	4024532	0.00500818	0.983373	0.0116185
Muller_E	4024639	0.00500587	0.983375	0.0116191
Muller_E	4025270	0.00499223	0.983385	0.0116225
Muller_E	4027169	0.00495117	0.983416	0.0116327
Muller_E	4027437	0.00494537	0.98342	0.0116342
Muller_E	4027764	0.0049383	0.983426	0.0116359
Muller_E	4029270	0.0049057	0.98345	0.0116441
Muller_E	4032202	0.0048422	0.983498	0.0116598
Muller_E	4032327	0.00483949	0.9835	0.0116605
Muller_E	4033521	0.00481361	0.98352	0.0116669
Muller_E	4033797	0.00480763	0.983524	0.0116684
Muller_E	4036360	0.00475203	0.983566	0.011682
Muller_E	4037138	0.00473515	0.983579	0.0116862
Muller_E	4037610	0.0047249	0.983586	0.0116887
Muller_E	4040496	0.00466221	0.983634	0.011704
Muller_E	4040949	0.00465236	0.983641	0.0117064
Muller_E	4045900	0.00454465	0.983723	0.0117325
Muller_E	4046078	0.00454077	0.983726	0.0117335
Muller_E	4046843	0.00452411	0.983738	0.0117375
Muller_E	4047581	0.00450804	0.983751	0.0117414
Muller_E	4048275	0.00449291	0.983762	0.011745
Muller_E	4048700	0.00448365	0.983769	0.0117472
Muller_E	4053592	0.00437693	0.98385	0.0117727
Muller_E	4056223	0.00431946	0.983894	0.0117864
Muller_E	4056545	0.00431242	0.9839	0.011788
Muller_E	4056951	0.00430354	0.983906	0.0117901
Muller_E	4057601	0.00428933	0.983917	0.0117935
Muller_E	4057720	0.00428673	0.983919	0.0117941
Muller_E	4058043	0.00427967	0.983925	0.0117958
Muller_E	4058149	0.00427735	0.983926	0.0117963
Muller_E	4058704	0.00426521	0.983936	0.0117992
Muller_E	4059417	0.00424961	0.983948	0.0118029
Muller_E	4059965	0.00423762	0.983957	0.0118057
Muller_E	4061381	0.00420663	0.98398	0.011813
Muller_E	4061745	0.00419866	0.983986	0.0118148
Muller_E	4062020	0.00419264	0.983991	0.0118163
Muller_E	4062507	0.00418197	0.983999	0.0118188
Muller_E	4062941	0.00417246	0.984007	0.011821
Muller_E	4064035	0.00414849	0.984025	0.0118266
Muller_E	4064680	0.00413436	0.984036	0.0118299
Muller_E	4064829	0.00413109	0.984038	0.0118306
Muller_E	4065474	0.00411695	0.984049	0.0118339
Muller_E	4065574	0.00411476	0.984051	0.0118345
Muller_E	4066028	0.0041048	0.984058	0.0118368
Muller_E	4067541	0.00407161	0.984084	0.0118445
Muller_E	4067967	0.00406227	0.984091	0.0118467
Muller_E	4068535	0.0040498	0.984101	0.0118495
Muller_E	4069245	0.00403421	0.984113	0.0118531
Muller_E	4070105	0.00401533	0.984127	0.0118575
Muller_E	4071088	0.00399374	0.984144	0.0118625
Muller_E	4071641	0.00398159	0.984153	0.0118653
Muller_E	4072126	0.00397093	0.984161	0.0118677
Muller_E	4072768	0.00395682	0.984172	0.011871
Muller_E	4072973	0.00395231	0.984176	0.011872
Muller_E	4073359	0.00394383	0.984182	0.011874
Muller_E	4075135	0.00390477	0.984212	0.0118829
Muller_E	4075254	0.00390215	0.984214	0.0118835
Muller_E	4076053	0.00388457	0.984228	0.0118875
Muller_E	4077160	0.0038602	0.984247	0.0118931
Muller_E	4078165	0.00383807	0.984264	0.0118981
Muller_E	4078690	0.00382651	0.984273	0.0119008
Muller_E	4078900	0.00382188	0.984276	0.0119018
Muller_E	4079010	0.00381946	0.984278	0.0119024
Muller_E	4079297	0.00381313	0.984283	0.0119038
Muller_E	4081728	0.00375955	0.984325	0.0119159
Muller_E	4082079	0.00375181	0.984331	0.0119177
Muller_E	4083988	0.0037097	0.984363	0.0119272
Muller_E	4085715	0.00367157	0.984393	0.0119357
Muller_E	4089306	0.00359223	0.984454	0.0119535
Muller_E	4089803	0.00358124	0.984463	0.0119559
Muller_E	4092778	0.00351542	0.984514	0.0119705
Muller_E	4092894	0.00351285	0.984516	0.0119711
Muller_E	4098915	0.00337942	0.98462	0.0120004
Muller_E	4109650	0.00314083	0.984807	0.0120521
Muller_E	4113217	0.00306136	0.98487	0.012069
Muller_E	4113538	0.0030542	0.984875	0.0120705
Muller_E	4114422	0.00303449	0.984891	0.0120747
Muller_E	4114803	0.00302599	0.984897	0.0120765
Muller_E	4115118	0.00301896	0.984903	0.012078
Muller_E	4116856	0.00298018	0.984934	0.0120862
Muller_E	4117074	0.00516265	0.991476	0.00336165
Muller_E	4117473	0.00295972	0.98494	0.0121007
Muller_E	4118970	0.00290122	0.984948	0.0121511
Muller_E	4121851	0.00278858	0.984963	0.0122481
Muller_E	4122071	0.00277998	0.984964	0.0122555
Muller_E	4122393	0.00276738	0.984966	0.0122664
Muller_E	4122818	0.00275076	0.984969	0.0122807
Muller_E	4124318	0.00269209	0.984977	0.0123311
Muller_E	4124418	0.00268818	0.984977	0.0123345
Muller_E	4126492	0.00260702	0.984989	0.0124043
Muller_E	4127527	0.00256651	0.984994	0.0124391
Muller_E	4127720	0.00255896	0.984995	0.0124456
Muller_E	4128101	0.00254404	0.984998	0.0124584
Muller_E	4128234	0.00253884	0.984998	0.0124628
Muller_E	4130334	0.00245661	0.98501	0.0125334
Muller_E	4132221	0.0023827	0.98502	0.0125968
Muller_E	4134741	0.00228397	0.985035	0.0126815
Muller_E	4134982	0.00227452	0.985036	0.0126896
Muller_E	4136547	0.00221318	0.985045	0.0127421
Muller_E	4140224	0.00206899	0.985066	0.0128655
Muller_E	4140902	0.00204239	0.985069	0.0128882
Muller_E	4141485	0.00201952	0.985073	0.0129078
Muller_E	4143836	0.00192726	0.985086	0.0129866
Muller_E	4144350	0.00190709	0.985089	0.0130038
Muller_E	4144848	0.00188754	0.985092	0.0130205
Muller_E	4150850	0.0016518	0.985127	0.0132215
Muller_E	4151927	0.00160948	0.985133	0.0132576
Muller_E	4154621	0.00150357	0.985149	0.0133477
Muller_E	4159745	0.000285581	0.975896	0.023818
Muller_E	4159958	0.00130027	0.985177	0.0135226
Muller_E	4160923	0.00129241	0.985169	0.0135389
Muller_E	4161787	0.00128535	0.985161	0.0135535
Muller_E	4162162	0.00128229	0.985158	0.0135598
Muller_E	4163984	0.0012674	0.985142	0.0135906
Muller_E	4164218	0.00126548	0.98514	0.0135945
Muller_E	4164859	0.00126023	0.985134	0.0136054
Muller_E	4165033	0.00125881	0.985133	0.0136083
Muller_E	4165157	0.00125779	0.985132	0.0136104
Muller_E	4165383	0.00125594	0.98513	0.0136142
Muller_E	4165808	0.00125246	0.985126	0.0136214
Muller_E	4165958	0.00125123	0.985125	0.0136239
Muller_E	4166062	0.00125038	0.985124	0.0136257
Muller_E	4166243	0.00124889	0.985122	0.0136287
Muller_E	4166628	0.00124574	0.985119	0.0136352
Muller_E	4168755	0.00122827	0.985101	0.013671
Muller_E	4172546	0.00119706	0.985068	0.0137348
Muller_E	4172827	0.00119474	0.985066	0.0137396
Muller_E	4173860	0.00118621	0.985057	0.0137569
Muller_E	4176100	0.00116769	0.985038	0.0137945
Muller_E	4176326	0.00116582	0.985036	0.0137983
Muller_E	4176826	0.00116168	0.985032	0.0138067
Muller_E	4177022	0.00116006	0.98503	0.01381
Muller_E	4178339	0.00114914	0.985019	0.0138321
Muller_E	4178608	0.00114691	0.985016	0.0138366
Muller_E	4179326	0.00114095	0.98501	0.0138486
Muller_E	4180712	0.00112944	0.984999	0.0138719
Muller_E	4180966	0.00112733	0.984997	0.0138761
Muller_E	4184926	0.00109434	0.984963	0.0139424
Muller_E	4185178	0.00109224	0.984961	0.0139466
Muller_E	4185319	0.00109106	0.98496	0.0139489
Muller_E	4185532	0.00108928	0.984958	0.0139525
Muller_E	4187632	0.00107173	0.984941	0.0139876
Muller_E	4188227	0.00106675	0.984936	0.0139975
Muller_E	4188670	0.00106304	0.984932	0.0140049
Muller_E	4192621	0.00102989	0.984899	0.0140708
Muller_E	4193546	0.00102212	0.984892	0.0140862
Muller_E	4194407	0.00101487	0.984885	0.0141005
Muller_E	4195783	0.00100328	0.984873	0.0141234
Muller_E	4196010	0.00100136	0.984871	0.0141272
Muller_E	4197440	0.000989298	0.98486	0.014151
Muller_E	4198223	0.000982685	0.984853	0.014164
Muller_E	4199021	0.000975941	0.984847	0.0141772
Muller_E	4199203	0.000974402	0.984845	0.0141803
Muller_E	4199424	0.000972533	0.984844	0.0141839
Muller_E	4199639	0.000970714	0.984842	0.0141875
Muller_E	4199983	0.000967803	0.984839	0.0141932
Muller_E	4203293	0.00093975	0.984812	0.0142481
Muller_E	4205814	0.000918326	0.984792	0.0142899
Muller_E	4206134	0.000915603	0.984789	0.0142952
Muller_E	4207588	0.00013935	0.973752	0.0261087
Muller_E	4210680	0.000906874	0.984758	0.0143351
Muller_E	4210928	0.000907164	0.984756	0.0143364
Muller_E	4211312	0.000907611	0.984754	0.0143384
Muller_E	4211755	0.000908126	0.984751	0.0143407
Muller_E	4213444	0.000910075	0.984741	0.0143493
Muller_E	4216650	0.000913713	0.984721	0.0143656
Muller_E	4217058	0.00091417	0.984718	0.0143677
Muller_E	4217453	0.000914611	0.984716	0.0143697
Muller_E	4217565	0.000914736	0.984715	0.0143703
Muller_E	4217669	0.000914852	0.984714	0.0143708
Muller_E	4217825	0.000915026	0.984713	0.0143716
Muller_E	4218923	0.000916242	0.984707	0.0143772
Muller_E	4225215	0.00092303	0.984668	0.0144089
Muller_E	4232774	0.00093077	0.984623	0.0144466
Muller_E	4235298	0.000933253	0.984608	0.0144591
Muller_E	4245993	0.000943214	0.984545	0.0145114
Muller_E	4252835	0.000949111	0.984506	0.0145445
Muller_E	4253725	0.000949851	0.984501	0.0145487
Muller_E	4256197	0.000951872	0.984488	0.0145606
Muller_E	4261234	0.000955841	0.98446	0.0145845
Muller_E	4262892	0.000957104	0.984451	0.0145924
Muller_E	4263238	0.000957365	0.984449	0.014594
Muller_E	4263588	0.000957627	0.984447	0.0145956
Muller_E	4264621	0.000958397	0.984441	0.0146005
Muller_E	4266950	0.000960102	0.984428	0.0146115
Muller_E	4267529	0.000960519	0.984425	0.0146142
Muller_E	4276223	0.000966462	0.984379	0.0146546
Muller_E	4311688	0.000984493	0.984202	0.0148135
Muller_E	4311965	0.000984595	0.984201	0.0148147
Muller_E	4312254	0.0009847	0.984199	0.0148159
Muller_E	4312510	0.000984793	0.984198	0.014817
Muller_E	4334492	0.000990817	0.984099	0.0149104
Muller_E	4352032	0.000992876	0.984025	0.0149822
Muller_E	4353438	0.000992935	0.984019	0.0149879
Muller_E	4356857	0.000993014	0.984005	0.0150015
Muller_E	4360054	0.000993004	0.983993	0.0150142
Muller_E	4374783	0.000991912	0.983936	0.0150717
Muller_E	4374946	0.00099189	0.983936	0.0150724
Muller_E	4381350	0.00099087	0.983912	0.0150968
Muller_E	4558836	0.000833263	0.983519	0.0156475
Muller_E	4562012	0.000828169	0.983517	0.0156551
Muller_E	4564083	0.000824805	0.983515	0.0156601
Muller_E	4564194	0.000824623	0.983515	0.0156603
Muller_E	4568491	0.00081753	0.983512	0.0156704
Muller_E	4569115	0.000816488	0.983512	0.0156719
Muller_E	4569749	0.000815426	0.983511	0.0156734
Muller_E	4570340	0.000814433	0.983511	0.0156747
Muller_E	4571890	0.000811815	0.98351	0.0156783
Muller_E	4572624	0.000810569	0.983509	0.01568
Muller_E	4573491	0.000809092	0.983509	0.015682
Muller_E	4573809	0.000808549	0.983509	0.0156827
Muller_E	4577361	0.000802425	0.983507	0.0156908
Muller_E	4577462	0.000802249	0.983507	0.0156911
Muller_E	4578308	0.000800775	0.983506	0.015693
Muller_E	4580664	0.000796641	0.983505	0.0156983
Muller_E	4580954	0.000796129	0.983505	0.0156989
Muller_E	4581769	0.000794687	0.983505	0.0157007
Muller_E	4581909	0.000794438	0.983505	0.0157011
Muller_E	4583019	0.000792464	0.983504	0.0157035
Muller_E	4583393	0.000791797	0.983504	0.0157044
Muller_E	4583516	0.000791577	0.983504	0.0157046
Muller_E	4584473	0.000789863	0.983503	0.0157067
Muller_E	4589180	0.000781329	0.983502	0.0157171
Muller_E	4590247	0.00077937	0.983501	0.0157194
Muller_E	4591539	0.000776986	0.983501	0.0157222
Muller_E	4593253	0.000773803	0.9835	0.0157259
Muller_E	4593508	0.000773327	0.9835	0.0157264
Muller_E	4593974	0.000772457	0.9835	0.0157274
Muller_E	4595111	0.000770326	0.9835	0.0157298
Muller_E	4595303	0.000769965	0.9835	0.0157302
Muller_E	4597548	0.000765724	0.983499	0.015735
Muller_E	4597833	0.000765183	0.983499	0.0157356
Muller_E	4600306	0.000760459	0.983499	0.0157408
Muller_E	4607273	0.000746891	0.983498	0.0157551
Muller_E	4607398	0.000746644	0.983498	0.0157554
Muller_E	4610441	0.000740594	0.983498	0.0157615
Muller_E	4611041	0.000739392	0.983498	0.0157627
Muller_E	4611562	0.000738346	0.983498	0.0157637
Muller_E	4611697	0.000738075	0.983498	0.015764
Muller_E	4612447	0.000736565	0.983498	0.0157655
Muller_E	4612733	0.000735988	0.983498	0.0157661
Muller_E	4612927	0.000735597	0.983498	0.0157665
Muller_E	4613148	0.00073515	0.983498	0.0157669
Muller_E	4614502	0.000732405	0.983498	0.0157696
Muller_E	4615888	0.000729581	0.983498	0.0157723
Muller_E	4616173	0.000728998	0.983498	0.0157729
Muller_E	4616508	0.000728313	0.983498	0.0157735
Muller_E	4616663	0.000727995	0.983498	0.0157738
Muller_E	4618190	0.000724856	0.983498	0.0157768
Muller_E	4619781	0.000721566	0.983499	0.0157799
Muller_E	4622166	0.000716596	0.983499	0.0157845
Muller_E	4626314	0.000707846	0.9835	0.0157924
Muller_E	4626864	0.000706675	0.9835	0.0157934
Muller_E	4627368	0.000705601	0.9835	0.0157944
Muller_E	4627488	0.000705345	0.9835	0.0157946
Muller_E	4633961	0.000691357	0.983502	0.0158066
Muller_E	4635834	0.000687247	0.983503	0.01581
Muller_E	4636452	0.000685885	0.983503	0.0158111
Muller_E	4637295	0.000684022	0.983503	0.0158126
Muller_E	4640891	0.000676013	0.983505	0.015819
Muller_E	4645727	0.00066508	0.983507	0.0158275
Muller_E	4646376	0.000663599	0.983508	0.0158286
Muller_E	4646798	0.000662634	0.983508	0.0158293
Muller_E	4653320	0.000647541	0.983512	0.0158404
Muller_E	4656520	0.000640012	0.983514	0.0158457
Muller_E	4672665	0.00060079	0.983528	0.0158713
Muller_E	4674140	0.000597103	0.983529	0.0158735
Muller_E	4675745	0.000593072	0.983531	0.0158759
Muller_E	4676485	0.000591207	0.983532	0.0158771
Muller_E	4677110	0.000589628	0.983532	0.015878
Muller_E	4677655	0.000588249	0.983533	0.0158788
Muller_E	4678986	0.000584871	0.983534	0.0158808
Muller_E	4680223	0.000581718	0.983536	0.0158826
Muller_E	4682403	0.000576133	0.983538	0.0158857
Muller_E	4682621	0.000575573	0.983538	0.0158861
Muller_E	4684270	0.00057132	0.98354	0.0158884
Muller_E	4685491	0.000568158	0.983542	0.0158902
Muller_E	4686019	0.000566786	0.983542	0.0158909
Muller_E	4687101	0.000563969	0.983544	0.0158924
Muller_E	4689628	0.000557354	0.983547	0.015896
Muller_E	4690052	0.000556239	0.983547	0.0158966
Muller_E	4690344	0.000555471	0.983548	0.015897
Muller_E	4690905	0.000553992	0.983548	0.0158978
Muller_E	4691125	0.000553411	0.983549	0.0158981
Muller_E	4691712	0.00055186	0.983549	0.0158989
Muller_E	4691999	0.000551101	0.98355	0.0158993
Muller_E	4692111	0.000550805	0.98355	0.0158994
Muller_E	4693234	0.000547827	0.983551	0.0159009
Muller_E	4693620	0.000546801	0.983552	0.0159015
Muller_E	4693753	0.000546447	0.983552	0.0159016
Muller_E	4694021	0.000545734	0.983552	0.015902
Muller_E	4694592	0.000544212	0.983553	0.0159028
Muller_E	4696429	0.000539299	0.983555	0.0159053
Muller_E	4696792	0.000538325	0.983556	0.0159057
Muller_E	4699402	0.000531291	0.98356	0.0159092
Muller_E	4700957	0.000527075	0.983562	0.0159112
Muller_E	4702606	0.000522583	0.983564	0.0159134
Muller_E	4708142	0.000507344	0.983572	0.0159204
Muller_E	4712097	0.000496308	0.983578	0.0159252
Muller_E	4713898	0.000491242	0.983581	0.0159274
Muller_E	4714194	0.000490407	0.983582	0.0159278
Muller_E	4717094	0.000482188	0.983587	0.0159312
Muller_E	4717794	0.000480194	0.983588	0.015932
Muller_E	4720564	0.000472266	0.983593	0.0159352
Muller_E	4722390	0.000467007	0.983596	0.0159373
Muller_E	4727534	0.000452048	0.983605	0.015943
Muller_E	4730688	0.000442773	0.983611	0.0159465
Muller_E	4731377	0.000440736	0.983612	0.0159472
Muller_E	4732944	0.00043609	0.983615	0.0159488
Muller_E	4738342	0.000419936	0.983626	0.0159544
Muller_E	4739398	0.000416748	0.983628	0.0159555
Muller_E	4742492	0.000407359	0.983634	0.0159585
Muller_E	4745718	0.000397488	0.983641	0.0159616
Muller_E	4746457	0.000395216	0.983642	0.0159623
Muller_E	4748015	0.00039041	0.983646	0.0159638
Muller_E	4748352	0.000389368	0.983647	0.0159641
Muller_E	4748630	0.000388508	0.983647	0.0159644
Muller_E	4751071	0.000380928	0.983652	0.0159666
Muller_E	4751685	0.000379014	0.983654	0.0159672
Muller_E	4751817	0.000378602	0.983654	0.0159673
Muller_E	4752607	0.000376134	0.983656	0.015968
Muller_E	4752773	0.000375615	0.983656	0.0159682
Muller_E	4753826	0.000372316	0.983659	0.0159691
Muller_E	4754671	5.74845e-05	0.970901	0.029042
Muller_E	4756619	0.000373673	0.983675	0.0159517
Muller_E	4759191	0.000378923	0.983693	0.0159276
Muller_E	4761262	0.000383112	0.983709	0.0159082
Muller_E	4761866	0.000384327	0.983713	0.0159025
Muller_E	4761985	0.000384566	0.983714	0.0159014
Muller_E	4763545	0.00038769	0.983726	0.0158867
Muller_E	4764509	0.000389611	0.983733	0.0158777
Muller_E	4765595	0.000391766	0.983741	0.0158675
Muller_E	4766291	0.000393143	0.983746	0.0158609
Muller_E	4766501	0.000393557	0.983748	0.0158589
Muller_E	4767354	0.000395237	0.983754	0.0158509
Muller_E	4769627	0.000399686	0.983771	0.0158294
Muller_E	4769950	0.000400315	0.983773	0.0158264
Muller_E	4772288	0.000404842	0.983791	0.0158043
Muller_E	4773763	0.000407676	0.983802	0.0157903
Muller_E	4773963	0.000408059	0.983804	0.0157884
Muller_E	4774375	0.000408847	0.983807	0.0157845
Muller_E	4774957	0.000409957	0.983811	0.015779
Muller_E	4775479	0.000410951	0.983815	0.015774
Muller_E	4776619	0.000413114	0.983824	0.0157632
Muller_E	4779373	0.000418297	0.983845	0.015737
Muller_E	4781913	0.000423023	0.983864	0.0157128
Muller_E	4782620	0.00042433	0.98387	0.015706
Muller_E	4783326	0.00042563	0.983875	0.0156993
Muller_E	4786044	0.000430601	0.983896	0.0156733
Muller_E	4786690	0.000431774	0.983901	0.0156671
Muller_E	4789453	0.000436753	0.983923	0.0156406
Muller_E	4790377	0.000438405	0.98393	0.0156317
Muller_E	4792360	0.000441926	0.983945	0.0156127
Muller_E	4792549	0.00044226	0.983947	0.0156108
Muller_E	4792702	0.00044253	0.983948	0.0156094
Muller_E	4822723	0.000491954	0.984191	0.0153168
Muller_E	4832155	0.000506007	0.984271	0.0152235
Muller_E	4834924	0.000509999	0.984294	0.0151959
Muller_E	4838041	0.000514419	0.984321	0.0151649
Muller_E	4839031	0.000515807	0.984329	0.015155
Muller_E	4840034	0.000517205	0.984338	0.015145
Muller_E	4843722	0.000522278	0.98437	0.015108
Muller_E	4844215	0.000522948	0.984374	0.0151031
Muller_E	4846930	0.000526602	0.984398	0.0150758
