chrom	position	2,0	1,1	0,2
Muller_E	62882	0.09431	0.661633	0.244057
Muller_E	267432	0.0829288	0.682992	0.23408
Muller_E	441230	0.0731415	0.701333	0.225525
Muller_E	511157	0.0691712	0.708767	0.222062
Muller_E	557879	0.0665075	0.713753	0.21974
Muller_E	581000	0.065186	0.716226	0.218588
Muller_E	709108	0.0578236	0.729995	0.212181
Muller_E	768129	0.0544079	0.73638	0.209212
Muller_E	785241	0.0534147	0.738236	0.208349
Muller_E	787322	0.0532938	0.738462	0.208244
Muller_E	787424	0.0532879	0.738473	0.208239
Muller_E	788173	0.0532444	0.738554	0.208201
Muller_E	788750	0.0532108	0.738617	0.208172
Muller_E	788860	0.0532044	0.738629	0.208167
Muller_E	791823	0.0530323	0.738951	0.208017
Muller_E	802257	0.0524257	0.740084	0.20749
Muller_E	893794	0.0470831	0.750064	0.202853
Muller_E	894300	0.0470534	0.750119	0.202827
Muller_E	896281	0.0469374	0.750336	0.202727
Muller_E	897287	0.0468784	0.750446	0.202676
Muller_E	897987	0.0468374	0.750523	0.20264
Muller_E	901015	0.0466599	0.750854	0.202486
Muller_E	901718	0.0133598	0.678702	0.307938
Muller_E	923408	0.0463577	0.753287	0.200355
Muller_E	923675	0.0463545	0.753316	0.200329
Muller_E	924320	0.0463467	0.753386	0.200267
Muller_E	927795	0.0463046	0.753764	0.199931
Muller_E	948021	0.0460588	0.755965	0.197976
Muller_E	948230	0.0460563	0.755988	0.197956
Muller_E	958531	0.0459304	0.75711	0.196959
Muller_E	967701	0.0458179	0.75811	0.196072
Muller_E	969142	0.0458002	0.758267	0.195933
Muller_E	1033237	0.0450024	0.765276	0.189722
Muller_E	1120573	0.043884	0.77488	0.181236
Muller_E	1123171	0.0438502	0.775167	0.180983
Muller_E	1146845	0.0435404	0.777782	0.178678
Muller_E	1148492	0.0435187	0.777964	0.178517
Muller_E	1168315	0.0432571	0.780158	0.176585
Muller_E	1213395	0.0426547	0.78516	0.172186
Muller_E	1262309	0.0419897	0.790608	0.167403
Muller_E	1275111	0.0418137	0.792037	0.166149
Muller_E	1275707	0.0418054	0.792104	0.166091
Muller_E	1314313	0.0412694	0.796424	0.162307
Muller_E	1318297	0.0412136	0.79687	0.161916
Muller_E	1358440	0.0406472	0.801378	0.157974
Muller_E	1358616	0.0406447	0.801398	0.157957
Muller_E	1378824	0.0403564	0.803673	0.15597
Muller_E	1480336	0.0388755	0.815162	0.145962
Muller_E	1489232	0.0387431	0.816174	0.145083
Muller_E	1645912	0.0363401	0.834122	0.129537
Muller_E	1673398	0.0359045	0.837297	0.126798
Muller_E	1718642	0.035178	0.842541	0.122281
Muller_E	1746815	0.0347197	0.845817	0.119463
Muller_E	1763447	0.0344469	0.847756	0.117797
Muller_E	1765039	0.0344207	0.847941	0.117638
Muller_E	1765159	0.0344188	0.847955	0.117626
Muller_E	1765369	0.0344153	0.84798	0.117605
Muller_E	1771226	0.0343188	0.848663	0.117018
Muller_E	1799036	0.0338579	0.851913	0.114229
Muller_E	1802542	0.0337995	0.852324	0.113877
Muller_E	1802678	0.0337972	0.85234	0.113863
Muller_E	1803039	0.0337912	0.852382	0.113827
Muller_E	1803347	0.0337861	0.852418	0.113796
Muller_E	1805518	0.0337498	0.852672	0.113578
Muller_E	1812938	0.0336258	0.853541	0.112833
Muller_E	1813040	0.0336241	0.853553	0.112823
Muller_E	1815234	0.0335874	0.85381	0.112602
Muller_E	1815907	0.0335761	0.853889	0.112535
Muller_E	1816383	0.0335681	0.853945	0.112487
Muller_E	1831501	0.0333141	0.855718	0.110967
Muller_E	1850978	0.0329849	0.858007	0.109008
Muller_E	1851905	0.0329692	0.858116	0.108915
Muller_E	1852166	0.0329647	0.858147	0.108889
Muller_E	1857635	0.0328718	0.85879	0.108338
Muller_E	1861157	0.0328119	0.859204	0.107984
Muller_E	1861336	0.0328089	0.859226	0.107966
Muller_E	1861880	0.0327996	0.85929	0.107911
Muller_E	1866595	0.0327193	0.859845	0.107436
Muller_E	1870209	0.0326576	0.860271	0.107072
Muller_E	1871973	0.0326275	0.860478	0.106894
Muller_E	1880064	0.032489	0.861432	0.106079
Muller_E	1889333	0.0323299	0.862526	0.105144
Muller_E	1891195	0.0322979	0.862746	0.104956
Muller_E	1894320	0.0322441	0.863115	0.104641
Muller_E	1900363	0.0321399	0.863829	0.104032
Muller_E	1904375	0.0320706	0.864303	0.103627
Muller_E	1915469	0.0318785	0.865615	0.102507
Muller_E	1927060	0.031677	0.866987	0.101336
Muller_E	1932459	0.0315829	0.867627	0.10079
Muller_E	1944351	0.0313749	0.869038	0.0995875
Muller_E	1946702	0.0313337	0.869317	0.0993497
Muller_E	1961660	0.0310707	0.871094	0.0978358
Muller_E	1975567	0.0308249	0.872748	0.0964272
Muller_E	2011856	0.0301779	0.877076	0.0927465
Muller_E	2013122	0.0301552	0.877227	0.092618
Muller_E	2044597	0.0295871	0.880994	0.0894193
Muller_E	2048236	0.0295211	0.88143	0.0890491
Muller_E	2048434	0.0295175	0.881454	0.0890289
Muller_E	2086567	0.0288201	0.886035	0.085145
Muller_E	2103366	0.0285099	0.888059	0.0834313
Muller_E	2117584	0.028246	0.889774	0.0819796
Muller_E	2126123	0.0280869	0.890806	0.0811071
Muller_E	2135792	0.0279061	0.891975	0.0801187
Muller_E	2140907	0.0278103	0.892594	0.0795956
Muller_E	2141169	0.0278054	0.892626	0.0795688
Muller_E	2142715	0.0277764	0.892813	0.0794106
Muller_E	2145389	0.0277262	0.893137	0.0791371
Muller_E	2146953	0.0276968	0.893326	0.0789771
Muller_E	2147057	0.0276948	0.893339	0.0789664
Muller_E	2201852	0.0266552	0.899994	0.0733505
Muller_E	2204792	0.0265989	0.900352	0.0730487
Muller_E	2219543	0.0263154	0.902151	0.0715335
Muller_E	2220290	0.026301	0.902242	0.0714567
Muller_E	2241628	0.0258883	0.904849	0.0692624
Muller_E	2243471	0.0258525	0.905075	0.0690727
Muller_E	2531559	0.0363721	0.955398	0.00822994
Muller_E	2693610	0.0130458	0.950353	0.0366017
Muller_E	2696554	0.0129181	0.950528	0.0365535
Muller_E	2706179	0.0125003	0.951104	0.0363958
Muller_E	2713009	0.0122034	0.951513	0.0362834
Muller_E	2716202	0.0120645	0.951705	0.0362308
Muller_E	2721440	0.0118364	0.952019	0.0361443
Muller_E	2735475	0.0112243	0.952864	0.0359116
Muller_E	2763120	0.0100145	0.954536	0.0354491
Muller_E	2777976	0.00936207	0.95544	0.0351983
Muller_E	2779619	0.00928982	0.95554	0.0351704
Muller_E	2787347	0.00894968	0.956011	0.0350392
Muller_E	2788916	0.00888057	0.956107	0.0350126
Muller_E	2795398	0.00859486	0.956503	0.0349021
Muller_E	2798296	0.00846702	0.95668	0.0348527
Muller_E	2799305	0.0084225	0.956742	0.0348354
Muller_E	2800245	0.00838101	0.9568	0.0348194
Muller_E	2800507	0.00836945	0.956816	0.0348149
Muller_E	2800780	0.0083574	0.956832	0.0348102
Muller_E	2800932	0.00835069	0.956842	0.0348076
Muller_E	2801158	0.00834071	0.956856	0.0348037
Muller_E	2805736	0.00813854	0.957136	0.0347254
Muller_E	2807233	0.0080724	0.957228	0.0346997
Muller_E	2807795	0.00804756	0.957262	0.0346901
Muller_E	2808363	0.00802246	0.957297	0.0346803
Muller_E	2809031	0.00799294	0.957338	0.0346689
Muller_E	2809272	0.00798228	0.957353	0.0346647
Muller_E	2809909	0.00795412	0.957392	0.0346538
Muller_E	2811470	0.0078851	0.957488	0.034627
Muller_E	2811776	0.00787157	0.957507	0.0346218
Muller_E	2812117	0.00785649	0.957528	0.0346159
Muller_E	2815676	0.00769905	0.957746	0.0345547
Muller_E	2816259	0.00767325	0.957782	0.0345447
Muller_E	2817070	0.00763735	0.957832	0.0345307
Muller_E	2817616	0.00761319	0.957866	0.0345213
Muller_E	2819402	0.00753412	0.957975	0.0344905
Muller_E	2820166	0.00750028	0.958022	0.0344774
Muller_E	2820386	0.00749054	0.958036	0.0344736
Muller_E	2820775	0.00747331	0.95806	0.0344669
Muller_E	2821135	0.00745737	0.958082	0.0344607
Muller_E	2821440	0.00744386	0.958101	0.0344554
Muller_E	2826939	0.00720017	0.958439	0.0343605
Muller_E	2831172	0.00701244	0.9587	0.0342872
Muller_E	2831515	0.00699722	0.958722	0.0342813
Muller_E	2832336	0.00696079	0.958772	0.0342671
Muller_E	2833070	0.00692822	0.958817	0.0342543
Muller_E	2850717	0.00614388	0.959909	0.0339474
Muller_E	2853215	0.00603267	0.960064	0.0339037
Muller_E	2856496	0.00588652	0.960267	0.0338464
Muller_E	2856945	0.00586652	0.960295	0.0338385
Muller_E	2857481	0.00584263	0.960328	0.0338291
Muller_E	2858163	0.00581224	0.960371	0.0338172
Muller_E	2859754	0.00574132	0.960469	0.0337893
Muller_E	2859987	0.00573094	0.960484	0.0337852
Muller_E	2862604	0.00561424	0.960646	0.0337393
Muller_E	2866488	0.00544096	0.960888	0.0336711
Muller_E	2867267	0.00540619	0.960936	0.0336575
Muller_E	2868557	0.00534861	0.961017	0.0336348
Muller_E	2870085	0.00528038	0.961112	0.0336079
Muller_E	2870623	0.00525636	0.961145	0.0335984
Muller_E	2876155	0.00500918	0.96149	0.0335009
Muller_E	2877151	0.00496466	0.961552	0.0334834
Muller_E	2886067	0.00456574	0.962109	0.0333257
Muller_E	2886534	0.00454483	0.962138	0.0333174
Muller_E	2887599	0.00449713	0.962204	0.0332986
Muller_E	2887882	0.00448446	0.962222	0.0332935
Muller_E	2888492	0.00445713	0.96226	0.0332827
Muller_E	2888607	0.00445198	0.962267	0.0332807
Muller_E	2890000	0.00438958	0.962354	0.033256
Muller_E	2890387	0.00437224	0.962379	0.0332491
Muller_E	2890907	0.00434894	0.962411	0.0332399
Muller_E	2894764	0.00417604	0.962653	0.0331714
Muller_E	2899098	0.00398163	0.962924	0.0330943
Muller_E	2901481	0.00387468	0.963074	0.0330518
Muller_E	2901643	0.00386741	0.963084	0.0330489
Muller_E	2902627	0.00382323	0.963145	0.0330314
Muller_E	2903432	0.00378708	0.963196	0.033017
Muller_E	2904998	0.00371675	0.963294	0.0329891
Muller_E	2905994	0.00367201	0.963357	0.0329713
Muller_E	2907134	0.00362079	0.963428	0.0329509
Muller_E	2908511	0.00355891	0.963515	0.0329263
Muller_E	2909452	0.00351661	0.963574	0.0329095
Muller_E	2910160	0.00348479	0.963618	0.0328968
Muller_E	2911022	0.00344603	0.963673	0.0328814
Muller_E	2911252	0.00343569	0.963687	0.0328773
Muller_E	2911992	0.00340242	0.963734	0.032864
Muller_E	2914672	0.00328187	0.963902	0.032816
Muller_E	2915489	0.00324511	0.963954	0.0328014
Muller_E	2918585	0.00310577	0.964148	0.0327459
Muller_E	2919015	0.00308641	0.964175	0.0327381
Muller_E	2919728	0.0030543	0.96422	0.0327253
Muller_E	2919971	0.00304336	0.964236	0.032721
Muller_E	2921506	0.00297423	0.964332	0.0326934
Muller_E	2922564	0.00292657	0.964399	0.0326744
Muller_E	2922707	0.00292013	0.964408	0.0326718
Muller_E	2924226	0.00285169	0.964504	0.0326445
Muller_E	2925108	0.00281194	0.964559	0.0326286
Muller_E	2925552	0.00279193	0.964587	0.0326206
Muller_E	2928855	0.00264302	0.964796	0.0325611
Muller_E	2930674	0.00256098	0.964911	0.0325283
Muller_E	2931258	0.00253463	0.964948	0.0325178
Muller_E	2931592	0.00251956	0.964969	0.0325118
Muller_E	2931798	0.00251027	0.964982	0.032508
Muller_E	2932326	0.00248644	0.965015	0.0324985
Muller_E	2945623	0.00188578	0.965856	0.0322578
Muller_E	2945753	0.0018799	0.965865	0.0322555
Muller_E	2945878	0.00187425	0.965873	0.0322532
Muller_E	2946001	0.00186868	0.96588	0.032251
Muller_E	2955783	0.00142592	0.966501	0.0320731
Muller_E	2957997	0.000432656	0.947242	0.0523248
Muller_E	2959282	0.000410205	0.946966	0.0526243
Muller_E	2959697	0.00130502	0.966735	0.0319598
Muller_E	2959819	0.00130456	0.966743	0.031952
Muller_E	2960759	0.00130098	0.966807	0.0318917
Muller_E	2961667	0.00129752	0.966869	0.0318335
Muller_E	2961801	0.00129701	0.966878	0.031825
Muller_E	2963254	0.00129146	0.966977	0.0317318
Muller_E	2963568	0.00129026	0.966998	0.0317117
Muller_E	2975263	0.00124494	0.967794	0.0309615
Muller_E	2976725	0.0012392	0.967893	0.0308677
Muller_E	2977784	0.00123503	0.967965	0.0307997
Muller_E	2982473	0.00121647	0.968285	0.0304985
Muller_E	2984283	0.00120926	0.968409	0.0303822
Muller_E	2985483	0.00120446	0.96849	0.0303051
Muller_E	2985658	0.00120376	0.968502	0.0302939
Muller_E	2985908	0.00120276	0.968519	0.0302778
Muller_E	2987685	0.00119564	0.968641	0.0301636
Muller_E	2992894	0.00117461	0.968997	0.0298286
Muller_E	2993313	0.00117291	0.969025	0.0298017
Muller_E	2993798	0.00117094	0.969059	0.0297705
Muller_E	2994137	0.00116956	0.969082	0.0297487
Muller_E	2994487	0.00116813	0.969106	0.0297262
Muller_E	2994615	0.00116761	0.969114	0.0297179
Muller_E	2995123	0.00116554	0.969149	0.0296853
Muller_E	2995701	0.000314876	0.949612	0.0500727
Muller_E	2996048	0.00116386	0.969227	0.0296089
Muller_E	2996738	0.00116518	0.969304	0.029531
Muller_E	2996880	0.00116546	0.96932	0.0295149
Muller_E	2997113	0.0011659	0.969345	0.0294886
Muller_E	2999116	0.00116973	0.969568	0.0292624
Muller_E	2999459	0.00117039	0.969606	0.0292237
Muller_E	3001420	0.0011741	0.969824	0.0290021
Muller_E	3001578	0.0011744	0.969841	0.0289843
Muller_E	3001696	0.00117462	0.969854	0.028971
Muller_E	3002579	0.00117628	0.969952	0.0288712
Muller_E	3003095	0.00117725	0.97001	0.0288129
Muller_E	3003540	0.00117808	0.970059	0.0287627
Muller_E	3004120	0.00117917	0.970124	0.0286971
Muller_E	3005221	0.00118122	0.970246	0.0285727
Muller_E	3007967	0.00118629	0.970551	0.0282624
Muller_E	3012773	0.00119504	0.971086	0.0277192
Muller_E	3013331	0.00119605	0.971148	0.0276561
Muller_E	3013618	0.00119656	0.97118	0.0276237
Muller_E	3014080	0.00119739	0.971231	0.0275715
Muller_E	3014783	0.00119865	0.971309	0.027492
Muller_E	3016296	0.00120134	0.971478	0.0273209
Muller_E	3017214	0.00120297	0.97158	0.0272171
Muller_E	3018320	0.00120492	0.971703	0.027092
Muller_E	3018982	0.00120609	0.971777	0.0270172
Muller_E	3019303	0.00120665	0.971812	0.0269809
Muller_E	3019831	0.00120757	0.971871	0.0269212
Muller_E	3021834	0.00121106	0.972094	0.0266946
Muller_E	3021944	0.00121125	0.972107	0.0266822
Muller_E	3023127	0.0012133	0.972238	0.0265484
Muller_E	3024474	0.00121562	0.972388	0.026396
Muller_E	3024813	0.0012162	0.972426	0.0263576
Muller_E	3029421	0.00122401	0.97294	0.0258362
Muller_E	3029834	0.0012247	0.972986	0.0257895
Muller_E	3030101	0.00122514	0.973016	0.0257593
Muller_E	3033200	0.00123029	0.973361	0.0254085
Muller_E	3033901	0.00123145	0.973439	0.0253292
Muller_E	3034073	0.00123173	0.973459	0.0253097
Muller_E	3036032	0.00123493	0.973677	0.0250879
Muller_E	3038305	0.00123861	0.973931	0.0248306
Muller_E	3041816	0.00124422	0.974323	0.024433
Muller_E	3044683	0.00124873	0.974643	0.0241082
Muller_E	3046757	0.00125196	0.974875	0.0238733
Muller_E	3046887	0.00125216	0.974889	0.0238586
Muller_E	3047900	0.00125372	0.975002	0.0237438
Muller_E	3048135	0.00125409	0.975029	0.0237172
Muller_E	3050664	0.00125795	0.975311	0.0234306
Muller_E	3051698	0.00125951	0.975427	0.0233134
Muller_E	3051968	0.00125992	0.975457	0.0232828
Muller_E	3052635	0.00126093	0.975532	0.0232072
Muller_E	3053197	0.00126177	0.975595	0.0231435
Muller_E	3056428	0.00126657	0.975956	0.0227773
Muller_E	3056712	0.00126699	0.975988	0.0227451
Muller_E	3058398	0.00126946	0.976177	0.022554
Muller_E	3059687	0.00127134	0.976321	0.0224078
Muller_E	3061511	0.00127397	0.976525	0.022201
Muller_E	3062406	0.00127525	0.976625	0.0220995
Muller_E	3062537	0.00127544	0.97664	0.0220846
Muller_E	3100018	0.00132368	0.980848	0.0178287
Muller_E	3100718	0.00132448	0.980926	0.0177492
Muller_E	3112367	0.00133724	0.982239	0.0164243
Muller_E	3112987	0.00133789	0.982308	0.0163537
Muller_E	3113420	0.00133834	0.982357	0.0163044
Muller_E	3116107	0.00134112	0.98266	0.0159987
Muller_E	3119432	0.00134448	0.983035	0.0156202
Muller_E	3119714	0.00134476	0.983067	0.0155881
Muller_E	3120862	0.0013459	0.983197	0.0154574
Muller_E	3122265	0.00134727	0.983355	0.0152977
Muller_E	3123364	0.00134834	0.983479	0.0151726
Muller_E	3124138	0.00134909	0.983566	0.0150844
Muller_E	3127464	0.00135224	0.983942	0.0147057
Muller_E	3128767	0.00135346	0.984089	0.0145573
Muller_E	3128895	0.00135358	0.984104	0.0145427
Muller_E	3129611	0.00135424	0.984185	0.0144611
Muller_E	3129743	0.00257054	0.99562	0.00180913
Muller_E	3130171	0.00135347	0.984205	0.0144418
Muller_E	3131529	0.00135064	0.984221	0.0144281
Muller_E	3137674	0.00133766	0.984297	0.0143658
Muller_E	3139976	0.00133272	0.984325	0.0143424
Muller_E	3143168	0.0013258	0.984364	0.0143098
Muller_E	3169152	0.00126646	0.984692	0.014042
Muller_E	3170575	0.00126306	0.98471	0.0140272
Muller_E	3173857	0.00125514	0.984752	0.013993
Muller_E	3192801	0.0012078	0.984998	0.0137937
Muller_E	3194086	0.00120449	0.985015	0.0137801
Muller_E	3194230	0.00120412	0.985017	0.0137786
Muller_E	3207603	0.00116883	0.985195	0.0136361
Muller_E	3207708	0.00116855	0.985196	0.013635
Muller_E	3208070	0.00116757	0.985201	0.0136311
Muller_E	3208369	0.00116677	0.985205	0.0136279
Muller_E	3208507	0.00116639	0.985207	0.0136264
Muller_E	3208706	0.00116586	0.98521	0.0136243
Muller_E	3210124	0.00116202	0.985229	0.0136091
Muller_E	3211254	0.00115895	0.985244	0.0135969
Muller_E	3212088	0.00115668	0.985255	0.013588
Muller_E	3216063	0.00114577	0.985309	0.0135452
Muller_E	3216461	0.00114468	0.985314	0.0135409
Muller_E	3217109	0.00114288	0.985323	0.0135339
Muller_E	3217441	0.00114197	0.985328	0.0135304
Muller_E	3217706	0.00114123	0.985331	0.0135275
Muller_E	3217825	0.0011409	0.985333	0.0135262
Muller_E	3218354	0.00113943	0.98534	0.0135205
Muller_E	3219292	0.00113682	0.985353	0.0135104
Muller_E	3219763	0.00113551	0.985359	0.0135053
Muller_E	3221459	0.00113077	0.985382	0.013487
Muller_E	3222112	0.00112894	0.985391	0.0134799
Muller_E	3223012	0.00112641	0.985403	0.0134701
Muller_E	3223549	0.0011249	0.985411	0.0134643
Muller_E	3224815	0.00112133	0.985428	0.0134506
Muller_E	3226800	0.0011157	0.985455	0.0134291
Muller_E	3229718	0.00110736	0.985495	0.0133973
Muller_E	3240322	0.00107651	0.985642	0.0132815
Muller_E	3240918	0.00107475	0.98565	0.013275
Muller_E	3241273	0.0010737	0.985655	0.0132711
Muller_E	3247835	0.00105411	0.985747	0.0131989
Muller_E	3251442	0.0010432	0.985798	0.0131591
Muller_E	3252203	0.00104089	0.985808	0.0131507
Muller_E	3254014	0.00103536	0.985834	0.0131306
Muller_E	3254518	0.00103381	0.985841	0.0131251
Muller_E	3255141	0.0010319	0.98585	0.0131182
Muller_E	3255365	0.00103121	0.985853	0.0131157
Muller_E	3259142	0.00101956	0.985907	0.0130738
Muller_E	3259935	0.0010171	0.985918	0.013065
Muller_E	3262497	0.00100911	0.985954	0.0130364
Muller_E	3263708	0.00100532	0.985972	0.0130229
Muller_E	3264644	0.00100238	0.985985	0.0130125
Muller_E	3266132	0.000153082	0.97611	0.0237369
Muller_E	3266579	0.00100019	0.986015	0.0129846
Muller_E	3266806	0.00100146	0.98602	0.0129789
Muller_E	3269029	0.00101387	0.986063	0.0129228
Muller_E	3271700	0.00102872	0.986116	0.0128554
Muller_E	3271881	0.00102973	0.986119	0.0128509
Muller_E	3273894	0.00104088	0.986159	0.0128
Muller_E	3275081	0.00104745	0.986183	0.01277
Muller_E	3275989	0.00105246	0.9862	0.0127471
Muller_E	3278049	0.00106381	0.986241	0.012695
Muller_E	3280894	0.00107943	0.986298	0.012623
Muller_E	3282107	0.00108607	0.986322	0.0125923
Muller_E	3282973	0.00109081	0.986339	0.0125703
Muller_E	3284532	0.00109932	0.98637	0.0125308
Muller_E	3291321	0.00113615	0.986505	0.0123586
Muller_E	3291878	0.00113915	0.986516	0.0123444
Muller_E	3293351	0.00114709	0.986546	0.012307
Muller_E	3293759	0.00205055	0.995083	0.0028663
Muller_E	3304917	0.00117266	0.986514	0.0123131
Muller_E	3306663	0.00117623	0.986508	0.0123156
Muller_E	3306880	0.00117667	0.986507	0.0123159
Muller_E	3310127	0.00118324	0.986496	0.0123204
Muller_E	3312301	0.00118759	0.986489	0.0123234
Muller_E	3312718	0.00118842	0.986488	0.012324
Muller_E	3318766	0.0012003	0.986468	0.0123321
Muller_E	3323588	0.00120956	0.986452	0.0123384
Muller_E	3324201	0.00121073	0.98645	0.0123392
Muller_E	3324656	0.00121159	0.986449	0.0123398
Muller_E	3325091	0.00121241	0.986447	0.0123403
Muller_E	3326084	0.00121429	0.986444	0.0123416
Muller_E	3326190	0.00121449	0.986444	0.0123417
Muller_E	3330218	0.001222	0.986431	0.0123468
Muller_E	3334866	0.00123051	0.986417	0.0123524
Muller_E	3337545	0.00123534	0.986409	0.0123556
Muller_E	3340268	0.00124019	0.986401	0.0123587
Muller_E	3340480	0.00124056	0.9864	0.012359
Muller_E	3410593	0.001345	0.986235	0.0124204
Muller_E	3431230	0.00136831	0.986201	0.0124311
Muller_E	3437416	0.00137463	0.986192	0.0124336
Muller_E	3456916	0.00139258	0.986168	0.0124397
Muller_E	3457694	0.00139324	0.986167	0.0124399
Muller_E	3459001	0.00139432	0.986165	0.0124402
Muller_E	3462300	0.00139701	0.986162	0.0124409
Muller_E	3464519	0.00139877	0.98616	0.0124413
Muller_E	3464673	0.00139889	0.98616	0.0124413
Muller_E	3477602	0.00140833	0.986149	0.0124429
Muller_E	3525631	0.00143178	0.986131	0.0124374
Muller_E	3546828	0.0014363	0.986134	0.0124292
Muller_E	3557059	0.00143721	0.986139	0.012424
Muller_E	3566467	0.00143731	0.986144	0.0124185
Muller_E	3572057	0.00143704	0.986148	0.0124149
Muller_E	3572168	0.00143703	0.986148	0.0124148
Muller_E	3579272	0.00143632	0.986154	0.0124099
Muller_E	3579502	0.00143629	0.986154	0.0124097
Muller_E	3582419	0.00143587	0.986157	0.0124076
Muller_E	3590131	0.00143445	0.986164	0.0124015
Muller_E	3605233	0.00143031	0.986181	0.0123884
Muller_E	3610748	0.00142834	0.986188	0.0123832
Muller_E	3611776	0.00142795	0.98619	0.0123822
Muller_E	3615071	0.00142663	0.986194	0.0123789
Muller_E	3617701	0.00142552	0.986198	0.0123762
Muller_E	3617818	0.00142547	0.986198	0.0123761
Muller_E	3617948	0.00142541	0.986199	0.012376
Muller_E	3623404	0.00142292	0.986207	0.0123703
Muller_E	3630035	0.00141957	0.986217	0.012363
Muller_E	3631532	0.00141876	0.98622	0.0123613
Muller_E	3634067	0.00141736	0.986224	0.0123584
Muller_E	3642157	0.00141254	0.986239	0.0123488
Muller_E	3643438	0.00141173	0.986241	0.0123472
Muller_E	3645674	0.00141029	0.986245	0.0123445
Muller_E	3652519	0.00140561	0.986259	0.0123358
Muller_E	3655257	0.00140364	0.986264	0.0123322
Muller_E	3657953	0.00140163	0.98627	0.0123286
Muller_E	3660200	0.00139992	0.986275	0.0123255
Muller_E	3665461	0.00139576	0.986286	0.0123183
Muller_E	3670065	0.00139193	0.986296	0.0123117
Muller_E	3757777	0.00128687	0.986558	0.0121555
Muller_E	3766114	0.0012737	0.986589	0.0121375
Muller_E	3770199	0.00126705	0.986605	0.0121284
Muller_E	3771242	0.00126533	0.986609	0.0121261
Muller_E	3775369	0.00125843	0.986625	0.0121168
Muller_E	3781958	0.00124715	0.986651	0.0121017
Muller_E	3788305	0.00123596	0.986677	0.0120869
Muller_E	3788531	0.00123555	0.986678	0.0120863
Muller_E	3788717	0.00123522	0.986679	0.0120859
Muller_E	3791492	0.00123022	0.98669	0.0120793
Muller_E	3791929	0.00122942	0.986692	0.0120782
Muller_E	3794089	0.00122548	0.986701	0.0120731
Muller_E	3798034	0.00121818	0.986718	0.0120635
Muller_E	3805877	0.0012033	0.986753	0.0120441
Muller_E	3808116	0.00119896	0.986763	0.0120384
Muller_E	3837593	0.00113813	0.986901	0.0119607
Muller_E	3889492	0.00101424	0.987179	0.0118072
Muller_E	3892070	0.00100753	0.987193	0.011799
Muller_E	3892768	0.0010057	0.987198	0.0117968
Muller_E	3893846	0.00100287	0.987204	0.0117933
Muller_E	3895236	0.00099921	0.987212	0.0117889
Muller_E	3896701	0.000995335	0.98722	0.0117842
Muller_E	3964144	0.000798444	0.987652	0.0115492
Muller_E	3964249	0.000798109	0.987653	0.0115488
Muller_E	3964701	0.000796667	0.987656	0.0115471
Muller_E	3965335	0.000794642	0.987661	0.0115447
Muller_E	3965537	0.000793996	0.987662	0.0115439
Muller_E	3971184	0.000775804	0.987702	0.0115226
Muller_E	4005791	0.000658772	0.987955	0.0113862
Muller_E	4007537	0.000652614	0.987968	0.011379
Muller_E	4008073	0.000650719	0.987972	0.0113768
Muller_E	4008732	0.000648386	0.987977	0.0113741
Muller_E	4009275	0.000646461	0.987982	0.0113719
Muller_E	4009794	0.000644619	0.987986	0.0113698
Muller_E	4010462	0.000642244	0.987991	0.011367
Muller_E	4011246	0.000639453	0.987997	0.0113638
Muller_E	4011350	0.000639083	0.987998	0.0113634
Muller_E	4011743	0.000637682	0.988001	0.0113617
Muller_E	4012926	0.000633456	0.98801	0.0113569
Muller_E	4015010	0.000625985	0.988026	0.0113482
Muller_E	4015956	0.000622583	0.988033	0.0113443
Muller_E	4016731	0.00061979	0.988039	0.0113411
Muller_E	4017133	0.000618339	0.988042	0.0113394
Muller_E	4017640	0.000616508	0.988046	0.0113373
Muller_E	4021078	0.000604036	0.988073	0.0113229
Muller_E	4021876	0.000601127	0.988079	0.0113195
Muller_E	4022513	0.000598802	0.988084	0.0113169
Muller_E	4022928	0.000597285	0.988088	0.0113151
Muller_E	4024532	0.000591411	0.9881	0.0113083
Muller_E	4024639	0.000591018	0.988101	0.0113079
Muller_E	4025270	0.000588701	0.988106	0.0113052
Muller_E	4027169	0.000581708	0.988121	0.0112972
Muller_E	4027437	0.000580719	0.988123	0.011296
Muller_E	4027764	0.000579511	0.988126	0.0112946
Muller_E	4029270	0.000573937	0.988138	0.0112882
Muller_E	4032202	0.000563035	0.988161	0.0112757
Muller_E	4032327	7.76053e-05	0.979133	0.0207889
Muller_E	4033521	0.000566387	0.988176	0.0112579
Muller_E	4033797	0.000567268	0.988179	0.0112539
Muller_E	4036360	0.000575421	0.988208	0.0112167
Muller_E	4037138	0.000577886	0.988217	0.0112055
Muller_E	4037610	0.000579379	0.988222	0.0111986
Muller_E	4040496	0.000588469	0.988255	0.0111567
Muller_E	4040949	0.000589889	0.98826	0.0111501
Muller_E	4045900	0.000605311	0.988317	0.011078
Muller_E	4046078	0.000605862	0.988319	0.0110754
Muller_E	4046843	0.000608227	0.988328	0.0110643
Muller_E	4047581	0.000610503	0.988336	0.0110535
Muller_E	4048275	0.00061264	0.988344	0.0110434
Muller_E	4048700	0.000613947	0.988349	0.0110372
Muller_E	4053592	0.000628885	0.988405	0.0109657
Muller_E	4056223	0.000636841	0.988436	0.0109271
Muller_E	4056545	0.000637811	0.98844	0.0109224
Muller_E	4056951	0.000639033	0.988445	0.0109164
Muller_E	4057601	0.000640986	0.988452	0.0109069
Muller_E	4057720	0.000641343	0.988453	0.0109052
Muller_E	4058043	0.000642312	0.988457	0.0109004
Muller_E	4058149	0.00064263	0.988459	0.0108989
Muller_E	4058704	0.000644293	0.988465	0.0108907
Muller_E	4059417	0.000646425	0.988473	0.0108803
Muller_E	4059965	0.000648062	0.98848	0.0108722
Muller_E	4061381	0.000652278	0.988496	0.0108514
Muller_E	4061745	0.00065336	0.988501	0.010846
Muller_E	4062020	0.000654176	0.988504	0.010842
Muller_E	4062507	0.00065562	0.98851	0.0108348
Muller_E	4062941	0.000656906	0.988515	0.0108285
Muller_E	4064035	0.000660139	0.988528	0.0108124
Muller_E	4064680	0.000662041	0.988535	0.0108029
Muller_E	4064829	0.00066248	0.988537	0.0108007
Muller_E	4065474	0.000664378	0.988544	0.0107912
Muller_E	4065574	0.000664672	0.988546	0.0107897
Muller_E	4066028	0.000666006	0.988551	0.010783
Muller_E	4067541	0.000670438	0.988569	0.0107607
Muller_E	4067967	0.000671683	0.988574	0.0107544
Muller_E	4068535	0.00067334	0.988581	0.010746
Muller_E	4069245	0.000675408	0.988589	0.0107356
Muller_E	4070105	0.000677908	0.988599	0.0107229
Muller_E	4071088	0.000680758	0.988611	0.0107083
Muller_E	4071641	0.000682358	0.988617	0.0107002
Muller_E	4072126	0.000683759	0.988623	0.010693
Muller_E	4072768	0.000685611	0.988631	0.0106835
Muller_E	4072973	0.000686202	0.988633	0.0106805
Muller_E	4073359	0.000687313	0.988638	0.0106748
Muller_E	4075135	0.000692411	0.988659	0.0106485
Muller_E	4075254	0.000692752	0.988661	0.0106467
Muller_E	4076053	0.000695036	0.98867	0.0106349
Muller_E	4077160	0.000698193	0.988683	0.0106185
Muller_E	4078165	0.00070105	0.988695	0.0106036
Muller_E	4078690	0.00070254	0.988702	0.0105958
Muller_E	4078900	0.000703135	0.988704	0.0105927
Muller_E	4079010	0.000703447	0.988706	0.010591
Muller_E	4079297	0.000704259	0.988709	0.0105868
Muller_E	4081728	0.000711116	0.988738	0.0105507
Muller_E	4082079	0.000712103	0.988742	0.0105455
Muller_E	4083988	0.000717449	0.988765	0.0105171
Muller_E	4085715	0.000722261	0.988786	0.0104914
Muller_E	4089306	0.00073219	0.98883	0.0104378
Muller_E	4089803	0.000733556	0.988836	0.0104304
Muller_E	4092778	0.000741693	0.988872	0.010386
Muller_E	4092894	0.000742009	0.988874	0.0103843
Muller_E	4098915	0.000758256	0.988948	0.0102941
Muller_E	4109650	0.00078651	0.989081	0.0101327
Muller_E	4113217	0.000795696	0.989125	0.0100789
Muller_E	4113538	0.000796518	0.989129	0.010074
Muller_E	4114422	0.000798776	0.989141	0.0100607
Muller_E	4114803	0.000799748	0.989145	0.0100549
Muller_E	4115118	0.00080055	0.989149	0.0100501
Muller_E	4116856	0.000804963	0.989171	0.0100238
Muller_E	4117074	0.000805515	0.989174	0.0100205
Muller_E	4117473	0.000806524	0.989179	0.0100145
Muller_E	4118970	0.000810298	0.989198	0.00999183
Muller_E	4121851	0.000817512	0.989234	0.00994815
Muller_E	4122071	0.00081806	0.989237	0.00994481
Muller_E	4122393	0.000818861	0.989241	0.00993992
Muller_E	4122818	0.000819918	0.989247	0.00993347
Muller_E	4124318	0.000823636	0.989266	0.00991069
Muller_E	4124418	0.000823883	0.989267	0.00990917
Muller_E	4126492	0.000828993	0.989293	0.00987764
Muller_E	4127527	0.000831531	0.989307	0.00986189
Muller_E	4127720	0.000832003	0.989309	0.00985895
Muller_E	4128101	0.000832934	0.989314	0.00985315
Muller_E	4128234	0.000833259	0.989316	0.00985113
Muller_E	4130334	0.000838369	0.989342	0.00981914
Muller_E	4132221	0.000842931	0.989367	0.00979036
Muller_E	4134741	0.000848979	0.989399	0.00975189
Muller_E	4134982	0.000849555	0.989402	0.00974821
Muller_E	4136547	0.000853283	0.989422	0.00972429
Muller_E	4140224	0.000861964	0.98947	0.00966801
Muller_E	4140902	0.000863554	0.989479	0.00965762
Muller_E	4141485	0.000864917	0.989486	0.00964869
Muller_E	4143836	0.000870388	0.989517	0.00961262
Muller_E	4144350	0.000871578	0.989524	0.00960473
Muller_E	4144848	0.00087273	0.98953	0.00959709
Muller_E	4150850	0.00088645	0.989609	0.00950478
Muller_E	4151927	0.000888881	0.989623	0.00948819
Muller_E	4154621	0.000894923	0.989658	0.00944664
Muller_E	4159745	0.000906256	0.989726	0.00936746
Muller_E	4159958	0.000906723	0.989729	0.00936416
Muller_E	4160923	0.000908832	0.989742	0.00934922
Muller_E	4161787	0.000910715	0.989753	0.00933584
Muller_E	4162162	0.00091153	0.989758	0.00933004
Muller_E	4163984	0.000915474	0.989783	0.0093018
Muller_E	4164218	0.000915979	0.989786	0.00929817
Muller_E	4164859	0.000917359	0.989794	0.00928822
Muller_E	4165033	0.000917733	0.989797	0.00928552
Muller_E	4165157	0.000918	0.989798	0.0092836
Muller_E	4165383	0.000918485	0.989801	0.00928009
Muller_E	4165808	0.000919397	0.989807	0.0092735
Muller_E	4165958	0.000919718	0.989809	0.00927117
Muller_E	4166062	0.000919941	0.989811	0.00926956
Muller_E	4166243	0.000920328	0.989813	0.00926675
Muller_E	4166628	0.000921151	0.989818	0.00926077
Muller_E	4168755	0.000925678	0.989847	0.00922772
Muller_E	4172546	0.000933657	0.989898	0.00916874
Muller_E	4172827	0.000934244	0.989901	0.00916436
Muller_E	4173860	0.000936396	0.989915	0.00914827
Muller_E	4176100	0.000941033	0.989946	0.00911334
Muller_E	4176326	0.000941499	0.989949	0.00910981
Muller_E	4176826	0.000942528	0.989955	0.00910201
Muller_E	4177022	0.000942931	0.989958	0.00909895
Muller_E	4178339	0.000945629	0.989976	0.00907839
Muller_E	4178608	0.000946178	0.98998	0.00907418
Muller_E	4179326	0.000947642	0.989989	0.00906297
Muller_E	4180712	0.000950456	0.990008	0.0090413
Muller_E	4180966	0.00095097	0.990012	0.00903733
Muller_E	4184926	0.000958918	0.990066	0.00897533
Muller_E	4185178	0.000959419	0.990069	0.00897138
Muller_E	4185319	0.000959699	0.990071	0.00896917
Muller_E	4185532	0.000960123	0.990074	0.00896583
Muller_E	4187632	0.000964277	0.990103	0.00893289
Muller_E	4188227	0.000965447	0.990111	0.00892355
Muller_E	4188670	0.000966317	0.990117	0.0089166
Muller_E	4192621	0.000974005	0.990171	0.0088545
Muller_E	4193546	0.000975786	0.990184	0.00883994
Muller_E	4194407	0.000977439	0.990196	0.00882639
Muller_E	4195783	0.000980067	0.990215	0.00880471
Muller_E	4196010	0.0009805	0.990218	0.00880114
Muller_E	4197440	0.000983213	0.990238	0.00877859
Muller_E	4198223	0.000984692	0.990249	0.00876624
Muller_E	4199021	0.000986194	0.99026	0.00875365
Muller_E	4199203	0.000986536	0.990263	0.00875078
Muller_E	4199424	0.00098695	0.990266	0.00874729
Muller_E	4199639	0.000987354	0.990269	0.00874389
Muller_E	4199983	0.000987998	0.990274	0.00873846
Muller_E	4203293	0.000994149	0.99032	0.00868615
Muller_E	4205814	0.000998775	0.990355	0.00864625
Muller_E	4206134	0.000999359	0.990359	0.00864119
Muller_E	4207588	0.001002	0.99038	0.00861815
Muller_E	4210680	0.00100756	0.990423	0.0085691
Muller_E	4210928	0.001008	0.990427	0.00856516
Muller_E	4211312	0.00100869	0.990432	0.00855907
Muller_E	4211755	0.00100948	0.990438	0.00855203
Muller_E	4213444	0.00101247	0.990462	0.00852519
Muller_E	4216650	0.00101808	0.990508	0.00847419
Muller_E	4217058	0.00101879	0.990514	0.00846769
Muller_E	4217453	0.00101948	0.990519	0.0084614
Muller_E	4217565	0.00101967	0.990521	0.00845961
Muller_E	4217669	0.00101985	0.990522	0.00845796
Muller_E	4217825	0.00102012	0.990524	0.00845547
Muller_E	4218923	0.00102202	0.99054	0.00843798
Muller_E	4225215	0.00103269	0.99063	0.00833752
Muller_E	4232774	0.00104509	0.990738	0.00821643
Muller_E	4235298	0.00104913	0.990775	0.0081759
Muller_E	4245993	0.00106568	0.990931	0.00800359
Muller_E	4252835	0.0010758	0.991031	0.00789288
Muller_E	4253725	0.00107709	0.991044	0.00787845
Muller_E	4256197	0.00108063	0.991081	0.00783834
Muller_E	4261234	0.0010877	0.991156	0.00775647
Muller_E	4262892	0.00108999	0.991181	0.00772947
Muller_E	4263238	0.00109046	0.991186	0.00772384
Muller_E	4263588	0.00109094	0.991191	0.00771813
Muller_E	4264621	0.00109234	0.991206	0.0077013
Muller_E	4266950	0.00109548	0.991241	0.00766331
Muller_E	4267529	0.00109626	0.99125	0.00765386
Muller_E	4276223	0.00110755	0.991381	0.00751164
Muller_E	4311688	0.00114739	0.991927	0.00692528
Muller_E	4311965	0.00114767	0.991932	0.00692067
Muller_E	4312254	0.00114795	0.991936	0.00691585
Muller_E	4312510	0.0011482	0.99194	0.00691158
Muller_E	4334492	0.00116771	0.992289	0.00654299
Muller_E	4352032	0.00118052	0.992573	0.00624614
Muller_E	4353438	0.00118144	0.992596	0.00622224
Muller_E	4356857	0.00118362	0.992652	0.00616405
Muller_E	4360054	0.00118556	0.992705	0.00610956
Muller_E	4374783	0.00119348	0.992949	0.00585746
Muller_E	4374946	0.00119356	0.992952	0.00585466
Muller_E	4381350	0.00119645	0.993059	0.0057445
Muller_E	4558836	0.00114613	0.996292	0.00256147
Muller_E	4562012	0.00114293	0.996355	0.00250222
Muller_E	4564083	0.0011408	0.996396	0.00246354
Muller_E	4564194	0.00114068	0.996398	0.00246147
Muller_E	4568491	0.00113615	0.996483	0.0023811
Muller_E	4569115	0.00113548	0.996495	0.00236942
Muller_E	4569749	0.0011348	0.996508	0.00235754
Muller_E	4570340	0.00113416	0.996519	0.00234647
Muller_E	4571890	0.00113246	0.99655	0.00231742
Muller_E	4572624	0.00113165	0.996565	0.00230366
Muller_E	4573491	0.00113069	0.996582	0.0022874
Muller_E	4573809	0.00113034	0.996588	0.00228143
Muller_E	4577361	0.00112633	0.996659	0.00221474
Muller_E	4577462	0.00112621	0.996661	0.00221284
Muller_E	4578308	0.00112524	0.996678	0.00219694
Muller_E	4580664	0.00112251	0.996725	0.00215262
Muller_E	4580954	0.00112217	0.996731	0.00214716
Muller_E	4581769	0.00112121	0.996747	0.00213182
Muller_E	4581909	0.00112105	0.99675	0.00212919
Muller_E	4583019	0.00111973	0.996772	0.00210828
Muller_E	4583393	0.00111929	0.996779	0.00210124
Muller_E	4583516	0.00111914	0.996782	0.00209892
Muller_E	4584473	0.00111799	0.996801	0.00208089
Muller_E	4589180	0.00208048	0.997659	0.000261013
Muller_E	4590247	0.00110752	0.9969	0.00199277
Muller_E	4591539	0.00110178	0.996905	0.0019936
Muller_E	4593253	0.00109413	0.996911	0.00199468
Muller_E	4593508	0.00109299	0.996912	0.00199483
Muller_E	4593974	0.00109091	0.996914	0.00199512
Muller_E	4595111	0.00108582	0.996918	0.00199582
Muller_E	4595303	0.00108496	0.996919	0.00199593
Muller_E	4597548	0.00107488	0.996928	0.00199727
Muller_E	4597833	0.00107359	0.996929	0.00199744
Muller_E	4600306	0.00106243	0.996939	0.00199886
Muller_E	4607273	0.00103073	0.996967	0.00200261
Muller_E	4607398	0.00103016	0.996967	0.00200267
Muller_E	4610441	0.00101618	0.99698	0.00200418
Muller_E	4611041	0.00101342	0.996982	0.00200447
Muller_E	4611562	0.00101102	0.996984	0.00200472
Muller_E	4611697	0.00101039	0.996985	0.00200478
Muller_E	4612447	0.00100693	0.996988	0.00200513
Muller_E	4612733	0.00100561	0.996989	0.00200527
Muller_E	4612927	0.00100471	0.99699	0.00200536
Muller_E	4613148	0.00100369	0.996991	0.00200546
Muller_E	4614502	0.000997419	0.996997	0.00200608
Muller_E	4615888	0.000990984	0.997002	0.00200669
Muller_E	4616173	0.000989659	0.997004	0.00200682
Muller_E	4616508	0.000988101	0.997005	0.00200697
Muller_E	4616663	0.000987379	0.997006	0.00200703
Muller_E	4618190	0.000980263	0.997012	0.00200769
Muller_E	4619781	0.000972828	0.997019	0.00200835
Muller_E	4622166	0.000961644	0.997029	0.0020093
Muller_E	4626314	0.000942085	0.997047	0.00201084
Muller_E	4626864	0.000939481	0.997049	0.00201104
Muller_E	4627368	0.000937093	0.997052	0.00201122
Muller_E	4627488	0.000936524	0.997052	0.00201126
Muller_E	4633961	0.000905664	0.997081	0.00201333
Muller_E	4635834	0.000896671	0.997089	0.00201387
Muller_E	4636452	0.000893698	0.997092	0.00201404
Muller_E	4637295	0.000889637	0.997096	0.00201427
Muller_E	4640891	0.000872251	0.997113	0.00201518
Muller_E	4645727	0.000848705	0.997135	0.00201624
Muller_E	4646376	0.000845531	0.997138	0.00201637
Muller_E	4646798	0.000843465	0.99714	0.00201645
Muller_E	4653320	0.000811356	0.997171	0.00201753
Muller_E	4656520	0.000795477	0.997187	0.00201793
Muller_E	4672665	0.000714103	0.997267	0.00201872
Muller_E	4674140	0.000706564	0.997275	0.00201868
Muller_E	4675745	0.000698341	0.997283	0.00201863
Muller_E	4676485	0.000694542	0.997287	0.00201859
Muller_E	4677110	0.000691331	0.99729	0.00201856
Muller_E	4677655	0.000688528	0.997293	0.00201853
Muller_E	4678986	0.000681672	0.9973	0.00201845
Muller_E	4680223	0.000675288	0.997306	0.00201836
Muller_E	4682403	0.00014097	0.996255	0.00360358
Muller_E	4682621	0.00066423	0.997318	0.00201738
Muller_E	4684270	0.000665911	0.997323	0.0020114
Muller_E	4685491	0.000667142	0.997326	0.00200696
Muller_E	4686019	0.00066767	0.997327	0.00200504
Muller_E	4687101	0.000668746	0.99733	0.00200109
Muller_E	4689628	0.000671222	0.997337	0.00199182
Muller_E	4690052	0.000671632	0.997338	0.00199027
Muller_E	4690344	0.000671914	0.997339	0.00198919
Muller_E	4690905	0.000672454	0.99734	0.00198712
Muller_E	4691125	0.000672664	0.997341	0.00198631
Muller_E	4691712	0.000673225	0.997343	0.00198415
Muller_E	4691999	0.000673498	0.997343	0.00198309
Muller_E	4692111	0.000673605	0.997344	0.00198267
Muller_E	4693234	0.000674666	0.997347	0.00197852
Muller_E	4693620	0.000675028	0.997348	0.00197709
Muller_E	4693753	0.000675153	0.997348	0.00197659
Muller_E	4694021	0.000675404	0.997349	0.0019756
Muller_E	4694592	0.000675936	0.997351	0.00197348
Muller_E	4696429	0.00067763	0.997356	0.00196664
Muller_E	4696792	0.000677961	0.997357	0.00196528
Muller_E	4699402	0.000680314	0.997364	0.00195551
Muller_E	4700957	0.000681689	0.997369	0.00194966
Muller_E	4702606	0.000683127	0.997373	0.00194344
Muller_E	4708142	0.000687792	0.99739	0.00192239
Muller_E	4712097	0.000690973	0.997402	0.0019072
Muller_E	4713898	0.00069238	0.997407	0.00190024
Muller_E	4714194	0.000692609	0.997408	0.0018991
Muller_E	4717094	0.000694813	0.997417	0.00188783
Muller_E	4717794	0.000695335	0.99742	0.0018851
Muller_E	4720564	0.000697361	0.997428	0.00187426
Muller_E	4722390	0.000698662	0.997434	0.00186708
Muller_E	4727534	0.000702185	0.997451	0.00184671
Muller_E	4730688	0.00070424	0.997462	0.00183411
Muller_E	4731377	0.000704678	0.997464	0.00183135
Muller_E	4732944	0.00070566	0.997469	0.00182505
Muller_E	4738342	0.000708892	0.997488	0.00180321
Muller_E	4739398	0.000709497	0.997492	0.00179891
Muller_E	4742492	0.000711217	0.997503	0.00178626
Muller_E	4745718	0.000712929	0.997514	0.00177298
Muller_E	4746457	0.000713309	0.997517	0.00176993
Muller_E	4748015	0.000714096	0.997522	0.00176348
Muller_E	4748352	0.000714264	0.997524	0.00176209
Muller_E	4748630	0.000714401	0.997525	0.00176093
Muller_E	4751071	0.000715583	0.997534	0.00175078
Muller_E	4751685	0.000715873	0.997536	0.00174821
Muller_E	4751817	0.000715935	0.997536	0.00174766
Muller_E	4752607	0.000716303	0.997539	0.00174436
Muller_E	4752773	0.000716379	0.99754	0.00174367
Muller_E	4753826	0.00071686	0.997544	0.00173926
Muller_E	4754671	0.000717239	0.997547	0.00173571
Muller_E	4756619	0.000718091	0.997554	0.00172751
Muller_E	4759191	0.00071917	0.997564	0.00171665
Muller_E	4761262	0.000719999	0.997572	0.00170786
Muller_E	4761866	0.000720235	0.997574	0.00170529
Muller_E	4761985	0.000720281	0.997575	0.00170478
Muller_E	4763545	0.000720874	0.997581	0.00169813
Muller_E	4764509	0.00072123	0.997585	0.00169401
Muller_E	4765595	0.000721623	0.997589	0.00168935
Muller_E	4766291	0.00072187	0.997592	0.00168637
Muller_E	4766501	0.000721944	0.997593	0.00168547
Muller_E	4767354	0.000722239	0.997596	0.0016818
Muller_E	4769627	0.000722998	0.997605	0.001672
Muller_E	4769950	0.000723103	0.997606	0.00167061
Muller_E	4772288	0.000723834	0.997616	0.00166048
Muller_E	4773763	0.000724273	0.997622	0.00165407
Muller_E	4773963	0.000724331	0.997622	0.0016532
Muller_E	4774375	0.00072445	0.997624	0.0016514
Muller_E	4774957	0.000724615	0.997627	0.00164886
Muller_E	4775479	0.000724761	0.997629	0.00164658
Muller_E	4776619	0.000725072	0.997633	0.0016416
Muller_E	4779373	0.000725781	0.997645	0.00162952
Muller_E	4781913	0.000726381	0.997655	0.00161832
Muller_E	4782620	0.000726538	0.997658	0.00161519
Muller_E	4783326	0.000726692	0.997661	0.00161207
Muller_E	4786044	0.000727245	0.997673	0.0016
Muller_E	4786690	0.000727367	0.997676	0.00159712
