chrom	position	2,0	1,1	0,2
Muller_E	62882	0.634106	0.300138	0.0657564
Muller_E	267432	0.634533	0.304612	0.0608556
Muller_E	441230	0.635076	0.308205	0.0567194
Muller_E	511157	0.635341	0.309597	0.0550618
Muller_E	557879	0.635533	0.310511	0.0539563
Muller_E	581000	0.635632	0.310958	0.0534098
Muller_E	709108	0.636235	0.313376	0.0503886
Muller_E	768129	0.636543	0.314457	0.0490003
Muller_E	785241	0.636635	0.314766	0.0485982
Muller_E	787322	0.636647	0.314804	0.0485493
Muller_E	787424	0.636647	0.314806	0.0485469
Muller_E	788173	0.636651	0.314819	0.0485293
Muller_E	788750	0.636655	0.31483	0.0485158
Muller_E	788860	0.636655	0.314832	0.0485132
Muller_E	791823	0.636672	0.314885	0.0484436
Muller_E	802257	0.636729	0.315072	0.0481986
Muller_E	893794	0.63726	0.316688	0.0460516
Muller_E	894300	0.637263	0.316697	0.0460397
Muller_E	896281	0.637275	0.316732	0.0459933
Muller_E	897287	0.637281	0.316749	0.0459698
Muller_E	897987	0.637285	0.316761	0.0459534
Muller_E	901015	0.637304	0.316814	0.0458824
Muller_E	901718	0.637308	0.316826	0.045866
Muller_E	923408	0.637441	0.3172	0.0453581
Muller_E	923675	0.637443	0.317205	0.0453518
Muller_E	924320	0.637447	0.317216	0.0453367
Muller_E	927795	0.637469	0.317276	0.0452554
Muller_E	948021	0.637596	0.317622	0.044782
Muller_E	948230	0.637597	0.317626	0.0447771
Muller_E	958531	0.637663	0.317801	0.0445361
Muller_E	967701	0.637722	0.317957	0.0443217
Muller_E	969142	0.637731	0.317981	0.044288
Muller_E	1033237	0.638155	0.319055	0.0427902
Muller_E	1120573	0.638769	0.320479	0.0407527
Muller_E	1123171	0.638788	0.32052	0.0406921
Muller_E	1146845	0.638961	0.320898	0.0401405
Muller_E	1148492	0.223549	0.632427	0.144024
Muller_E	1168315	0.642548	0.318239	0.0392135
Muller_E	1213395	0.650718	0.312054	0.0372282
Muller_E	1262309	0.659651	0.305219	0.03513
Muller_E	1275111	0.662001	0.303409	0.0345906
Muller_E	1275707	0.66211	0.303324	0.0345655
Muller_E	1314313	0.669226	0.29781	0.0329635
Muller_E	1318297	0.669963	0.297237	0.0328003
Muller_E	1358440	0.677413	0.291409	0.0311772
Muller_E	1358616	0.677446	0.291384	0.0311702
Muller_E	1378824	0.681215	0.288417	0.0303682
Muller_E	1480336	0.700333	0.273175	0.0264919
Muller_E	1489232	0.702023	0.271813	0.0261643
Muller_E	1645912	0.732186	0.247096	0.0207178
Muller_E	1673398	0.737555	0.242619	0.0198255
Muller_E	1718642	0.746444	0.235158	0.0183981
Muller_E	1746815	0.752011	0.230454	0.0175352
Muller_E	1763447	0.755309	0.227656	0.0170352
Muller_E	1765039	0.755625	0.227387	0.0169877
Muller_E	1765159	0.755649	0.227367	0.0169842
Muller_E	1765369	0.755691	0.227332	0.0169779
Muller_E	1771226	0.756854	0.226342	0.0168038
Muller_E	1799036	0.762395	0.221616	0.0159888
Muller_E	1802542	0.763095	0.221017	0.0158875
Muller_E	1802678	0.763123	0.220994	0.0158836
Muller_E	1803039	0.763195	0.220932	0.0158731
Muller_E	1803347	0.763256	0.22088	0.0158643
Muller_E	1805518	0.76369	0.220508	0.0158017
Muller_E	1812938	0.765174	0.219237	0.0155888
Muller_E	1813040	0.765194	0.21922	0.0155859
Muller_E	1815234	0.765634	0.218843	0.0155232
Muller_E	1815907	0.765768	0.218728	0.015504
Muller_E	1816383	0.765864	0.218646	0.0154904
Muller_E	1831501	0.768894	0.216044	0.0150623
Muller_E	1850978	0.772809	0.212672	0.0145192
Muller_E	1851905	0.772995	0.212511	0.0144936
Muller_E	1852166	0.773048	0.212466	0.0144864
Muller_E	1857635	0.77415	0.211515	0.0143358
Muller_E	1861157	0.77486	0.210901	0.0142392
Muller_E	1861336	0.774896	0.21087	0.0142343
Muller_E	1861880	0.775005	0.210775	0.0142194
Muller_E	1866595	0.775956	0.209953	0.0140907
Muller_E	1870209	0.776686	0.209322	0.0139925
Muller_E	1871973	0.777042	0.209013	0.0139446
Muller_E	1880064	0.778677	0.207596	0.0137262
Muller_E	1889333	0.780553	0.205969	0.013478
Muller_E	1891195	0.78093	0.205641	0.0134284
Muller_E	1894320	0.781563	0.205091	0.0133453
Muller_E	1900363	0.782789	0.204026	0.0131855
Muller_E	1904375	0.783603	0.203317	0.0130799
Muller_E	1915469	0.785857	0.201353	0.0127899
Muller_E	1927060	0.788216	0.199294	0.0124904
Muller_E	1932459	0.789316	0.198332	0.012352
Muller_E	1944351	0.791743	0.196207	0.0120499
Muller_E	1946702	0.792224	0.195786	0.0119906
Muller_E	1961660	0.795284	0.1931	0.0116166
Muller_E	1975567	0.798135	0.190591	0.011274
Muller_E	2011856	0.805605	0.183991	0.0104035
Muller_E	2013122	0.805867	0.18376	0.0103738
Muller_E	2044597	0.812381	0.177971	0.00964722
Muller_E	2048236	0.813137	0.177299	0.00956487
Muller_E	2048434	0.813178	0.177262	0.0095604
Muller_E	2086567	0.821118	0.170164	0.00871816
Muller_E	2103366	0.824631	0.16701	0.00835906
Muller_E	2117584	0.827611	0.164328	0.00806084
Muller_E	2126123	0.829404	0.162711	0.00788426
Muller_E	2135792	0.831438	0.160876	0.0076866
Muller_E	2140907	0.832515	0.159902	0.00758301
Muller_E	2141169	0.83257	0.159853	0.00757773
Muller_E	2142715	0.832895	0.159558	0.00754656
Muller_E	2145389	0.833459	0.159048	0.00749281
Muller_E	2146953	0.833789	0.15875	0.00746145
Muller_E	2147057	0.83381	0.15873	0.00745937
Muller_E	2201852	0.845411	0.148187	0.00640123
Muller_E	2204792	0.846037	0.147617	0.00634667
Muller_E	2219543	0.849178	0.144746	0.00607634
Muller_E	2220290	0.849337	0.1446	0.0060628
Muller_E	2241628	0.853894	0.140423	0.00568224
Muller_E	2243471	0.854289	0.140061	0.00564993
Muller_E	2531559	0.917326	0.0809706	0.00170376
Muller_E	2693610	0.95403	0.0455088	0.000461715
Muller_E	2696554	0.954705	0.0448495	0.000445753
Muller_E	2706179	0.956915	0.0426902	0.000395224
Muller_E	2713009	0.958485	0.0411545	0.000360905
Muller_E	2716202	0.959219	0.0404355	0.0003453
Muller_E	2721440	0.960425	0.0392547	0.000320304
Muller_E	2735475	0.963661	0.0360824	0.000257035
Muller_E	2763120	0.970054	0.0297976	0.000148231
Muller_E	2777976	0.973501	0.0264004	9.84436e-05
Muller_E	2779619	0.973883	0.0260238	9.33108e-05
Muller_E	2787347	0.97568	0.0242503	7.01662e-05
Muller_E	2788916	0.976045	0.0238898	6.56683e-05
Muller_E	2795398	0.977554	0.0223987	4.78062e-05
Muller_E	2798296	0.978229	0.0217312	4.01955e-05
Muller_E	2799305	0.978464	0.0214986	3.76001e-05
Muller_E	2800245	0.978683	0.0212819	3.52075e-05
Muller_E	2800507	0.978744	0.0212215	3.4545e-05
Muller_E	2800780	0.978808	0.0211586	3.38566e-05
Muller_E	2800932	0.978843	0.0211235	3.34743e-05
Muller_E	2801158	0.978896	0.0210714	3.2907e-05
Muller_E	2805736	0.979963	0.020015	2.17187e-05
Muller_E	2807233	0.980312	0.0196693	1.81859e-05
Muller_E	2807795	0.980444	0.0195395	1.68755e-05
Muller_E	2808363	0.980576	0.0194083	1.55601e-05
Muller_E	2809031	0.980732	0.0192539	1.40245e-05
Muller_E	2809272	0.980788	0.0191982	1.34735e-05
Muller_E	2809909	0.989764	0.0102355	7.88093e-07
Muller_E	2811470	0.98113	0.018858	1.16007e-05
Muller_E	2811776	0.981168	0.0188202	1.1518e-05
Muller_E	2812117	0.981211	0.0187781	1.1426e-05
Muller_E	2815676	0.981651	0.0183381	1.04778e-05
Muller_E	2816259	0.981724	0.018266	1.03245e-05
Muller_E	2817070	0.981824	0.0181657	1.01121e-05
Muller_E	2817616	0.981892	0.0180982	9.9698e-06
Muller_E	2819402	0.982113	0.0178773	9.50764e-06
Muller_E	2820166	0.982208	0.0177828	9.31156e-06
Muller_E	2820386	0.982235	0.0177556	9.25528e-06
Muller_E	2820775	0.982283	0.0177074	9.15596e-06
Muller_E	2821135	0.982328	0.0176629	9.06427e-06
Muller_E	2821440	0.982366	0.0176252	8.98676e-06
Muller_E	2826939	0.983048	0.0169447	7.61592e-06
Muller_E	2831172	0.983573	0.0164207	6.59522e-06
Muller_E	2831515	0.983615	0.0163782	6.51383e-06
Muller_E	2832336	0.983717	0.0162765	6.31983e-06
Muller_E	2833070	0.983808	0.0161856	6.14734e-06
Muller_E	2850717	0.985999	0.0139983	2.27531e-06
Muller_E	2853215	0.98631	0.0136884	1.77012e-06
Muller_E	2856496	0.986718	0.0132813	1.12285e-06
Muller_E	2856945	0.986773	0.0132256	1.03572e-06
Muller_E	2857481	0.98684	0.013159	9.32151e-07
Muller_E	2858163	0.986925	0.0130744	8.0109e-07
Muller_E	2859754	0.987123	0.0128769	4.98463e-07
Muller_E	2859987	0.993079	0.00692105	3.24403e-08
Muller_E	2862604	0.987324	0.0126752	3.91697e-07
Muller_E	2866488	0.987581	0.0124186	2.98829e-07
Muller_E	2867267	0.987633	0.0123672	2.80258e-07
Muller_E	2868557	0.993526	0.0064742	1.20738e-08
Muller_E	2870085	0.987769	0.0122306	2.54537e-07
Muller_E	2870623	0.987787	0.0122125	2.56242e-07
Muller_E	2876155	0.987974	0.0120262	2.72251e-07
Muller_E	2877151	0.988007	0.0119927	2.7484e-07
Muller_E	2886067	0.988308	0.0116919	2.9414e-07
Muller_E	2886534	0.988324	0.0116762	2.94962e-07
Muller_E	2887599	0.988359	0.0116402	2.96766e-07
Muller_E	2887882	0.988369	0.0116307	2.97229e-07
Muller_E	2888492	0.98839	0.01161	2.98204e-07
Muller_E	2888607	0.988394	0.0116062	2.98384e-07
Muller_E	2890000	0.988441	0.0115591	3.00481e-07
Muller_E	2890387	0.988454	0.011546	3.01035e-07
Muller_E	2890907	0.988471	0.0115284	3.01759e-07
Muller_E	2894764	0.988602	0.011398	3.0643e-07
Muller_E	2899098	0.988748	0.0112513	3.1023e-07
Muller_E	2901481	0.988829	0.0111706	3.11677e-07
Muller_E	2901643	0.988835	0.0111651	3.11759e-07
Muller_E	2902627	0.988868	0.0111317	3.12213e-07
Muller_E	2903432	0.988895	0.0111045	3.12528e-07
Muller_E	2904998	0.988948	0.0110514	3.12995e-07
Muller_E	2905994	0.988982	0.0110176	3.13193e-07
Muller_E	2907134	0.989021	0.0109789	3.13326e-07
Muller_E	2908511	0.989068	0.0109322	3.13354e-07
Muller_E	2909452	0.989099	0.0109002	3.13291e-07
Muller_E	2910160	0.989123	0.0108762	3.13198e-07
Muller_E	2911022	0.989153	0.0108469	3.13035e-07
Muller_E	2911252	0.989161	0.0108391	3.12982e-07
Muller_E	2911992	0.989186	0.010814	3.12784e-07
Muller_E	2914672	0.989277	0.0107229	3.11729e-07
Muller_E	2915489	0.989305	0.0106952	3.11301e-07
Muller_E	2918585	0.98941	0.0105899	3.0924e-07
Muller_E	2919015	0.989424	0.0105752	3.08899e-07
Muller_E	2919728	0.989449	0.010551	3.08305e-07
Muller_E	2919971	0.989457	0.0105427	3.08094e-07
Muller_E	2921506	0.989509	0.0104905	3.06664e-07
Muller_E	2922564	0.989545	0.0104545	3.05581e-07
Muller_E	2922707	0.98955	0.0104496	3.05429e-07
Muller_E	2924226	0.989602	0.0103978	3.03722e-07
Muller_E	2925108	0.989632	0.0103678	3.02657e-07
Muller_E	2925552	0.989647	0.0103527	3.02101e-07
Muller_E	2928855	0.98976	0.0102401	2.97537e-07
Muller_E	2930674	0.989822	0.010178	2.94707e-07
Muller_E	2931258	0.989842	0.0101581	2.93751e-07
Muller_E	2931592	0.989853	0.0101467	2.93194e-07
Muller_E	2931798	0.98986	0.0101397	2.92847e-07
Muller_E	2932326	0.989878	0.0101217	2.91945e-07
Muller_E	2945623	0.990333	0.00966719	2.63292e-07
Muller_E	2945753	0.990337	0.00966274	2.62957e-07
Muller_E	2945878	0.990341	0.00965846	2.62635e-07
Muller_E	2946001	0.990345	0.00965425	2.62316e-07
Muller_E	2955783	0.990681	0.00931898	2.34113e-07
Muller_E	2957997	0.990757	0.009243	2.26966e-07
Muller_E	2959282	0.990801	0.00919888	2.22693e-07
Muller_E	2959697	0.990815	0.00918463	2.21293e-07
Muller_E	2959819	0.990819	0.00918044	2.2088e-07
Muller_E	2960759	0.990852	0.00914815	2.17669e-07
Muller_E	2961667	0.990883	0.00911695	2.14521e-07
Muller_E	2961801	0.990887	0.00911235	2.14053e-07
Muller_E	2963254	0.990937	0.00906242	2.08913e-07
Muller_E	2963568	0.990948	0.00905162	2.07788e-07
Muller_E	2975263	0.995133	0.00486664	1.97182e-08
Muller_E	2976725	0.991377	0.00862257	1.67808e-07
Muller_E	2977784	0.991396	0.00860335	1.71754e-07
Muller_E	2982473	0.991482	0.00851817	1.88342e-07
Muller_E	2984283	0.991515	0.00848524	1.94363e-07
Muller_E	2985483	0.991536	0.0084634	1.98238e-07
Muller_E	2985658	0.99154	0.00846021	1.98795e-07
Muller_E	2985908	0.991544	0.00845566	1.99588e-07
Muller_E	2987685	0.991577	0.00842328	2.05109e-07
Muller_E	2992894	0.991672	0.00832824	2.20137e-07
Muller_E	2993313	0.991679	0.00832058	2.21272e-07
Muller_E	2993798	0.991688	0.00831172	2.22572e-07
Muller_E	2994137	0.991694	0.00830553	2.23472e-07
Muller_E	2994487	0.991701	0.00829913	2.24393e-07
Muller_E	2994615	0.991703	0.00829679	2.24728e-07
Muller_E	2995123	0.991712	0.0082875	2.26048e-07
Muller_E	2995701	0.991723	0.00827693	2.2753e-07
Muller_E	2996048	0.991729	0.00827058	2.2841e-07
Muller_E	2996738	0.991742	0.00825796	2.30138e-07
Muller_E	2996880	0.991744	0.00825536	2.3049e-07
Muller_E	2997113	0.991749	0.0082511	2.31065e-07
Muller_E	2999116	0.991785	0.00821443	2.35868e-07
Muller_E	2999459	0.991792	0.00820814	2.36665e-07
Muller_E	3001420	0.991828	0.0081722	2.41089e-07
Muller_E	3001578	0.99183	0.00816931	2.41435e-07
Muller_E	3001696	0.991833	0.00816714	2.41693e-07
Muller_E	3002579	0.991849	0.00815095	2.43594e-07
Muller_E	3003095	0.991858	0.00814148	2.44683e-07
Muller_E	3003540	0.991866	0.00813332	2.45609e-07
Muller_E	3004120	0.991877	0.00812267	2.46799e-07
Muller_E	3005221	0.991897	0.00810246	2.49001e-07
Muller_E	3007967	0.991948	0.008052	2.54179e-07
Muller_E	3012773	0.992036	0.00796354	2.6217e-07
Muller_E	3013331	0.992046	0.00795326	2.63011e-07
Muller_E	3013618	0.992052	0.00794797	2.63436e-07
Muller_E	3014080	0.99206	0.00793946	2.6411e-07
Muller_E	3014783	0.992073	0.00792649	2.65113e-07
Muller_E	3016296	0.992101	0.00789858	2.67174e-07
Muller_E	3017214	0.992118	0.00788164	2.68361e-07
Muller_E	3018320	0.992139	0.00786122	2.69727e-07
Muller_E	3018982	0.992151	0.00784899	2.70511e-07
Muller_E	3019303	0.992157	0.00784306	2.70883e-07
Muller_E	3019831	0.992166	0.00783331	2.71481e-07
Muller_E	3021834	0.992203	0.00779627	2.73607e-07
Muller_E	3021944	0.992205	0.00779424	2.73717e-07
Muller_E	3023127	0.992227	0.00777235	2.7486e-07
Muller_E	3024474	0.992252	0.00774742	2.76066e-07
Muller_E	3024813	0.992259	0.00774114	2.76353e-07
Muller_E	3029421	0.992344	0.00765572	2.79635e-07
Muller_E	3029834	0.992352	0.00764805	2.79873e-07
Muller_E	3030101	0.992357	0.0076431	2.80021e-07
Muller_E	3033200	0.992414	0.00758553	2.81465e-07
Muller_E	3033901	0.992427	0.0075725	2.8172e-07
Muller_E	3034073	0.99243	0.00756931	2.81778e-07
Muller_E	3036032	0.992467	0.00753287	2.82334e-07
Muller_E	3038305	0.992509	0.00749055	2.82725e-07
Muller_E	3041816	0.992575	0.0074251	2.82798e-07
Muller_E	3044683	0.992628	0.00737158	2.82386e-07
Muller_E	3046757	0.992667	0.00733283	2.81827e-07
Muller_E	3046887	0.992669	0.0073304	2.81784e-07
Muller_E	3047900	0.992688	0.00731146	2.81426e-07
Muller_E	3048135	0.992693	0.00730706	2.81335e-07
Muller_E	3050664	0.99274	0.00725973	2.80186e-07
Muller_E	3051698	0.992759	0.00724037	2.79624e-07
Muller_E	3051968	0.992764	0.00723531	2.79469e-07
Muller_E	3052635	0.992777	0.00722281	2.7907e-07
Muller_E	3053197	0.992787	0.00721228	2.78717e-07
Muller_E	3056428	0.992848	0.00715167	2.76387e-07
Muller_E	3056712	0.992853	0.00714634	2.76159e-07
Muller_E	3058398	0.992885	0.00711468	2.7472e-07
Muller_E	3059687	0.992909	0.00709046	2.73528e-07
Muller_E	3061511	0.992944	0.00705616	2.71707e-07
Muller_E	3062406	0.99296	0.00703932	2.70756e-07
Muller_E	3062537	0.992963	0.00703685	2.70614e-07
Muller_E	3100018	0.99632	0.00367969	3.19635e-08
Muller_E	3100718	0.993681	0.00631913	2.01365e-07
Muller_E	3112367	0.993794	0.00620592	2.39155e-07
Muller_E	3112987	0.9938	0.00619986	2.40989e-07
Muller_E	3113420	0.993804	0.00619563	2.4226e-07
Muller_E	3116107	0.99383	0.00616934	2.49951e-07
Muller_E	3119432	0.993863	0.00613673	2.59012e-07
Muller_E	3119714	0.993866	0.00613396	2.59757e-07
Muller_E	3120862	0.993877	0.00612268	2.62755e-07
Muller_E	3122265	0.993891	0.00610887	2.66337e-07
Muller_E	3123364	0.993902	0.00609805	2.69081e-07
Muller_E	3124138	0.993909	0.00609042	2.70982e-07
Muller_E	3127464	0.993942	0.00605759	2.78843e-07
Muller_E	3128767	0.993955	0.0060447	2.81788e-07
Muller_E	3128895	0.993956	0.00604343	2.82074e-07
Muller_E	3129611	0.993963	0.00603634	2.83656e-07
Muller_E	3129743	0.993965	0.00603504	2.83946e-07
Muller_E	3130171	0.993969	0.0060308	2.84879e-07
Muller_E	3131529	0.993982	0.00601734	2.87785e-07
Muller_E	3137674	0.994043	0.00595624	2.9993e-07
Muller_E	3139976	0.994066	0.00593328	3.04059e-07
Muller_E	3143168	0.994098	0.00590137	3.09409e-07
Muller_E	3169152	0.994361	0.00563857	3.37225e-07
Muller_E	3170575	0.994376	0.00562402	3.37963e-07
Muller_E	3173857	0.994409	0.0055904	3.39365e-07
Muller_E	3192801	0.994605	0.0053947	3.39453e-07
Muller_E	3194086	0.994618	0.00538132	3.38977e-07
Muller_E	3194230	0.99462	0.00537982	3.3892e-07
Muller_E	3207603	0.99476	0.00523979	3.30416e-07
Muller_E	3207708	0.994761	0.00523869	3.30324e-07
Muller_E	3208070	0.994765	0.00523488	3.30006e-07
Muller_E	3208369	0.994768	0.00523173	3.29739e-07
Muller_E	3208507	0.994769	0.00523028	3.29615e-07
Muller_E	3208706	0.994771	0.00522818	3.29435e-07
Muller_E	3210124	0.994786	0.00521324	3.28114e-07
Muller_E	3211254	0.994798	0.00520132	3.27012e-07
Muller_E	3212088	0.994807	0.00519251	3.2617e-07
Muller_E	3216063	0.994849	0.00515047	3.21839e-07
Muller_E	3216461	0.994853	0.00514626	3.21376e-07
Muller_E	3217109	0.99486	0.00513939	3.20611e-07
Muller_E	3217441	0.994864	0.00513587	3.20214e-07
Muller_E	3217706	0.994867	0.00513306	3.19894e-07
Muller_E	3217825	0.994868	0.0051318	3.1975e-07
Muller_E	3218354	0.994873	0.00512618	3.19103e-07
Muller_E	3219292	0.994883	0.00511623	3.17932e-07
Muller_E	3219763	0.994888	0.00511123	3.17333e-07
Muller_E	3221459	0.994906	0.0050932	3.15118e-07
Muller_E	3222112	0.994913	0.00508625	3.1424e-07
Muller_E	3223012	0.994923	0.00507667	3.13006e-07
Muller_E	3223549	0.994929	0.00507096	3.12258e-07
Muller_E	3224815	0.994942	0.00505746	3.10457e-07
Muller_E	3226800	0.994963	0.00503628	3.0753e-07
Muller_E	3229718	0.994995	0.00500509	3.02998e-07
Muller_E	3240322	0.995109	0.00489117	2.84291e-07
Muller_E	3240918	0.995115	0.00488474	2.83138e-07
Muller_E	3241273	0.995119	0.00488091	2.82446e-07
Muller_E	3247835	0.99519	0.00480991	2.68975e-07
Muller_E	3251442	0.995229	0.00477073	2.61033e-07
Muller_E	3252203	0.995237	0.00476246	2.5931e-07
Muller_E	3254014	0.995257	0.00474274	2.55142e-07
Muller_E	3254518	0.995263	0.00473725	2.53965e-07
Muller_E	3255141	0.995269	0.00473045	2.52501e-07
Muller_E	3255365	0.995272	0.00472801	2.51972e-07
Muller_E	3259142	0.995313	0.00468676	2.42838e-07
Muller_E	3259935	0.995322	0.00467809	2.40869e-07
Muller_E	3262497	0.99535	0.00465002	2.34392e-07
Muller_E	3263708	0.995363	0.00463674	2.31269e-07
Muller_E	3264644	0.995373	0.00462647	2.28827e-07
Muller_E	3266132	0.99539	0.00461012	2.24896e-07
Muller_E	3266579	0.995395	0.0046052	2.23704e-07
Muller_E	3266806	0.995397	0.00460271	2.23097e-07
Muller_E	3269029	0.995422	0.00457824	2.17075e-07
Muller_E	3271700	0.995451	0.00454879	2.09668e-07
Muller_E	3271881	0.995453	0.00454679	2.09159e-07
Muller_E	3273894	0.995475	0.00452455	2.03444e-07
Muller_E	3275081	0.995488	0.00451143	2.00025e-07
Muller_E	3275989	0.995498	0.00450138	1.97386e-07
Muller_E	3278049	0.995521	0.00447855	1.9132e-07
Muller_E	3280894	0.995553	0.00444698	1.82767e-07
Muller_E	3282107	0.995566	0.00443349	1.79059e-07
Muller_E	3282973	0.995576	0.00442386	1.7639e-07
Muller_E	3284532	0.995593	0.0044065	1.71539e-07
Muller_E	3291321	0.995669	0.00433069	1.4973e-07
Muller_E	3291878	0.995675	0.00432445	1.47893e-07
Muller_E	3293351	0.995692	0.00430795	1.42998e-07
Muller_E	3293759	0.995696	0.00430337	1.41634e-07
Muller_E	3304917	0.995822	0.00417775	1.02862e-07
Muller_E	3306663	0.995842	0.004158	9.65474e-08
Muller_E	3306880	0.997585	0.00241502	1.53752e-08
Muller_E	3310127	0.997726	0.00227408	9.37189e-09
Muller_E	3312301	0.995861	0.0041393	1.13306e-07
Muller_E	3312718	0.995861	0.00413933	1.16484e-07
Muller_E	3318766	0.99586	0.00413968	1.6209e-07
Muller_E	3323588	0.99586	0.00413974	1.97785e-07
Muller_E	3324201	0.99586	0.00413974	2.0228e-07
Muller_E	3324656	0.99586	0.00413973	2.0561e-07
Muller_E	3325091	0.99586	0.00413973	2.0879e-07
Muller_E	3326084	0.99586	0.0041397	2.16029e-07
Muller_E	3326190	0.99586	0.0041397	2.168e-07
Muller_E	3330218	0.99586	0.00413953	2.45897e-07
Muller_E	3334866	0.995861	0.00413917	2.7896e-07
Muller_E	3337545	0.995861	0.00413888	2.97767e-07
Muller_E	3340268	0.995861	0.00413854	3.16696e-07
Muller_E	3340480	0.995861	0.00413851	3.18162e-07
Muller_E	3410593	0.99589	0.00410892	7.40469e-07
Muller_E	3431230	0.995906	0.00409271	8.41204e-07
Muller_E	3437416	0.995912	0.00408718	8.69334e-07
Muller_E	3456916	0.995931	0.00406776	9.51809e-07
Muller_E	3457694	0.995932	0.00406692	9.54906e-07
Muller_E	3459001	0.995934	0.0040655	9.60074e-07
Muller_E	3462300	0.995937	0.00406186	9.72932e-07
Muller_E	3464519	0.99594	0.00405936	9.81431e-07
Muller_E	3464673	0.99594	0.00405918	9.82017e-07
Muller_E	3477602	0.995955	0.00404382	1.0291e-06
Muller_E	3525631	0.996024	0.00397501	1.16876e-06
Muller_E	3546828	0.99606	0.00393876	1.21309e-06
Muller_E	3557059	0.996079	0.00391997	1.23078e-06
Muller_E	3566467	0.996097	0.00390196	1.24494e-06
Muller_E	3572057	0.996108	0.00389092	1.25241e-06
Muller_E	3572168	0.996108	0.00389069	1.25255e-06
Muller_E	3579272	0.996122	0.00387629	1.26102e-06
Muller_E	3579502	0.996123	0.00387582	1.26127e-06
Muller_E	3582419	0.996129	0.00386979	1.26441e-06
Muller_E	3590131	0.996145	0.0038535	1.27179e-06
Muller_E	3605233	0.996178	0.00382023	1.28248e-06
Muller_E	3610748	0.996191	0.00380762	1.28516e-06
Muller_E	3611776	0.996193	0.00380524	1.28558e-06
Muller_E	3615071	0.996201	0.00379757	1.2868e-06
Muller_E	3617701	0.996207	0.00379138	1.2876e-06
Muller_E	3617818	0.996208	0.0037911	1.28763e-06
Muller_E	3617948	0.996208	0.0037908	1.28767e-06
Muller_E	3623404	0.996221	0.00377777	1.28884e-06
Muller_E	3630035	0.996237	0.00376161	1.28942e-06
Muller_E	3631532	0.996241	0.00375792	1.28943e-06
Muller_E	3634067	0.996247	0.00375162	1.28933e-06
Muller_E	3642157	0.996268	0.00373117	1.28813e-06
Muller_E	3643438	0.996271	0.00372788	1.28781e-06
Muller_E	3645674	0.996277	0.00372212	1.28718e-06
Muller_E	3652519	0.996295	0.00370421	1.28463e-06
Muller_E	3655257	0.996302	0.00369694	1.28334e-06
Muller_E	3657953	0.996309	0.00368973	1.28193e-06
Muller_E	3660200	0.996315	0.00368367	1.28064e-06
Muller_E	3665461	0.996329	0.00366933	1.27723e-06
Muller_E	3670065	0.996342	0.00365659	1.2738e-06
Muller_E	3757777	0.996617	0.00338148	1.13328e-06
Muller_E	3766114	0.996647	0.00335212	1.113e-06
Muller_E	3770199	0.996661	0.00333752	1.10266e-06
Muller_E	3771242	0.996665	0.00333378	1.09998e-06
Muller_E	3775369	0.99668	0.00331886	1.0892e-06
Muller_E	3781958	0.996704	0.00329477	1.07145e-06
Muller_E	3788305	0.996728	0.00327123	1.05373e-06
Muller_E	3788531	0.996729	0.00327038	1.05309e-06
Muller_E	3788717	0.996729	0.00326969	1.05256e-06
Muller_E	3791492	0.99674	0.00325928	1.0446e-06
Muller_E	3791929	0.996741	0.00325764	1.04334e-06
Muller_E	3794089	0.996749	0.00324949	1.03706e-06
Muller_E	3798034	0.996764	0.00323451	1.0254e-06
Muller_E	3805877	0.996795	0.00320436	1.00157e-06
Muller_E	3808116	0.996803	0.00319567	9.94611e-07
Muller_E	3837593	0.996922	0.0030774	8.96621e-07
Muller_E	3889492	0.997147	0.00285216	6.98474e-07
Muller_E	3892070	0.997159	0.00284041	6.87881e-07
Muller_E	3892768	0.997162	0.00283721	6.85002e-07
Muller_E	3893846	0.997167	0.00283228	6.80547e-07
Muller_E	3895236	0.997173	0.0028259	6.74785e-07
Muller_E	3896701	0.99718	0.00281916	6.68693e-07
Muller_E	3964144	0.99751	0.00249012	3.6936e-07
Muller_E	3964249	0.99751	0.00248958	3.6887e-07
Muller_E	3964701	0.997512	0.00248725	3.6676e-07
Muller_E	3965335	0.997516	0.00248398	3.63799e-07
Muller_E	3965537	0.997517	0.00248294	3.62855e-07
Muller_E	3971184	0.997546	0.00245366	3.36379e-07
Muller_E	4005791	0.997731	0.00226861	1.71107e-07
Muller_E	4007537	0.997741	0.00225902	1.6266e-07
Muller_E	4008073	0.997744	0.00225607	1.60065e-07
Muller_E	4008732	0.997747	0.00225244	1.56874e-07
Muller_E	4009275	0.99775	0.00224945	1.54243e-07
Muller_E	4009794	0.997753	0.00224658	1.51729e-07
Muller_E	4010462	0.997757	0.00224289	1.48491e-07
Muller_E	4011246	0.997761	0.00223856	1.4469e-07
Muller_E	4011350	0.997762	0.00223798	1.44185e-07
Muller_E	4011743	0.997764	0.00223581	1.42279e-07
Muller_E	4012926	0.997771	0.00222926	1.3654e-07
Muller_E	4015010	0.997782	0.00221768	1.26421e-07
Muller_E	4015956	0.997787	0.00221242	1.21824e-07
Muller_E	4016731	0.997792	0.0022081	1.18058e-07
Muller_E	4017133	0.997794	0.00220586	1.16103e-07
Muller_E	4017640	0.997797	0.00220303	1.13638e-07
Muller_E	4021078	0.997816	0.00218379	9.69082e-08
Muller_E	4021876	0.997821	0.00217931	9.30221e-08
Muller_E	4022513	0.997824	0.00217573	8.99193e-08
Muller_E	4022928	0.997827	0.0021734	8.78975e-08
Muller_E	4024532	0.997836	0.00216436	8.00807e-08
Muller_E	4024639	0.997836	0.00216376	7.95591e-08
Muller_E	4025270	0.99784	0.0021602	7.64829e-08
Muller_E	4027169	0.99785	0.00214947	6.72218e-08
Muller_E	4027437	0.997852	0.00214795	6.59144e-08
Muller_E	4027764	0.997854	0.0021461	6.43191e-08
Muller_E	4029270	0.997862	0.00213756	5.69703e-08
Muller_E	4032202	0.997879	0.00212088	4.2656e-08
Muller_E	4032327	0.998884	0.00111564	2.16126e-09
Muller_E	4033521	0.997881	0.00211861	4.23466e-08
Muller_E	4033797	0.997882	0.00211825	4.2413e-08
Muller_E	4036360	0.997885	0.00211486	4.29737e-08
Muller_E	4037138	0.997886	0.00211382	4.31238e-08
Muller_E	4037610	0.997887	0.00211319	4.32103e-08
Muller_E	4040496	0.997891	0.00210928	4.36645e-08
Muller_E	4040949	0.997891	0.00210866	4.37242e-08
Muller_E	4045900	0.997898	0.00210177	4.4171e-08
Muller_E	4046078	0.997898	0.00210152	4.41801e-08
Muller_E	4046843	0.9979	0.00210044	4.42136e-08
Muller_E	4047581	0.997901	0.00209939	4.42374e-08
Muller_E	4048275	0.997902	0.0020984	4.42522e-08
Muller_E	4048700	0.997902	0.0020978	4.42577e-08
Muller_E	4053592	0.997909	0.00209069	4.41225e-08
Muller_E	4056223	0.997913	0.00208679	4.38998e-08
Muller_E	4056545	0.997914	0.00208631	4.38653e-08
Muller_E	4056951	0.997914	0.0020857	4.38197e-08
Muller_E	4057601	0.997915	0.00208473	4.37414e-08
Muller_E	4057720	0.997915	0.00208455	4.37263e-08
Muller_E	4058043	0.997916	0.00208406	4.36845e-08
Muller_E	4058149	0.997916	0.0020839	4.36704e-08
Muller_E	4058704	0.997917	0.00208306	4.35939e-08
Muller_E	4059417	0.997918	0.00208198	4.34889e-08
Muller_E	4059965	0.997919	0.00208115	4.34029e-08
Muller_E	4061381	0.997921	0.00207899	4.31599e-08
Muller_E	4061745	0.997922	0.00207843	4.30926e-08
Muller_E	4062020	0.997922	0.002078	4.30404e-08
Muller_E	4062507	0.997923	0.00207725	4.29452e-08
Muller_E	4062941	0.997923	0.00207658	4.28574e-08
Muller_E	4064035	0.997925	0.00207488	4.26235e-08
Muller_E	4064680	0.997926	0.00207388	4.24772e-08
Muller_E	4064829	0.997926	0.00207365	4.24425e-08
Muller_E	4065474	0.997927	0.00207264	4.22885e-08
Muller_E	4065574	0.997927	0.00207248	4.22641e-08
Muller_E	4066028	0.997928	0.00207177	4.21513e-08
Muller_E	4067541	0.997931	0.00206938	4.17533e-08
Muller_E	4067967	0.997931	0.00206871	4.16351e-08
Muller_E	4068535	0.997932	0.0020678	4.14732e-08
Muller_E	4069245	0.997933	0.00206667	4.12642e-08
Muller_E	4070105	0.997935	0.00206529	4.1001e-08
Muller_E	4071088	0.997936	0.00206371	4.06866e-08
Muller_E	4071641	0.997937	0.00206282	4.05035e-08
Muller_E	4072126	0.997938	0.00206203	4.03392e-08
Muller_E	4072768	0.997939	0.00206099	4.01163e-08
Muller_E	4072973	0.997939	0.00206066	4.00438e-08
Muller_E	4073359	0.99794	0.00206003	3.99057e-08
Muller_E	4075135	0.997943	0.00205712	3.92419e-08
Muller_E	4075254	0.997943	0.00205692	3.91957e-08
Muller_E	4076053	0.997944	0.00205561	3.88805e-08
Muller_E	4077160	0.997946	0.00205377	3.84282e-08
Muller_E	4078165	0.997948	0.0020521	3.8002e-08
Muller_E	4078690	0.997949	0.00205122	3.77734e-08
Muller_E	4078900	0.997949	0.00205087	3.76809e-08
Muller_E	4079010	0.997949	0.00205068	3.76321e-08
Muller_E	4079297	0.99795	0.0020502	3.75041e-08
Muller_E	4081728	0.997954	0.0020461	3.63716e-08
Muller_E	4082079	0.997954	0.0020455	3.62009e-08
Muller_E	4083988	0.997958	0.00204224	3.52412e-08
Muller_E	4085715	0.997961	0.00203926	3.43272e-08
Muller_E	4089306	0.997967	0.002033	3.22882e-08
Muller_E	4089803	0.997968	0.00203212	3.19913e-08
Muller_E	4092778	0.997973	0.00202684	3.01396e-08
Muller_E	4092894	0.997973	0.00202663	3.00648e-08
Muller_E	4098915	0.997984	0.00201572	2.59184e-08
Muller_E	4109650	0.998004	0.00199554	1.72478e-08
Muller_E	4113217	0.998011	0.00198863	1.40083e-08
Muller_E	4113538	0.998012	0.001988	1.37081e-08
Muller_E	4114422	0.998014	0.00198627	1.28739e-08
Muller_E	4114803	0.998943	0.00105681	7.95519e-10
Muller_E	4115118	0.998014	0.00198605	1.27232e-08
Muller_E	4116856	0.998011	0.00198894	1.3868e-08
Muller_E	4117074	0.998011	0.0019893	1.40085e-08
Muller_E	4117473	0.99801	0.00198996	1.42639e-08
Muller_E	4118970	0.998008	0.00199242	1.52016e-08
Muller_E	4121851	0.998003	0.00199711	1.69146e-08
Muller_E	4122071	0.998003	0.00199747	1.70405e-08
Muller_E	4122393	0.998002	0.00199799	1.72234e-08
Muller_E	4122818	0.998001	0.00199867	1.74626e-08
Muller_E	4124318	0.997999	0.00200107	1.82855e-08
Muller_E	4124418	0.997999	0.00200123	1.83392e-08
Muller_E	4126492	0.997995	0.00200452	1.94199e-08
Muller_E	4127527	0.997994	0.00200615	1.99357e-08
Muller_E	4127720	0.997994	0.00200646	2.00301e-08
Muller_E	4128101	0.997993	0.00200705	2.02149e-08
Muller_E	4128234	0.997993	0.00200726	2.0279e-08
Muller_E	4130334	0.997989	0.00201053	2.12553e-08
Muller_E	4132221	0.997987	0.00201343	2.20772e-08
Muller_E	4134741	0.997983	0.00201727	2.30929e-08
Muller_E	4134982	0.997982	0.00201763	2.31851e-08
Muller_E	4136547	0.99798	0.00201999	2.3763e-08
Muller_E	4140224	0.997975	0.00202544	2.49777e-08
Muller_E	4140902	0.997974	0.00202643	2.51797e-08
Muller_E	4141485	0.997973	0.00202728	2.53479e-08
Muller_E	4143836	0.997969	0.00203069	2.59748e-08
Muller_E	4144350	0.997969	0.00203143	2.61008e-08
Muller_E	4144848	0.997968	0.00203214	2.62191e-08
Muller_E	4150850	0.997959	0.00204058	2.73525e-08
Muller_E	4151927	0.997958	0.00204207	2.74985e-08
Muller_E	4154621	0.997954	0.00204574	2.77868e-08
Muller_E	4159745	0.997947	0.00205256	2.80316e-08
Muller_E	4159958	0.997947	0.00205284	2.80331e-08
Muller_E	4160923	0.997946	0.0020541	2.80314e-08
Muller_E	4161787	0.997945	0.00205522	2.80178e-08
Muller_E	4162162	0.997944	0.0020557	2.80084e-08
Muller_E	4163984	0.997942	0.00205804	2.7932e-08
Muller_E	4164218	0.997942	0.00205834	2.79185e-08
Muller_E	4164859	0.997941	0.00205916	2.78772e-08
Muller_E	4165033	0.997941	0.00205938	2.78649e-08
Muller_E	4165157	0.99794	0.00205954	2.78559e-08
Muller_E	4165383	0.99794	0.00205982	2.78388e-08
Muller_E	4165808	0.99794	0.00206036	2.78046e-08
Muller_E	4165958	0.997939	0.00206055	2.77918e-08
Muller_E	4166062	0.997939	0.00206068	2.77828e-08
Muller_E	4166243	0.997939	0.00206091	2.77667e-08
Muller_E	4166628	0.997939	0.00206139	2.77307e-08
Muller_E	4168755	0.997936	0.00206404	2.7491e-08
Muller_E	4172546	0.997931	0.00206868	2.68912e-08
Muller_E	4172827	0.997931	0.00206902	2.68379e-08
Muller_E	4173860	0.99793	0.00207026	2.66316e-08
Muller_E	4176100	0.997927	0.00207292	2.61275e-08
Muller_E	4176326	0.997927	0.00207319	2.60724e-08
Muller_E	4176826	0.997926	0.00207377	2.59475e-08
Muller_E	4177022	0.997926	0.002074	2.58975e-08
Muller_E	4178339	0.997924	0.00207554	2.55461e-08
Muller_E	4178608	0.997924	0.00207585	2.5471e-08
Muller_E	4179326	0.997923	0.00207668	2.52651e-08
Muller_E	4180712	0.997922	0.00207827	2.4845e-08
Muller_E	4180966	0.997921	0.00207856	2.47648e-08
Muller_E	4184926	0.997917	0.00208301	2.33842e-08
Muller_E	4185178	0.997917	0.00208329	2.3288e-08
Muller_E	4185319	0.997917	0.00208345	2.32338e-08
Muller_E	4185532	0.997916	0.00208368	2.31513e-08
Muller_E	4187632	0.997914	0.00208598	2.23001e-08
Muller_E	4188227	0.997913	0.00208663	2.20464e-08
Muller_E	4188670	0.997913	0.0020871	2.18539e-08
Muller_E	4192621	0.997909	0.0020913	2.0001e-08
Muller_E	4193546	0.997908	0.00209226	1.95319e-08
Muller_E	4194407	0.997907	0.00209316	1.90831e-08
Muller_E	4195783	0.997905	0.00209457	1.83417e-08
Muller_E	4196010	0.997905	0.0020948	1.82165e-08
Muller_E	4197440	0.997904	0.00209625	1.74093e-08
Muller_E	4198223	0.997903	0.00209703	1.69536e-08
Muller_E	4199021	0.997902	0.00209783	1.64793e-08
Muller_E	4199203	0.997902	0.00209801	1.63697e-08
Muller_E	4199424	0.997902	0.00209823	1.6236e-08
Muller_E	4199639	0.997902	0.00209844	1.61051e-08
Muller_E	4199983	0.997901	0.00209878	1.58941e-08
Muller_E	4203293	0.997898	0.002102	1.3769e-08
Muller_E	4205814	0.997896	0.0021044	1.20341e-08
Muller_E	4206134	0.997895	0.0021047	1.18067e-08
Muller_E	4207588	0.998883	0.00111657	6.38155e-10
Muller_E	4210680	0.997878	0.00212188	1.33913e-08
Muller_E	4210928	0.997877	0.00212314	1.3597e-08
Muller_E	4211312	0.997875	0.0021251	1.39139e-08
Muller_E	4211755	0.997873	0.00212736	1.42768e-08
Muller_E	4213444	0.997864	0.00213595	1.56347e-08
Muller_E	4216650	0.986495	0.0135051	2.09251e-07
Muller_E	4217058	0.997851	0.00214911	1.81717e-08
Muller_E	4217453	0.997854	0.0021461	1.82395e-08
Muller_E	4217565	0.997855	0.00214525	1.82582e-08
Muller_E	4217669	0.997856	0.00214446	1.82754e-08
Muller_E	4217825	0.997857	0.00214327	1.8301e-08
Muller_E	4218923	0.997865	0.00213492	1.84698e-08
Muller_E	4225215	0.997913	0.00208684	1.90757e-08
Muller_E	4232774	0.997971	0.00202867	1.90133e-08
Muller_E	4235298	0.997991	0.00200914	1.88068e-08
Muller_E	4245993	0.998074	0.00192583	1.69471e-08
Muller_E	4252835	0.998128	0.00187204	1.49593e-08
Muller_E	4253725	0.998135	0.00186502	1.4657e-08
Muller_E	4256197	0.998155	0.00184548	1.37658e-08
Muller_E	4261234	0.998194	0.00180551	1.17208e-08
Muller_E	4262892	0.999057	0.00094341	5.69782e-10
Muller_E	4263238	0.998209	0.00179125	1.1435e-08
Muller_E	4263588	0.99821	0.00179017	1.18917e-08
Muller_E	4264621	0.998213	0.001787	1.32303e-08
Muller_E	4266950	0.99822	0.00177982	1.6197e-08
Muller_E	4267529	0.998222	0.00177803	1.69235e-08
Muller_E	4276223	0.998249	0.0017508	2.73135e-08
Muller_E	4311688	0.998367	0.00163342	6.0056e-08
Muller_E	4311965	0.998367	0.00163246	6.02537e-08
Muller_E	4312254	0.998368	0.00163146	6.04591e-08
Muller_E	4312510	0.998369	0.00163058	6.06403e-08
Muller_E	4334492	0.998447	0.00155258	7.35312e-08
Muller_E	4352032	0.998512	0.00148755	8.02411e-08
Muller_E	4353438	0.998518	0.00148223	8.06496e-08
Muller_E	4356857	0.998531	0.00146923	8.15658e-08
Muller_E	4360054	0.998543	0.00145699	8.23247e-08
Muller_E	4374783	0.9986	0.00139951	8.46444e-08
Muller_E	4374946	0.998601	0.00139886	8.46596e-08
Muller_E	4381350	0.998627	0.00137332	8.50826e-08
Muller_E	4558836	0.999467	0.000533483	1.44337e-08
Muller_E	4562012	0.999484	0.000516134	1.27482e-08
Muller_E	4564083	0.999495	0.000504777	1.16617e-08
Muller_E	4564194	0.999496	0.000504167	1.16038e-08
Muller_E	4568491	0.99952	0.000480489	9.38522e-09
Muller_E	4569115	0.999523	0.000477038	9.06717e-09
Muller_E	4569749	0.999526	0.000473528	8.74514e-09
Muller_E	4570340	0.99953	0.000470254	8.44599e-09
Muller_E	4571890	0.999538	0.000461653	7.66624e-09
Muller_E	4572624	0.999542	0.000457573	7.29949e-09
Muller_E	4573491	0.999547	0.000452748	6.8684e-09
Muller_E	4573809	0.999549	0.000450977	6.71087e-09
Muller_E	4577361	0.999569	0.000431138	4.97325e-09
Muller_E	4577462	0.999569	0.000430572	4.92444e-09
Muller_E	4578308	0.999574	0.000425831	4.51703e-09
Muller_E	4580664	0.999587	0.000412598	3.3955e-09
Muller_E	4580954	0.999589	0.000410966	3.25881e-09
Muller_E	4581769	0.999594	0.000406375	2.8763e-09
Muller_E	4581909	0.999594	0.000405586	2.81084e-09
Muller_E	4583019	0.999785	0.000215364	1.80005e-10
Muller_E	4583393	0.999602	0.00039832	2.28881e-09
Muller_E	4583516	0.999602	0.000397989	2.2869e-09
Muller_E	4584473	0.999605	0.000395412	2.2707e-09
Muller_E	4589180	0.999617	0.000382627	2.15732e-09
Muller_E	4590247	0.99962	0.000379704	2.12405e-09
Muller_E	4591539	0.999624	0.000376153	2.08015e-09
Muller_E	4593253	0.999629	0.00037142	2.0159e-09
Muller_E	4593508	0.999629	0.000370714	2.00577e-09
Muller_E	4593974	0.999631	0.000369422	1.98686e-09
Muller_E	4595111	0.999634	0.000366263	1.9387e-09
Muller_E	4595303	0.999634	0.000365729	1.93028e-09
Muller_E	4597548	0.999641	0.000359457	1.82588e-09
Muller_E	4597833	0.999641	0.000358658	1.81185e-09
Muller_E	4600306	0.999648	0.000351696	1.68294e-09
Muller_E	4607273	0.999668	0.000331817	1.25442e-09
Muller_E	4607398	0.999669	0.000331456	1.2459e-09
Muller_E	4610441	0.999677	0.000322647	1.03001e-09
Muller_E	4611041	0.999679	0.000320902	9.85563e-10
Muller_E	4611562	0.999681	0.000319383	9.46485e-10
Muller_E	4611697	0.999681	0.00031899	9.36286e-10
Muller_E	4612447	0.999683	0.000316799	8.79083e-10
Muller_E	4612733	0.999684	0.000315963	8.5703e-10
Muller_E	4612927	0.999685	0.000315395	8.41995e-10
Muller_E	4613148	0.999832	0.000167808	5.45629e-11
Muller_E	4614502	0.999687	0.000313326	9.35505e-10
Muller_E	4615888	0.999688	0.000311854	1.04455e-09
Muller_E	4616173	0.999688	0.000311549	1.06644e-09
Muller_E	4616508	0.999689	0.000311191	1.09194e-09
Muller_E	4616663	0.999689	0.000311024	1.10365e-09
Muller_E	4618190	0.999691	0.000309376	1.2162e-09
Muller_E	4619781	0.999692	0.000307637	1.32799e-09
Muller_E	4622166	0.999695	0.000304994	1.48524e-09
Muller_E	4626314	0.9997	0.000300286	1.72968e-09
Muller_E	4626864	0.9997	0.000299651	1.75936e-09
Muller_E	4627368	0.999701	0.000299068	1.78601e-09
Muller_E	4627488	0.999701	0.000298928	1.79228e-09
Muller_E	4633961	0.999709	0.000291242	2.08661e-09
Muller_E	4635834	0.999711	0.000288955	2.15609e-09
Muller_E	4636452	0.999712	0.000288194	2.17751e-09
Muller_E	4637295	0.999713	0.000287151	2.20552e-09
Muller_E	4640891	0.999717	0.000282638	2.30968e-09
Muller_E	4645727	0.999724	0.000276403	2.41156e-09
Muller_E	4646376	0.999724	0.000275552	2.42198e-09
Muller_E	4646798	0.999725	0.000274996	2.42835e-09
Muller_E	4653320	0.999734	0.000266232	2.48708e-09
Muller_E	4656520	0.999738	0.000261805	2.48947e-09
Muller_E	4672665	0.999762	0.000238209	2.25915e-09
Muller_E	4674140	0.999764	0.000235948	2.21954e-09
Muller_E	4675745	0.999767	0.000233468	2.17319e-09
Muller_E	4676485	0.999768	0.000232318	2.1507e-09
Muller_E	4677110	0.999769	0.000231343	2.13117e-09
Muller_E	4677655	0.99977	0.00023049	2.11373e-09
Muller_E	4678986	0.999772	0.000228396	2.06961e-09
Muller_E	4680223	0.999774	0.000226438	2.02665e-09
Muller_E	4682403	0.999777	0.000222957	1.94652e-09
Muller_E	4682621	0.999777	0.000222607	1.9382e-09
Muller_E	4684270	0.99978	0.000219945	1.87352e-09
Muller_E	4685491	0.999782	0.00021796	1.82367e-09
Muller_E	4686019	0.999783	0.000217098	1.8016e-09
Muller_E	4687101	0.999785	0.000215324	1.75544e-09
Muller_E	4689628	0.999789	0.000211145	1.64283e-09
Muller_E	4690052	0.99979	0.000210439	1.62329e-09
Muller_E	4690344	0.99979	0.000209951	1.60973e-09
Muller_E	4690905	0.999791	0.000209013	1.58344e-09
Muller_E	4691125	0.999791	0.000208645	1.57305e-09
Muller_E	4691712	0.999792	0.000207659	1.54508e-09
Muller_E	4691999	0.999793	0.000207177	1.53129e-09
Muller_E	4692111	0.999793	0.000206988	1.52589e-09
Muller_E	4693234	0.999795	0.000205091	1.47103e-09
Muller_E	4693620	0.999796	0.000204437	1.4519e-09
Muller_E	4693753	0.999796	0.000204211	1.44528e-09
Muller_E	4694021	0.999796	0.000203756	1.43188e-09
Muller_E	4694592	0.999797	0.000202784	1.40312e-09
Muller_E	4696429	0.9998	0.00019964	1.30859e-09
Muller_E	4696792	0.999801	0.000199015	1.28956e-09
Muller_E	4699402	0.999806	0.000194493	1.14943e-09
Muller_E	4700957	0.999808	0.000191772	1.0633e-09
Muller_E	4702606	0.999811	0.000188866	9.69916e-10
Muller_E	4708142	0.999821	0.000178947	6.42223e-10
Muller_E	4712097	0.999828	0.00017171	3.96255e-10
Muller_E	4713898	0.99991	8.96612e-05	1.82798e-11
Muller_E	4714194	0.999832	0.000168203	2.85869e-10
Muller_E	4717094	0.999833	0.000166512	3.23962e-10
Muller_E	4717794	0.999834	0.000166094	3.31635e-10
Muller_E	4720564	0.999836	0.000164399	3.56265e-10
Muller_E	4722390	0.999837	0.000163249	3.67553e-10
Muller_E	4727534	0.99984	0.000159861	3.78658e-10
Muller_E	4730688	0.999842	0.000157678	3.70715e-10
Muller_E	4731377	0.999843	0.000157191	3.6752e-10
Muller_E	4732944	0.999844	0.000156068	3.58334e-10
Muller_E	4738342	0.999848	0.000152046	3.06677e-10
Muller_E	4739398	0.999849	0.000151232	2.93026e-10
Muller_E	4742492	0.999851	0.000148794	2.46542e-10
Muller_E	4745718	0.999854	0.00014617	1.88013e-10
Muller_E	4746457	0.999854	0.000145557	1.73194e-10
Muller_E	4748015	0.999856	0.00014425	1.40258e-10
Muller_E	4748352	0.999856	0.000143965	1.32835e-10
Muller_E	4748630	0.999856	0.000143729	1.26632e-10
Muller_E	4751071	0.999922	7.79664e-05	6.97579e-12
Muller_E	4751685	0.999858	0.000141675	7.10391e-11
Muller_E	4751817	0.999925	7.53904e-05	4.57914e-12
Muller_E	4752607	0.999857	0.000142556	1.22298e-10
Muller_E	4752773	0.999857	0.000142738	1.32956e-10
Muller_E	4753826	0.999856	0.00014389	2.0026e-10
Muller_E	4754671	0.999855	0.000144808	2.5388e-10
Muller_E	4756619	0.999853	0.000146903	3.76127e-10
Muller_E	4759191	0.99985	0.000149621	5.34478e-10
Muller_E	4761262	0.999848	0.000151771	6.59324e-10
Muller_E	4761866	0.999848	0.000152391	6.9527e-10
Muller_E	4761985	0.999847	0.000152513	7.02326e-10
Muller_E	4763545	0.999846	0.0001541	7.94054e-10
Muller_E	4764509	0.999845	0.000155071	8.49997e-10
