chrom	position	2,0	1,1	0,2
Muller_E	62882	0.51226	0.397869	0.0898708
Muller_E	267432	0.509721	0.406908	0.0833716
Muller_E	441230	0.507669	0.414488	0.0778426
Muller_E	511157	0.506871	0.417514	0.0756153
Muller_E	557879	0.506346	0.419528	0.074126
Muller_E	581000	0.506088	0.420523	0.0733886
Muller_E	709108	0.504691	0.42601	0.0692982
Muller_E	768129	0.504064	0.428525	0.0674107
Muller_E	785241	0.503884	0.429253	0.0668631
Muller_E	787322	0.503862	0.429341	0.0667965
Muller_E	787424	0.503861	0.429345	0.0667932
Muller_E	788173	0.503854	0.429377	0.0667693
Muller_E	788750	0.503847	0.429402	0.0667508
Muller_E	788860	0.503846	0.429406	0.0667473
Muller_E	791823	0.503815	0.429532	0.0666524
Muller_E	802257	0.503706	0.429975	0.0663184
Muller_E	893794	0.502763	0.433853	0.0633847
Muller_E	894300	0.502758	0.433874	0.0633684
Muller_E	896281	0.502737	0.433958	0.0633049
Muller_E	897287	0.502727	0.434	0.0632726
Muller_E	897987	0.50272	0.43403	0.0632502
Muller_E	901015	0.502689	0.434158	0.063153
Muller_E	901718	0.502682	0.434187	0.0631305
Muller_E	923408	0.502463	0.435103	0.0624343
Muller_E	923675	0.50246	0.435114	0.0624258
Muller_E	924320	0.502453	0.435142	0.0624051
Muller_E	927795	0.502418	0.435288	0.0622935
Muller_E	948021	0.502215	0.436141	0.061644
Muller_E	948230	0.502213	0.43615	0.0616373
Muller_E	958531	0.50211	0.436584	0.0613064
Muller_E	967701	0.502018	0.43697	0.0610117
Muller_E	969142	0.502004	0.437031	0.0609654
Muller_E	1033237	0.501371	0.439725	0.0589041
Muller_E	1120573	0.500527	0.443383	0.0560898
Muller_E	1123171	0.500502	0.443492	0.056006
Muller_E	1146845	0.500277	0.444481	0.0552419
Muller_E	1148492	0.500262	0.44455	0.0551888
Muller_E	1168315	0.500074	0.445377	0.0545486
Muller_E	1213395	0.499653	0.447256	0.0530914
Muller_E	1262309	0.499201	0.449291	0.0515081
Muller_E	1275111	0.499084	0.449823	0.0510933
Muller_E	1275707	0.499079	0.449847	0.051074
Muller_E	1314313	0.498728	0.45145	0.0498221
Muller_E	1318297	0.498692	0.451615	0.0496928
Muller_E	1358440	0.498332	0.453278	0.0483893
Muller_E	1358616	0.498331	0.453286	0.0483836
Muller_E	1378824	0.498151	0.454122	0.0477268
Muller_E	1480336	0.497265	0.458315	0.0444205
Muller_E	1489232	0.497188	0.458682	0.0441302
Muller_E	1645912	0.495874	0.465125	0.0390016
Muller_E	1673398	0.495649	0.466252	0.0380987
Muller_E	1718642	0.495284	0.468106	0.0366104
Muller_E	1746815	0.495059	0.469259	0.0356823
Muller_E	1763447	0.494927	0.469939	0.0351338
Muller_E	1765039	0.494914	0.470005	0.0350813
Muller_E	1765159	0.494913	0.470009	0.0350773
Muller_E	1765369	0.494912	0.470018	0.0350704
Muller_E	1771226	0.494865	0.470258	0.0348772
Muller_E	1799036	0.494646	0.471395	0.033959
Muller_E	1802542	0.494619	0.471538	0.0338431
Muller_E	1802678	0.494618	0.471543	0.0338386
Muller_E	1803039	0.494615	0.471558	0.0338267
Muller_E	1803347	0.494613	0.471571	0.0338165
Muller_E	1805518	0.494596	0.47166	0.0337448
Muller_E	1812938	0.494538	0.471963	0.0334996
Muller_E	1813040	0.494537	0.471967	0.0334962
Muller_E	1815234	0.49452	0.472057	0.0334237
Muller_E	1815907	0.494515	0.472084	0.0334014
Muller_E	1816383	0.494511	0.472103	0.0333857
Muller_E	1831501	0.494393	0.472721	0.0328857
Muller_E	1850978	0.494243	0.473516	0.0322411
Muller_E	1851905	0.494235	0.473554	0.0322104
Muller_E	1852166	0.494233	0.473565	0.0322018
Muller_E	1857635	0.494191	0.473788	0.0320207
Muller_E	1861157	0.494164	0.473932	0.031904
Muller_E	1861336	0.494163	0.473939	0.0318981
Muller_E	1861880	0.494159	0.473961	0.03188
Muller_E	1866595	0.494122	0.474154	0.0317238
Muller_E	1870209	0.494095	0.474301	0.0316041
Muller_E	1871973	0.494081	0.474373	0.0315456
Muller_E	1880064	0.494019	0.474703	0.0312774
Muller_E	1889333	0.493948	0.475081	0.0309701
Muller_E	1891195	0.493934	0.475157	0.0309083
Muller_E	1894320	0.49391	0.475285	0.0308047
Muller_E	1900363	0.493864	0.475531	0.0306042
Muller_E	1904375	0.493834	0.475695	0.0304711
Muller_E	1915469	0.49375	0.476147	0.0301028
Muller_E	1927060	0.493662	0.47662	0.0297178
Muller_E	1932459	0.493622	0.47684	0.0295384
Muller_E	1944351	0.493532	0.477325	0.0291431
Muller_E	1946702	0.493515	0.47742	0.029065
Muller_E	1961660	0.493403	0.47803	0.0285674
Muller_E	1975567	0.493299	0.478596	0.0281045
Muller_E	2011856	0.493031	0.480074	0.0268952
Muller_E	2013122	0.493022	0.480125	0.026853
Muller_E	2044597	0.492791	0.481406	0.0258024
Muller_E	2048236	0.492765	0.481554	0.0256809
Muller_E	2048434	0.492764	0.481562	0.0256743
Muller_E	2086567	0.492488	0.483113	0.0243991
Muller_E	2103366	0.492367	0.483796	0.0238366
Muller_E	2117584	0.492266	0.484374	0.0233601
Muller_E	2126123	0.492205	0.484721	0.0230738
Muller_E	2135792	0.492137	0.485114	0.0227495
Muller_E	2140907	0.492101	0.485322	0.0225779
Muller_E	2141169	0.492099	0.485332	0.0225691
Muller_E	2142715	0.492088	0.485395	0.0225172
Muller_E	2145389	0.492069	0.485504	0.0224274
Muller_E	2146953	0.492058	0.485567	0.0223749
Muller_E	2147057	0.492057	0.485571	0.0223714
Muller_E	2201852	0.491674	0.487797	0.0205294
Muller_E	2204792	0.491653	0.487916	0.0204304
Muller_E	2219543	0.491551	0.488515	0.0199336
Muller_E	2220290	0.491546	0.488546	0.0199085
Muller_E	2241628	0.491399	0.489412	0.0191891
Muller_E	2243471	0.491386	0.489487	0.0191269
Muller_E	2531559	0.489496	0.501171	0.00933299
Muller_E	2693610	0.488504	0.507743	0.00375342
Muller_E	2696554	0.488486	0.507862	0.00365156
Muller_E	2706179	0.488429	0.508253	0.00331841
Muller_E	2713009	0.488388	0.50853	0.00308188
Muller_E	2716202	0.488369	0.508659	0.00297128
Muller_E	2721440	0.488338	0.508872	0.00278978
Muller_E	2735475	0.488255	0.509441	0.00230319
Muller_E	2763120	0.488093	0.510563	0.00134351
Muller_E	2777976	0.488007	0.511166	0.000827121
Muller_E	2779619	0.487997	0.511233	0.000769982
Muller_E	2787347	0.487952	0.511547	0.000501143
Muller_E	2788916	0.487943	0.51161	0.000446546
Muller_E	2795398	0.487905	0.511874	0.000220931
Muller_E	2798296	0.487889	0.511991	0.000120033
Muller_E	2799305	0.6386	0.361391	8.71678e-06
Muller_E	2800245	0.487837	0.512083	8.01677e-05
Muller_E	2800507	0.487824	0.512097	7.88483e-05
Muller_E	2800780	0.487811	0.512112	7.74732e-05
Muller_E	2800932	0.487803	0.51212	7.67075e-05
Muller_E	2801158	0.487792	0.512132	7.55688e-05
Muller_E	2805736	0.487568	0.512379	5.24589e-05
Muller_E	2807233	0.487495	0.51246	4.48838e-05
Muller_E	2807795	0.487467	0.512491	4.20377e-05
Muller_E	2808363	0.48744	0.512521	3.91599e-05
Muller_E	2809031	0.487407	0.512557	3.57739e-05
Muller_E	2809272	0.487395	0.51257	3.45518e-05
Muller_E	2809909	0.487364	0.512605	3.13206e-05
Muller_E	2811470	0.643963	0.356035	1.57611e-06
Muller_E	2811776	0.487253	0.512724	2.32743e-05
Muller_E	2812117	0.487213	0.512763	2.31388e-05
Muller_E	2815676	0.486805	0.513173	2.16961e-05
Muller_E	2816259	0.486738	0.51324	2.14547e-05
Muller_E	2817070	0.486645	0.513333	2.11167e-05
Muller_E	2817616	0.486583	0.513396	2.08876e-05
Muller_E	2819402	0.486378	0.513602	2.01296e-05
Muller_E	2820166	0.48629	0.51369	1.98014e-05
Muller_E	2820386	0.486265	0.513715	1.97064e-05
Muller_E	2820775	0.486221	0.51376	1.9538e-05
Muller_E	2821135	0.486179	0.513801	1.93815e-05
Muller_E	2821440	0.486144	0.513836	1.92486e-05
Muller_E	2826939	0.485514	0.51447	1.67856e-05
Muller_E	2831172	0.485028	0.514957	1.48044e-05
Muller_E	2831515	0.484989	0.514997	1.46406e-05
Muller_E	2832336	0.484895	0.515091	1.42465e-05
Muller_E	2833070	0.48481	0.515176	1.38919e-05
Muller_E	2850717	0.482787	0.517209	4.69084e-06
Muller_E	2853215	0.63773	0.362269	2.57306e-07
Muller_E	2856496	0.481753	0.518244	3.39546e-06
Muller_E	2856945	0.481651	0.518346	3.4073e-06
Muller_E	2857481	0.481529	0.518468	3.42035e-06
Muller_E	2858163	0.481373	0.518623	3.43522e-06
Muller_E	2859754	0.481011	0.518985	3.46239e-06
Muller_E	2859987	0.480958	0.519039	3.46549e-06
Muller_E	2862604	0.480362	0.519634	3.48473e-06
Muller_E	2866488	0.479478	0.520519	3.46063e-06
Muller_E	2867267	0.4793	0.520696	3.44821e-06
Muller_E	2868557	0.479006	0.52099	3.42207e-06
Muller_E	2870085	0.478659	0.521338	3.38208e-06
Muller_E	2870623	0.478536	0.521461	3.36568e-06
Muller_E	2876155	0.477276	0.522721	3.12655e-06
Muller_E	2877151	0.477049	0.522948	3.06983e-06
Muller_E	2886067	0.475019	0.524979	2.3758e-06
Muller_E	2886534	0.474913	0.525085	2.33019e-06
Muller_E	2887599	0.47467	0.525328	2.22272e-06
Muller_E	2887882	0.632032	0.367967	1.51417e-07
Muller_E	2888492	0.474338	0.52566	2.39335e-06
Muller_E	2888607	0.474287	0.52571	2.43088e-06
Muller_E	2890000	0.473676	0.526321	2.88142e-06
Muller_E	2890387	0.473506	0.526491	3.00521e-06
Muller_E	2890907	0.473278	0.526719	3.17062e-06
Muller_E	2894764	0.471585	0.528411	4.36379e-06
Muller_E	2899098	0.469682	0.530312	5.63343e-06
Muller_E	2901481	0.468636	0.531358	6.29933e-06
Muller_E	2901643	0.468565	0.531429	6.34377e-06
Muller_E	2902627	0.468133	0.531861	6.61141e-06
Muller_E	2903432	0.467779	0.532214	6.82744e-06
Muller_E	2904998	0.467092	0.532901	7.24019e-06
Muller_E	2905994	0.466655	0.533338	7.49752e-06
Muller_E	2907134	0.466154	0.533838	7.78711e-06
Muller_E	2908511	0.46555	0.534442	8.12985e-06
Muller_E	2909452	0.465137	0.534855	8.35963e-06
Muller_E	2910160	0.464826	0.535166	8.53013e-06
Muller_E	2911022	0.464447	0.535544	8.73494e-06
Muller_E	2911252	0.464346	0.535645	8.78908e-06
Muller_E	2911992	0.464022	0.535969	8.96179e-06
Muller_E	2914672	0.462845	0.537145	9.56849e-06
Muller_E	2915489	0.462486	0.537504	9.74758e-06
Muller_E	2918585	0.461127	0.538862	1.04013e-05
Muller_E	2919015	0.460938	0.539051	1.04889e-05
Muller_E	2919728	0.460625	0.539364	1.06326e-05
Muller_E	2919971	0.460519	0.539471	1.06811e-05
Muller_E	2921506	0.459845	0.540144	1.09817e-05
Muller_E	2922564	0.45938	0.540608	1.11833e-05
Muller_E	2922707	0.459318	0.540671	1.12101e-05
Muller_E	2924226	0.458651	0.541338	1.14904e-05
Muller_E	2925108	0.458264	0.541725	1.16488e-05
Muller_E	2925552	0.458069	0.54192	1.17273e-05
Muller_E	2928855	0.456619	0.543369	1.22853e-05
Muller_E	2930674	0.45582	0.544167	1.25732e-05
Muller_E	2931258	0.455564	0.544424	1.26627e-05
Muller_E	2931592	0.12805	0.871913	3.71356e-05
Muller_E	2931798	0.455404	0.544583	1.27016e-05
Muller_E	2932326	0.45537	0.544618	1.26711e-05
Muller_E	2945623	0.454512	0.545477	1.15e-05
Muller_E	2945753	0.454503	0.545485	1.14847e-05
Muller_E	2945878	0.454495	0.545493	1.14699e-05
Muller_E	2946001	0.606274	0.393725	1.25507e-06
Muller_E	2955783	0.453155	0.546827	1.80237e-05
Muller_E	2957997	0.452853	0.547128	1.9454e-05
Muller_E	2959282	0.452678	0.547302	2.02747e-05
Muller_E	2959697	0.452621	0.547358	2.05382e-05
Muller_E	2959819	0.452605	0.547375	2.06155e-05
Muller_E	2960759	0.452477	0.547502	2.12093e-05
Muller_E	2961667	0.452353	0.547625	2.17792e-05
Muller_E	2961801	0.452335	0.547643	2.1863e-05
Muller_E	2963254	0.452137	0.54784	2.27669e-05
Muller_E	2963568	0.452094	0.547883	2.29611e-05
Muller_E	2975263	0.450501	0.549469	2.98933e-05
Muller_E	2976725	0.450302	0.549668	3.07189e-05
Muller_E	2977784	0.450157	0.549811	3.13112e-05
Muller_E	2982473	0.449518	0.550448	3.38759e-05
Muller_E	2984283	0.449272	0.550693	3.48408e-05
Muller_E	2985483	0.449108	0.550856	3.54727e-05
Muller_E	2985658	0.449084	0.55088	3.55643e-05
Muller_E	2985908	0.44905	0.550914	3.5695e-05
Muller_E	2987685	0.448808	0.551155	3.66162e-05
Muller_E	2992894	0.448099	0.551862	3.92382e-05
Muller_E	2993313	0.448041	0.551919	3.94441e-05
Muller_E	2993798	0.447975	0.551985	3.96814e-05
Muller_E	2994137	0.447929	0.552031	3.98467e-05
Muller_E	2994487	0.447882	0.552078	4.00168e-05
Muller_E	2994615	0.447864	0.552096	4.00789e-05
Muller_E	2995123	0.447795	0.552165	4.03246e-05
Muller_E	2995701	0.447716	0.552243	4.06028e-05
Muller_E	2996048	0.447669	0.55229	4.07692e-05
Muller_E	2996738	0.447575	0.552384	4.10984e-05
Muller_E	2996880	0.447555	0.552403	4.11659e-05
Muller_E	2997113	0.447524	0.552435	4.12764e-05
Muller_E	2999116	0.447251	0.552707	4.22172e-05
Muller_E	2999459	0.447204	0.552754	4.23766e-05
Muller_E	3001420	0.446937	0.55302	4.32779e-05
Muller_E	3001578	0.446915	0.553041	4.33499e-05
Muller_E	3001696	0.446899	0.553057	4.34035e-05
Muller_E	3002579	0.446779	0.553177	4.38029e-05
Muller_E	3003095	0.446709	0.553247	4.40347e-05
Muller_E	3003540	0.446648	0.553308	4.42337e-05
Muller_E	3004120	0.446569	0.553387	4.44918e-05
Muller_E	3005221	0.446419	0.553536	4.49778e-05
Muller_E	3007967	0.446045	0.553909	4.6167e-05
Muller_E	3012773	0.44539	0.554562	4.81697e-05
Muller_E	3013331	0.445314	0.554638	4.83958e-05
Muller_E	3013618	0.445275	0.554677	4.85115e-05
Muller_E	3014080	0.445212	0.55474	4.86971e-05
Muller_E	3014783	0.445116	0.554835	4.89776e-05
Muller_E	3016296	0.44491	0.555041	4.95742e-05
Muller_E	3017214	0.444785	0.555165	4.99313e-05
Muller_E	3018320	0.444634	0.555316	5.03567e-05
Muller_E	3018982	0.444544	0.555406	5.06088e-05
Muller_E	3019303	0.4445	0.555449	5.07303e-05
Muller_E	3019831	0.444428	0.555521	5.09293e-05
Muller_E	3021834	0.444155	0.555793	5.1673e-05
Muller_E	3021944	0.44414	0.555808	5.17133e-05
Muller_E	3023127	0.443979	0.555969	5.21438e-05
Muller_E	3024474	0.443795	0.556152	5.26266e-05
Muller_E	3024813	0.443749	0.556198	5.27468e-05
Muller_E	3029421	0.443121	0.556824	5.43316e-05
Muller_E	3029834	0.443065	0.556881	5.44692e-05
Muller_E	3030101	0.443028	0.556917	5.45577e-05
Muller_E	3033200	0.442606	0.557338	5.55622e-05
Muller_E	3033901	0.442511	0.557434	5.57836e-05
Muller_E	3034073	0.442487	0.557457	5.58376e-05
Muller_E	3036032	0.44222	0.557723	5.64435e-05
Muller_E	3038305	0.44191	0.558032	5.71255e-05
Muller_E	3041816	0.441432	0.55851	5.81344e-05
Muller_E	3044683	0.441041	0.5589	5.89182e-05
Muller_E	3046757	0.440759	0.559182	5.94627e-05
Muller_E	3046887	0.440741	0.5592	5.94962e-05
Muller_E	3047900	0.440603	0.559338	5.97547e-05
Muller_E	3048135	0.440571	0.559369	5.9814e-05
Muller_E	3050664	0.440226	0.559714	6.04371e-05
Muller_E	3051698	0.440085	0.559854	6.06837e-05
Muller_E	3051968	0.440048	0.559891	6.07474e-05
Muller_E	3052635	0.439957	0.559982	6.09032e-05
Muller_E	3053197	0.439881	0.560058	6.10329e-05
Muller_E	3056428	0.43944	0.560498	6.1752e-05
Muller_E	3056712	0.439402	0.560537	6.1813e-05
Muller_E	3058398	0.439172	0.560766	6.21678e-05
Muller_E	3059687	0.438996	0.560941	6.24307e-05
Muller_E	3061511	0.438748	0.56119	6.279e-05
Muller_E	3062406	0.438626	0.561311	6.2961e-05
Muller_E	3062537	0.438608	0.561329	6.29857e-05
Muller_E	3100018	0.433498	0.566435	6.69318e-05
Muller_E	3100718	0.433403	0.56653	6.69459e-05
Muller_E	3112367	0.431814	0.568119	6.68577e-05
Muller_E	3112987	0.43173	0.568203	6.68359e-05
Muller_E	3113420	0.431671	0.568262	6.68196e-05
Muller_E	3116107	0.431304	0.568629	6.66999e-05
Muller_E	3119432	0.430851	0.569082	6.65068e-05
Muller_E	3119714	0.430813	0.569121	6.64881e-05
Muller_E	3120862	0.430656	0.569278	6.64084e-05
Muller_E	3122265	0.430465	0.569469	6.63029e-05
Muller_E	3123364	0.430315	0.569619	6.6214e-05
Muller_E	3124138	0.430209	0.569725	6.61481e-05
Muller_E	3127464	0.429756	0.570178	6.58343e-05
Muller_E	3128767	0.429578	0.570356	6.56977e-05
Muller_E	3128895	0.429561	0.570374	6.56839e-05
Muller_E	3129611	0.429463	0.570471	6.56051e-05
Muller_E	3129743	0.429445	0.570489	6.55903e-05
Muller_E	3130171	0.429387	0.570548	6.55419e-05
Muller_E	3131529	0.429201	0.570733	6.53827e-05
Muller_E	3137674	0.428363	0.571572	6.45578e-05
Muller_E	3139976	0.428049	0.571886	6.42047e-05
Muller_E	3143168	0.427614	0.572322	6.36751e-05
Muller_E	3169152	0.42407	0.575873	5.76341e-05
Muller_E	3170575	0.423876	0.576067	5.7214e-05
Muller_E	3173857	0.423428	0.576516	5.62094e-05
Muller_E	3192801	0.420843	0.579107	4.944e-05
Muller_E	3194086	0.420668	0.579283	4.89207e-05
Muller_E	3194230	0.420648	0.579303	4.8862e-05
Muller_E	3207603	0.418824	0.581133	4.29938e-05
Muller_E	3207708	0.418809	0.581148	4.29444e-05
Muller_E	3208070	0.41876	0.581197	4.27738e-05
Muller_E	3208369	0.418719	0.581238	4.26325e-05
Muller_E	3208507	0.4187	0.581257	4.25671e-05
Muller_E	3208706	0.418673	0.581284	4.24726e-05
Muller_E	3210124	0.41848	0.581479	4.17943e-05
Muller_E	3211254	0.418325	0.581633	4.12471e-05
Muller_E	3212088	0.418212	0.581748	4.08393e-05
Muller_E	3216063	0.417669	0.582292	3.88514e-05
Muller_E	3216461	0.417615	0.582346	3.86483e-05
Muller_E	3217109	0.417526	0.582435	3.8316e-05
Muller_E	3217441	0.417481	0.582481	3.8145e-05
Muller_E	3217706	0.417445	0.582517	3.80082e-05
Muller_E	3217825	0.417429	0.582533	3.79466e-05
Muller_E	3218354	0.417357	0.582606	3.76721e-05
Muller_E	3219292	0.417228	0.582734	3.71822e-05
Muller_E	3219763	0.417164	0.582799	3.69346e-05
Muller_E	3221459	0.416933	0.583031	3.60346e-05
Muller_E	3222112	0.416844	0.583121	3.56845e-05
Muller_E	3223012	0.416721	0.583244	3.51987e-05
Muller_E	3223549	0.416648	0.583318	3.4907e-05
Muller_E	3224815	0.416475	0.583491	3.4214e-05
Muller_E	3226800	0.416204	0.583763	3.31123e-05
Muller_E	3229718	0.415806	0.584163	3.14593e-05
Muller_E	3240322	0.414358	0.585617	2.5115e-05
Muller_E	3240918	0.414277	0.585699	2.47427e-05
Muller_E	3241273	0.414228	0.585747	2.45202e-05
Muller_E	3247835	0.413333	0.586647	2.02994e-05
Muller_E	3251442	0.41284	0.587142	1.78927e-05
Muller_E	3252203	0.412736	0.587246	1.7377e-05
Muller_E	3254014	0.412489	0.587495	1.61389e-05
Muller_E	3254518	0.41242	0.587564	1.57916e-05
Muller_E	3255141	0.412335	0.58765	1.53606e-05
Muller_E	3255365	0.56824	0.431758	1.38609e-06
Muller_E	3259142	0.411302	0.588681	1.63066e-05
Muller_E	3259935	0.411092	0.588891	1.65296e-05
Muller_E	3262497	0.410412	0.58957	1.72301e-05
Muller_E	3263708	0.410091	0.589891	1.75507e-05
Muller_E	3264644	0.409843	0.590139	1.77939e-05
Muller_E	3266132	0.409448	0.590534	1.81721e-05
Muller_E	3266579	0.409329	0.590652	1.82838e-05
Muller_E	3266806	0.409269	0.590713	1.83401e-05
Muller_E	3269029	0.408679	0.591302	1.88793e-05
Muller_E	3271700	0.407971	0.59201	1.94969e-05
Muller_E	3271881	0.407923	0.592058	1.95375e-05
Muller_E	3273894	0.407389	0.592591	1.99795e-05
Muller_E	3275081	0.407074	0.592906	2.02313e-05
Muller_E	3275989	0.406833	0.593147	2.04194e-05
Muller_E	3278049	0.406286	0.593693	2.08322e-05
Muller_E	3280894	0.405531	0.594447	2.13697e-05
Muller_E	3282107	0.405209	0.594769	2.15875e-05
Muller_E	3282973	0.40498	0.594999	2.17387e-05
Muller_E	3284532	0.404566	0.595412	2.20022e-05
Muller_E	3291321	0.402765	0.597212	2.30168e-05
Muller_E	3291878	0.555214	0.444784	2.54344e-06
Muller_E	3293351	0.401886	0.598088	2.61416e-05
Muller_E	3293759	0.401683	0.59829	2.69855e-05
Muller_E	3304917	0.396147	0.603803	4.98639e-05
Muller_E	3306663	0.39528	0.604666	5.34084e-05
Muller_E	3306880	0.395173	0.604773	5.38483e-05
Muller_E	3310127	0.393562	0.606378	6.0412e-05
Muller_E	3312301	0.392483	0.607452	6.47879e-05
Muller_E	3312718	0.392276	0.607658	6.56255e-05
Muller_E	3318766	0.389275	0.610647	7.7711e-05
Muller_E	3323588	0.386882	0.61303	8.72616e-05
Muller_E	3324201	0.386578	0.613333	8.84702e-05
Muller_E	3324656	0.386352	0.613558	8.93666e-05
Muller_E	3325091	0.386137	0.613773	9.02229e-05
Muller_E	3326084	0.385644	0.614264	9.21753e-05
Muller_E	3326190	0.385591	0.614316	9.23835e-05
Muller_E	3330218	0.383593	0.616307	0.000100269
Muller_E	3334866	0.381286	0.618604	0.0001093
Muller_E	3337545	0.379957	0.619929	0.000114473
Muller_E	3340268	0.378606	0.621274	0.000119707
Muller_E	3340480	0.378501	0.621379	0.000120113
Muller_E	3410593	0.343709	0.656045	0.000245843
Muller_E	3431230	0.333468	0.666252	0.000279387
Muller_E	3437416	0.330398	0.669313	0.000289119
Muller_E	3456916	0.320721	0.678961	0.0003188
Muller_E	3457694	0.320334	0.679346	0.000319952
Muller_E	3459001	0.319686	0.679992	0.000321882
Muller_E	3462300	0.318048	0.681625	0.000326723
Muller_E	3464519	0.316947	0.682723	0.000329954
Muller_E	3464673	0.316871	0.682799	0.000330178
Muller_E	3477602	0.310454	0.689198	0.00034859
Muller_E	3525631	0.286613	0.712976	0.000410738
Muller_E	3546828	0.27609	0.723475	0.000434914
Muller_E	3557059	0.27101	0.728544	0.000445844
Muller_E	3566467	0.266339	0.733206	0.000455463
Muller_E	3572057	0.263563	0.735976	0.00046098
Muller_E	3572168	0.263508	0.736031	0.000461088
Muller_E	3579272	0.259981	0.739551	0.000467881
Muller_E	3579502	0.259867	0.739665	0.000468097
Muller_E	3582419	0.258418	0.741111	0.000470813
Muller_E	3590131	0.254588	0.744934	0.000477794
Muller_E	3605233	0.247089	0.752421	0.000490624
Muller_E	3610748	0.24435	0.755155	0.000495028
Muller_E	3611776	0.243839	0.755665	0.000495832
Muller_E	3615071	0.242203	0.757299	0.000498374
Muller_E	3617701	0.240896	0.758603	0.000500363
Muller_E	3617818	0.240838	0.758661	0.000500451
Muller_E	3617948	0.240774	0.758726	0.000500548
Muller_E	3623404	0.238064	0.761432	0.000504557
Muller_E	3630035	0.23477	0.764721	0.000509227
Muller_E	3631532	0.234027	0.765463	0.00051025
Muller_E	3634067	0.232767	0.766721	0.000511956
Muller_E	3642157	0.228749	0.770734	0.00051718
Muller_E	3643438	0.228113	0.771369	0.000517976
Muller_E	3645674	0.227002	0.772479	0.000519345
Muller_E	3652519	0.223601	0.775875	0.000523374
Muller_E	3655257	0.222241	0.777234	0.000524917
Muller_E	3657953	0.220902	0.778572	0.000526397
Muller_E	3660200	0.219785	0.779687	0.000527602
Muller_E	3665461	0.217172	0.782298	0.000530318
Muller_E	3670065	0.214884	0.784583	0.000532574
Muller_E	3757777	0.17129	0.828157	0.000553186
Muller_E	3766114	0.167145	0.832303	0.000552852
Muller_E	3770199	0.165113	0.834334	0.000552538
Muller_E	3771242	0.164595	0.834853	0.000552442
Muller_E	3775369	0.162542	0.836906	0.000551999
Muller_E	3781958	0.159266	0.840183	0.000551078
Muller_E	3788305	0.156109	0.843341	0.000549944
Muller_E	3788531	0.155997	0.843453	0.0005499
Muller_E	3788717	0.155904	0.843546	0.000549862
Muller_E	3791492	0.154524	0.844927	0.000549283
Muller_E	3791929	0.154307	0.845144	0.000549187
Muller_E	3794089	0.153232	0.846219	0.000548698
Muller_E	3798034	0.15127	0.848182	0.000547731
Muller_E	3805877	0.147369	0.852085	0.000545525
Muller_E	3808116	0.146255	0.8532	0.000544825
Muller_E	3837593	0.13159	0.867877	0.000532697
Muller_E	3889492	0.105758	0.893744	0.000497801
Muller_E	3892070	0.104474	0.89503	0.000495605
Muller_E	3892768	0.104127	0.895378	0.000495003
Muller_E	3893846	0.10359	0.895916	0.000494067
Muller_E	3895236	0.102898	0.896609	0.000492848
Muller_E	3896701	0.102169	0.89734	0.000491549
Muller_E	3964144	0.068573	0.931011	0.000415821
Muller_E	3964249	0.0685207	0.931064	0.000415678
Muller_E	3964701	0.0682954	0.93129	0.000415063
Muller_E	3965335	0.0679795	0.931606	0.000414197
Muller_E	3965537	0.0678788	0.931707	0.000413921
Muller_E	3971184	0.0144069	0.984827	0.000765949
Muller_E	4005791	0.0615139	0.938203	0.000283544
Muller_E	4007537	0.0613345	0.938388	0.000277123
Muller_E	4008073	0.0612795	0.938445	0.000275147
Muller_E	4008732	0.0612118	0.938516	0.000272714
Muller_E	4009275	0.061156	0.938573	0.000270708
Muller_E	4009794	0.0611027	0.938629	0.000268788
Muller_E	4010462	0.061034	0.9387	0.000266313
Muller_E	4011246	0.0609535	0.938783	0.000263405
Muller_E	4011350	0.0609428	0.938794	0.000263019
Muller_E	4011743	0.0609024	0.938836	0.000261559
Muller_E	4012926	0.0607808	0.938962	0.000257158
Muller_E	4015010	0.0605666	0.939184	0.000249378
Muller_E	4015956	0.108743	0.891232	2.44271e-05
Muller_E	4016731	0.0603161	0.939437	0.000247248
Muller_E	4017133	0.0602366	0.939515	0.000247979
Muller_E	4017640	0.0601363	0.939615	0.000248899
Muller_E	4021078	0.0594561	0.940289	0.000255089
Muller_E	4021876	0.0592982	0.940445	0.000256513
Muller_E	4022513	0.0591722	0.94057	0.000257647
Muller_E	4022928	0.0590901	0.940652	0.000258385
Muller_E	4024532	0.0587727	0.940966	0.000261223
Muller_E	4024639	0.0587515	0.940987	0.000261411
Muller_E	4025270	0.0586267	0.941111	0.000262522
Muller_E	4027169	0.0582509	0.941483	0.000265848
Muller_E	4027437	0.0581979	0.941536	0.000266316
Muller_E	4027764	0.0581332	0.9416	0.000266885
Muller_E	4029270	0.0578351	0.941895	0.000269498
Muller_E	4032202	0.0572549	0.942471	0.000274538
Muller_E	4032327	0.0572301	0.942495	0.000274752
Muller_E	4033521	0.0569938	0.942729	0.000276786
Muller_E	4033797	0.0569392	0.942784	0.000277255
Muller_E	4036360	0.0564318	0.943287	0.000281581
Muller_E	4037138	0.0562778	0.943439	0.000282885
Muller_E	4037610	0.0561844	0.943532	0.000283674
Muller_E	4040496	0.0556131	0.944098	0.000288463
Muller_E	4040949	0.0555234	0.944187	0.000289209
Muller_E	4045900	0.0545431	0.94516	0.00029727
Muller_E	4046078	0.0545079	0.945195	0.000297556
Muller_E	4046843	0.0543564	0.945345	0.000298785
Muller_E	4047581	0.0542102	0.94549	0.000299966
Muller_E	4048275	0.0540728	0.945626	0.000301074
Muller_E	4048700	0.0539886	0.94571	0.00030175
Muller_E	4053592	0.0923442	0.907601	5.43898e-05
Muller_E	4056223	0.0520697	0.947591	0.00033952
Muller_E	4056545	0.0519534	0.947703	0.000343199
Muller_E	4056951	0.0518068	0.947845	0.000347838
Muller_E	4057601	0.0515721	0.948073	0.000355264
Muller_E	4057720	0.0515291	0.948114	0.000356623
Muller_E	4058043	0.0514124	0.948227	0.000360313
Muller_E	4058149	0.0513742	0.948264	0.000361524
Muller_E	4058704	0.0511737	0.948458	0.000367862
Muller_E	4059417	0.0509163	0.948708	0.000376003
Muller_E	4059965	0.0507184	0.948899	0.000382259
Muller_E	4061381	0.050207	0.949395	0.00039842
Muller_E	4061745	0.0500755	0.949522	0.000402574
Muller_E	4062020	0.0499762	0.949618	0.000405711
Muller_E	4062507	0.0498004	0.949788	0.000411267
Muller_E	4062941	0.0496436	0.94994	0.000416217
Muller_E	4064035	0.0492485	0.950323	0.000428693
Muller_E	4064680	0.0490156	0.950548	0.000436047
Muller_E	4064829	0.0489618	0.9506	0.000437745
Muller_E	4065474	0.0487288	0.950826	0.000445097
Muller_E	4065574	0.0486927	0.950861	0.000446237
Muller_E	4066028	0.0485288	0.95102	0.000451411
Muller_E	4067541	0.0479824	0.951549	0.000468648
Muller_E	4067967	0.0478285	0.951698	0.0004735
Muller_E	4068535	0.0476234	0.951897	0.000479969
Muller_E	4069245	0.0473669	0.952145	0.000488053
Muller_E	4070105	0.0470563	0.952446	0.000497842
Muller_E	4071088	0.0467013	0.95279	0.000509029
Muller_E	4071641	0.0465016	0.952983	0.000515321
Muller_E	4072126	0.0463264	0.953153	0.000520838
Muller_E	4072768	0.0460946	0.953377	0.000528141
Muller_E	4072973	0.0460205	0.953449	0.000530472
Muller_E	4073359	0.0458811	0.953584	0.000534861
Muller_E	4075135	0.0452397	0.954205	0.000555051
Muller_E	4075254	0.0451967	0.954247	0.000556404
Muller_E	4076053	0.0449081	0.954526	0.000565483
Muller_E	4077160	0.0445083	0.954914	0.000578059
Muller_E	4078165	0.0441453	0.955265	0.000589472
Muller_E	4078690	0.0439557	0.955449	0.000595433
Muller_E	4078900	0.0438798	0.955522	0.000597817
Muller_E	4079010	0.0438401	0.955561	0.000599066
Muller_E	4079297	0.0437364	0.955661	0.000602324
Muller_E	4081728	0.0428584	0.956512	0.000629909
Muller_E	4082079	0.0427316	0.956635	0.00063389
Muller_E	4083988	0.0420421	0.957302	0.000655535
Muller_E	4085715	0.0414183	0.957907	0.000675107
Muller_E	4089306	0.0401212	0.959163	0.000715769
Muller_E	4089803	0.0399416	0.959337	0.000721393
Muller_E	4092778	0.038867	0.960378	0.000755042
Muller_E	4092894	0.0388251	0.960419	0.000756354
Muller_E	4098915	0.0366501	0.962526	0.000824359
Muller_E	4109650	0.0327719	0.966283	0.000945298
Muller_E	4113217	0.0314832	0.967531	0.000985395
Muller_E	4113538	0.0313672	0.967644	0.000989001
Muller_E	4114422	0.0310478	0.967953	0.00099893
Muller_E	4114803	0.0309102	0.968087	0.00100321
Muller_E	4115118	0.0307964	0.968197	0.00100675
Muller_E	4116856	0.0301684	0.968805	0.00102625
Muller_E	4117074	0.0300897	0.968882	0.0010287
Muller_E	4117473	0.0299455	0.969021	0.00103318
Muller_E	4118970	0.0294046	0.969545	0.00104997
Muller_E	4121851	0.0283637	0.970554	0.00108226
Muller_E	4122071	0.0282842	0.970631	0.00108473
Muller_E	4122393	0.0281678	0.970744	0.00108834
Muller_E	4122818	0.0280143	0.970893	0.0010931
Muller_E	4124318	0.0274723	0.971418	0.00110989
Muller_E	4124418	0.0274361	0.971453	0.00111101
Muller_E	4126492	0.0266867	0.972179	0.00113423
Muller_E	4127527	0.0263127	0.972541	0.0011458
Muller_E	4127720	0.026243	0.972609	0.00114796
Muller_E	4128101	0.0261053	0.972742	0.00115222
Muller_E	4128234	0.0260573	0.972789	0.00115371
Muller_E	4130334	0.0252985	0.973524	0.00117718
Muller_E	4132221	0.0246166	0.974185	0.00119826
Muller_E	4134741	0.0237059	0.975068	0.00122639
Muller_E	4134982	0.0236189	0.975152	0.00122908
Muller_E	4136547	0.0230533	0.9757	0.00124654
Muller_E	4140224	0.0217245	0.976988	0.00128752
Muller_E	4140902	0.0214795	0.977225	0.00129507
Muller_E	4141485	0.0212688	0.97743	0.00130156
Muller_E	4143836	0.0204192	0.978253	0.00132773
Muller_E	4144350	0.0202334	0.978433	0.00133345
Muller_E	4144848	0.0200535	0.978608	0.00133899
Muller_E	4150850	0.0178843	0.98071	0.00140567
Muller_E	4151927	0.017495	0.981087	0.00141763
Muller_E	4154621	0.0165213	0.982031	0.00144751
Muller_E	4159745	0.0146693	0.983826	0.00150426
Muller_E	4159958	0.0145923	0.983901	0.00150662
Muller_E	4160923	0.0142435	0.984239	0.0015173
Muller_E	4161787	0.0139312	0.984542	0.00152685
Muller_E	4162162	0.0137956	0.984673	0.001531
Muller_E	4163984	0.0131371	0.985312	0.00155114
Muller_E	4164218	0.0130525	0.985394	0.00155373
Muller_E	4164859	0.0128208	0.985618	0.00156081
Muller_E	4165033	0.0127579	0.985679	0.00156273
Muller_E	4165157	0.0127131	0.985723	0.0015641
Muller_E	4165383	0.0126314	0.985802	0.0015666
Muller_E	4165808	0.0124777	0.985951	0.00157129
Muller_E	4165958	0.0124235	0.986004	0.00157295
Muller_E	4166062	0.0123859	0.98604	0.0015741
Muller_E	4166243	0.0123205	0.986103	0.0015761
Muller_E	4166628	0.00408608	0.993261	0.0026531
Muller_E	4168755	0.011926	0.986481	0.00159319
Muller_E	4172546	0.0114708	0.986913	0.00161599
Muller_E	4172827	0.0114371	0.986945	0.00161767
Muller_E	4173860	0.011313	0.987063	0.00162386
Muller_E	4176100	0.011044	0.987319	0.00163727
Muller_E	4176326	0.0110169	0.987345	0.00163862
Muller_E	4176826	0.0109568	0.987402	0.0016416
Muller_E	4177022	0.0109333	0.987424	0.00164277
Muller_E	4178339	0.0203209	0.979518	0.000161374
Muller_E	4178608	0.0107135	0.987617	0.00166947
Muller_E	4179326	0.0105492	0.987731	0.00171977
Muller_E	4180712	0.0102319	0.987951	0.00181688
Muller_E	4180966	0.0101738	0.987992	0.00183467
Muller_E	4184926	0.00926756	0.98862	0.00211222
Muller_E	4185178	0.00920989	0.98866	0.00212988
Muller_E	4185319	0.00917763	0.988683	0.00213977
Muller_E	4185532	0.0018902	0.994223	0.00388725
Muller_E	4187632	0.00903148	0.988732	0.00223643
Muller_E	4188227	0.00900388	0.988737	0.00225958
Muller_E	4188670	0.00898333	0.98874	0.00227682
Muller_E	4192621	0.00879997	0.98877	0.00243049
Muller_E	4193546	0.00875703	0.988777	0.00246645
Muller_E	4194407	0.00871706	0.988783	0.00249992
Muller_E	4195783	0.00865316	0.988793	0.0025534
Muller_E	4196010	0.00864262	0.988795	0.00256222
Muller_E	4197440	0.00857621	0.988806	0.00261779
Muller_E	4198223	0.00853984	0.988812	0.00264821
Muller_E	4199021	0.00850276	0.988818	0.00267921
Muller_E	4199203	0.00849431	0.988819	0.00268628
Muller_E	4199424	0.00848404	0.988821	0.00269486
Muller_E	4199639	0.00847405	0.988823	0.00270321
Muller_E	4199983	0.00845807	0.988825	0.00271657
Muller_E	4203293	0.00830424	0.988851	0.00284509
Muller_E	4205814	0.00818703	0.98887	0.00294293
Muller_E	4206134	0.00817215	0.988873	0.00295534
Muller_E	4207588	0.00810453	0.988884	0.00301175
Muller_E	4210680	0.00796069	0.988908	0.00313166
Muller_E	4210928	0.00794915	0.98891	0.00314128
Muller_E	4211312	0.00793129	0.988913	0.00315616
Muller_E	4211755	0.00249645	0.992138	0.0053659
Muller_E	4213444	0.00788918	0.988899	0.00321157
Muller_E	4216650	0.00784834	0.988868	0.00328409
Muller_E	4217058	0.00784313	0.988864	0.00329331
Muller_E	4217453	0.00783809	0.98886	0.00330224
Muller_E	4217565	0.00783666	0.988859	0.00330477
Muller_E	4217669	0.00783534	0.988858	0.00330712
Muller_E	4217825	0.00783335	0.988856	0.00331065
Muller_E	4218923	0.00781933	0.988845	0.00333546
Muller_E	4225215	0.00773883	0.988784	0.00347744
Muller_E	4232774	0.00764172	0.988711	0.00364762
Muller_E	4235298	0.0076092	0.988686	0.00370435
Muller_E	4245993	0.00747086	0.988585	0.00394417
Muller_E	4252835	0.0073819	0.988521	0.00409714
Muller_E	4253725	0.0073703	0.988513	0.00411702
Muller_E	4256197	0.00733806	0.98849	0.00417218
Muller_E	4261234	0.00727221	0.988443	0.00428444
Muller_E	4262892	0.00725049	0.988428	0.00432135
Muller_E	4263238	0.00724596	0.988425	0.00432905
Muller_E	4263588	0.00724137	0.988422	0.00433683
Muller_E	4264621	0.00722782	0.988412	0.00435981
Muller_E	4266950	0.00719725	0.988391	0.00441159
Muller_E	4267529	0.00718965	0.988386	0.00442446
Muller_E	4276223	0.00707513	0.988308	0.00461735
Muller_E	4311688	0.00660202	0.988	0.00539823
Muller_E	4311965	0.00659829	0.987997	0.00540429
Muller_E	4312254	0.00659439	0.987995	0.00541061
Muller_E	4312510	0.00659094	0.987993	0.00541621
Muller_E	4334492	0.00629277	0.987812	0.00589528
Muller_E	4352032	0.00605221	0.987673	0.0062749
Muller_E	4353438	0.00603283	0.987662	0.00630523
Muller_E	4356857	0.00598563	0.987635	0.00637892
Muller_E	4360054	0.00594141	0.987611	0.00644775
Muller_E	4374783	0.00573671	0.987499	0.00676383
Muller_E	4374946	0.00573443	0.987498	0.00676732
Muller_E	4381350	0.00564491	0.987451	0.00690423
Muller_E	4558836	0.00303974	0.986385	0.0105751
Muller_E	4562012	0.00299094	0.98637	0.0106386
Muller_E	4564083	0.00295908	0.986361	0.01068
Muller_E	4564194	0.00295737	0.98636	0.0106822
Muller_E	4568491	0.00289115	0.986341	0.0107679
Muller_E	4569115	0.00288153	0.986338	0.0107804
Muller_E	4569749	0.00287174	0.986335	0.010793
Muller_E	4570340	0.00286262	0.986333	0.0108048
Muller_E	4571890	0.00283868	0.986326	0.0108357
Muller_E	4572624	0.00282733	0.986322	0.0108503
Muller_E	4573491	0.00281393	0.986319	0.0108675
Muller_E	4573809	0.00280901	0.986317	0.0108739
Muller_E	4577361	0.00275402	0.986301	0.0109445
Muller_E	4577462	0.00275246	0.986301	0.0109465
Muller_E	4578308	0.00273935	0.986297	0.0109633
Muller_E	4580664	0.00270281	0.986287	0.0110101
Muller_E	4580954	0.00269831	0.986286	0.0110158
Muller_E	4581769	0.00268565	0.986282	0.011032
Muller_E	4581909	0.00501707	0.993385	0.00159776
Muller_E	4583019	0.00265052	0.986146	0.0112032
Muller_E	4583393	0.00263941	0.986101	0.01126
Muller_E	4583516	0.00263575	0.986086	0.0112786
Muller_E	4584473	0.00260733	0.985969	0.0114238
Muller_E	4589180	0.00246747	0.985395	0.0121379
Muller_E	4590247	0.00243576	0.985264	0.0122998
Muller_E	4591539	0.00239735	0.985107	0.0124958
Muller_E	4593253	0.00234639	0.984898	0.0127558
Muller_E	4593508	0.00233881	0.984867	0.0127945
Muller_E	4593974	0.00232495	0.98481	0.0128652
Muller_E	4595111	0.00229114	0.984671	0.0130377
Muller_E	4595303	0.00228543	0.984648	0.0130668
Muller_E	4597548	0.00221865	0.984374	0.0134073
Muller_E	4597833	0.00221018	0.984339	0.0134506
Muller_E	4600306	0.0021366	0.984038	0.0138257
Muller_E	4607273	0.0019292	0.983189	0.0148823
Muller_E	4607398	0.00192547	0.983173	0.0149012
Muller_E	4610441	0.00183484	0.982802	0.0153627
Muller_E	4611041	0.00181696	0.982729	0.0154537
Muller_E	4611562	0.00180144	0.982666	0.0155327
Muller_E	4611697	0.00179742	0.982649	0.0155531
Muller_E	4612447	0.00177507	0.982558	0.0156669
Muller_E	4612733	0.00176655	0.982523	0.0157102
Muller_E	4612927	0.00176077	0.9825	0.0157397
Muller_E	4613148	0.00175418	0.982473	0.0157732
Muller_E	4614502	0.00171383	0.982308	0.0159785
Muller_E	4615888	0.00167252	0.982139	0.0161886
Muller_E	4616173	0.00166402	0.982104	0.0162318
Muller_E	4616508	0.00165403	0.982063	0.0162826
Muller_E	4616663	0.00164941	0.982044	0.0163061
Muller_E	4618190	0.00160389	0.981858	0.0165377
Muller_E	4619781	0.00155645	0.981665	0.0167789
Muller_E	4622166	0.00148531	0.981374	0.0171404
Muller_E	4626314	0.00136155	0.980869	0.0177693
Muller_E	4626864	0.00134514	0.980802	0.0178526
Muller_E	4627368	0.0013301	0.980741	0.017929
Muller_E	4627488	0.00132651	0.980726	0.0179472
Muller_E	4633961	0.00113325	0.979938	0.0189284
Muller_E	4635834	0.0010773	0.97971	0.0192123
Muller_E	4636452	0.00105883	0.979635	0.0193059
Muller_E	4637295	0.00103365	0.979533	0.0194337
Muller_E	4640891	0.000926182	0.979095	0.0199787
Muller_E	4645727	0.000781593	0.978507	0.0207115
Muller_E	4646376	0.000762183	0.978428	0.0208098
Muller_E	4646798	0.000229998	0.964998	0.0347717
Muller_E	4653320	0.000690598	0.977855	0.0214549
Muller_E	4656520	0.000661558	0.977599	0.0217399
Muller_E	4672665	0.000513944	0.976309	0.0231768
Muller_E	4674140	0.000500367	0.976192	0.023308
Muller_E	4675745	0.000485575	0.976064	0.0234507
Muller_E	4676485	0.000478749	0.976005	0.0235165
Muller_E	4677110	0.000472981	0.975955	0.0235721
Muller_E	4677655	0.00090041	0.99632	0.00277924
Muller_E	4678986	0.000444434	0.974896	0.0246592
Muller_E	4680223	0.00042259	0.973953	0.0256245
Muller_E	4682403	0.000384118	0.97229	0.0273256
Muller_E	4682621	0.000380272	0.972124	0.0274957
Muller_E	4684270	0.000351193	0.970866	0.0287826
Muller_E	4685491	0.000329673	0.969935	0.0297354
Muller_E	4686019	0.00032037	0.969532	0.0301474
Muller_E	4687101	0.000301311	0.968707	0.0309918
Muller_E	4689628	0.000256828	0.966779	0.0329639
Muller_E	4690052	0.000249368	0.966456	0.0332948
Muller_E	4690344	0.000244232	0.966233	0.0335227
Muller_E	4690905	0.000234365	0.965805	0.0339605
Muller_E	4691125	0.000230496	0.965637	0.0341322
Muller_E	4691712	3.31622e-05	0.937949	0.0620181
Muller_E	4691999	0.00021948	0.965069	0.0347116
Muller_E	4692111	0.000219209	0.965022	0.034759
Muller_E	4693234	0.000216487	0.96455	0.0352337
Muller_E	4693620	0.000215549	0.964388	0.0353969
Muller_E	4693753	0.000215226	0.964332	0.0354531
Muller_E	4694021	0.000214574	0.964219	0.0355664
Muller_E	4694592	0.000213184	0.963979	0.0358078
Muller_E	4696429	0.000208697	0.963207	0.0365844
Muller_E	4696792	0.000207807	0.963054	0.0367378
Muller_E	4699402	0.000201387	0.961957	0.0378412
Muller_E	4700957	0.000197541	0.961304	0.0384985
Muller_E	4702606	0.000193445	0.960611	0.0391955
Muller_E	4708142	0.000179563	0.958285	0.0415355
Muller_E	4712097	0.000169523	0.956623	0.043207
Muller_E	4713898	0.000164917	0.955867	0.0439682
Muller_E	4714194	0.000164158	0.955743	0.0440933
Muller_E	4717094	0.000156692	0.954524	0.0453189
Muller_E	4717794	0.000154882	0.95423	0.0456147
Muller_E	4720564	0.000147687	0.953067	0.0467853
Muller_E	4722390	0.000142917	0.9523	0.0475569
Muller_E	4727534	0.000129363	0.95014	0.0497306
Muller_E	4730688	0.000120968	0.948816	0.0510633
Muller_E	4731377	0.000119126	0.948527	0.0513544
Muller_E	4732944	0.000114925	0.947869	0.0520165
Muller_E	4738342	0.000100332	0.945603	0.0542971
Muller_E	4739398	9.74551e-05	0.945159	0.0547432
Muller_E	4742492	8.8986e-05	0.943861	0.0560503
Muller_E	4745718	8.00908e-05	0.942507	0.0574131
Muller_E	4746457	7.80438e-05	0.942197	0.0577253
Muller_E	4748015	7.37169e-05	0.941543	0.0583834
Muller_E	4748352	7.2779e-05	0.941401	0.0585258
Muller_E	4748630	7.20047e-05	0.941285	0.0586432
Muller_E	4751071	6.51851e-05	0.94026	0.0596743
Muller_E	4751685	6.34638e-05	0.940003	0.0599337
Muller_E	4751817	6.30935e-05	0.939947	0.0599895
Muller_E	4752607	6.08746e-05	0.939616	0.0603231
Muller_E	4752773	6.04079e-05	0.939546	0.0603933
Muller_E	4753826	9.67043e-06	0.894354	0.105636
Muller_E	4754671	5.73689e-05	0.938909	0.0610332
Muller_E	4756619	5.71775e-05	0.93846	0.0614831
Muller_E	4759191	5.68813e-05	0.937866	0.0620771
Muller_E	4761262	5.66069e-05	0.937388	0.0625554
Muller_E	4761866	5.65208e-05	0.937249	0.0626948
Muller_E	4761985	5.65036e-05	0.937221	0.0627223
Muller_E	4763545	5.62674e-05	0.936861	0.0630825
Muller_E	4764509	5.61123e-05	0.936639	0.0633051
Muller_E	4765595	5.59294e-05	0.936388	0.0635559
Muller_E	4766291	5.58075e-05	0.936228	0.0637166
Muller_E	4766501	5.57701e-05	0.936179	0.0637651
Muller_E	4767354	5.56145e-05	0.935982	0.063962
Muller_E	4769627	5.51734e-05	0.935458	0.0644868
Muller_E	4769950	5.51076e-05	0.935384	0.0645613
Muller_E	4772288	5.46082e-05	0.934844	0.0651011
Muller_E	4773763	5.42723e-05	0.934504	0.0654416
Muller_E	4773963	5.42255e-05	0.934458	0.0654877
Muller_E	4774375	5.41282e-05	0.934363	0.0655828
Muller_E	4774957	5.39886e-05	0.934229	0.0657172
Muller_E	4775479	5.38612e-05	0.934108	0.0658377
Muller_E	4776619	5.3576e-05	0.933846	0.0661008
Muller_E	4779373	5.28473e-05	0.933211	0.0667364
Muller_E	4781913	5.21254e-05	0.932625	0.0673226
Muller_E	4782620	5.19159e-05	0.932462	0.0674858
Muller_E	4783326	5.17031e-05	0.9323	0.0676487
Muller_E	4786044	5.08493e-05	0.931673	0.0682759
Muller_E	4786690	5.06384e-05	0.931524	0.068425
Muller_E	4789453	4.97013e-05	0.930888	0.0690625
Muller_E	4790377	4.93754e-05	0.930675	0.0692757
Muller_E	4792360	4.86547e-05	0.930218	0.0697332
Muller_E	4792549	4.85845e-05	0.930175	0.0697768
Muller_E	4792702	4.85274e-05	0.930139	0.0698121
Muller_E	4822723	3.40126e-05	0.923231	0.0767351
Muller_E	4832155	2.80932e-05	0.921063	0.0789089
