chrom	position	2,0	1,1	0,2
Muller_E	62882	0.439934	0.516859	0.0432061
Muller_E	267432	0.434496	0.531456	0.0340483
Muller_E	441230	0.429911	0.543891	0.0261977
Muller_E	511157	0.428075	0.548906	0.0230193
Muller_E	557879	0.426851	0.55226	0.0208891
Muller_E	581000	0.426245	0.553922	0.019833
Muller_E	709108	0.422898	0.563146	0.0139562
Muller_E	768129	0.42136	0.567406	0.011234
Muller_E	785241	0.420914	0.568643	0.010443
Muller_E	787322	0.42086	0.568793	0.0103468
Muller_E	787424	0.420857	0.568801	0.0103421
Muller_E	788173	0.420838	0.568855	0.0103074
Muller_E	788750	0.420823	0.568896	0.0102807
Muller_E	788860	0.42082	0.568904	0.0102756
Muller_E	791823	0.420743	0.569119	0.0101385
Muller_E	802257	0.420471	0.569873	0.00965564
Muller_E	893794	0.576538	0.422984	0.000478068
Muller_E	894300	0.418052	0.576544	0.00540418
Muller_E	896281	0.417899	0.576703	0.00539741
Muller_E	897287	0.417822	0.576784	0.00539397
Muller_E	897987	0.417768	0.57684	0.00539157
Muller_E	901015	0.417535	0.577084	0.00538118
Muller_E	901718	0.417481	0.57714	0.00537876
Muller_E	923408	0.415812	0.578884	0.00530313
Muller_E	923675	0.415792	0.578906	0.00530219
Muller_E	924320	0.415742	0.578958	0.00529991
Muller_E	927795	0.415475	0.579238	0.0052876
Muller_E	948021	0.413918	0.580867	0.00521492
Muller_E	948230	0.413902	0.580884	0.00521416
Muller_E	958531	0.413109	0.581714	0.00517647
Muller_E	967701	0.412403	0.582454	0.00514254
Muller_E	969142	0.412292	0.58257	0.00513717
Muller_E	1033237	0.407356	0.587755	0.0048896
Muller_E	1120573	0.400622	0.594854	0.00452366
Muller_E	1123171	0.400422	0.595066	0.00451227
Muller_E	1146845	0.398595	0.596998	0.00440704
Muller_E	1148492	0.398468	0.597133	0.00439963
Muller_E	1168315	0.396937	0.598753	0.00430946
Muller_E	1213395	0.393455	0.602447	0.00409789
Muller_E	1262309	0.389674	0.606468	0.00385797
Muller_E	1275111	0.388684	0.607522	0.00379338
Muller_E	1275707	0.388638	0.607572	0.00379036
Muller_E	1314313	0.385651	0.610759	0.00359095
Muller_E	1318297	0.385342	0.611088	0.00356998
Muller_E	1358440	0.382233	0.614412	0.0033546
Muller_E	1358616	0.382219	0.614427	0.00335364
Muller_E	1378824	0.380653	0.616104	0.00324238
Muller_E	1480336	0.372776	0.62457	0.00265439
Muller_E	1489232	0.372085	0.625315	0.00260053
Muller_E	1645912	0.359887	0.638524	0.00158908
Muller_E	1673398	0.357742	0.640858	0.00139921
Muller_E	1718642	0.354208	0.644713	0.00107845
Muller_E	1746815	0.352006	0.647121	0.000873512
Muller_E	1763447	0.350704	0.648545	0.000750639
Muller_E	1765039	0.35058	0.648682	0.000738804
Muller_E	1765159	0.35057	0.648692	0.000737911
Muller_E	1765369	0.350554	0.64871	0.000736349
Muller_E	1771226	0.350095	0.649212	0.000692686
Muller_E	1799036	0.347918	0.651599	0.00048298
Muller_E	1802542	0.347643	0.651901	0.000456261
Muller_E	1802678	0.347632	0.651912	0.000455224
Muller_E	1803039	0.347604	0.651943	0.000452469
Muller_E	1803347	0.34758	0.65197	0.000450118
Muller_E	1805518	0.34741	0.652157	0.000433532
Muller_E	1812938	0.346828	0.652795	0.000376664
Muller_E	1813040	0.34682	0.652804	0.000375881
Muller_E	1815234	0.346648	0.652993	0.00035901
Muller_E	1815907	0.501042	0.498928	2.91494e-05
Muller_E	1816383	0.346518	0.653128	0.000353957
Muller_E	1831501	0.344063	0.65558	0.000357383
Muller_E	1850978	0.340899	0.658741	0.000360104
Muller_E	1851905	0.340748	0.658891	0.000360186
Muller_E	1852166	0.340706	0.658934	0.000360208
Muller_E	1857635	0.339817	0.659822	0.000360594
Muller_E	1861157	0.339245	0.660394	0.000360762
Muller_E	1861336	0.339216	0.660423	0.000360769
Muller_E	1861880	0.339128	0.660512	0.000360789
Muller_E	1866595	0.338361	0.661278	0.000360899
Muller_E	1870209	0.337774	0.661865	0.000360906
Muller_E	1871973	0.337487	0.662152	0.000360885
Muller_E	1880064	0.336172	0.663467	0.000360587
Muller_E	1889333	0.334666	0.664975	0.000359833
Muller_E	1891195	0.334363	0.665278	0.000359628
Muller_E	1894320	0.333855	0.665786	0.000359245
Muller_E	1900363	0.332872	0.666769	0.00035836
Muller_E	1904375	0.33222	0.667422	0.000357669
Muller_E	1915469	0.330416	0.669229	0.000355324
Muller_E	1927060	0.328531	0.671117	0.000352192
Muller_E	1932459	0.327652	0.671997	0.000350494
Muller_E	1944351	0.325718	0.673936	0.000346217
Muller_E	1946702	0.325335	0.674319	0.000345283
Muller_E	1961660	0.322901	0.67676	0.000338664
Muller_E	1975567	0.320638	0.679031	0.00033145
Muller_E	2011856	0.314728	0.684964	0.000307775
Muller_E	2013122	0.314522	0.685171	0.000306822
Muller_E	2044597	0.309394	0.690326	0.000280337
Muller_E	2048236	0.308801	0.690923	0.000276928
Muller_E	2048434	0.308768	0.690955	0.00027674
Muller_E	2086567	0.302551	0.697213	0.000236614
Muller_E	2103366	0.29981	0.699973	0.000216391
Muller_E	2117584	0.29749	0.702312	0.000198049
Muller_E	2126123	0.441118	0.558864	1.83766e-05
Muller_E	2135792	0.29307	0.706721	0.000208725
Muller_E	2140907	0.291469	0.70831	0.000220314
Muller_E	2141169	0.291387	0.708392	0.000220905
Muller_E	2142715	0.290904	0.708872	0.000224382
Muller_E	2145389	0.290067	0.709703	0.00023037
Muller_E	2146953	0.289577	0.710189	0.000233857
Muller_E	2147057	0.289545	0.710221	0.000234088
Muller_E	2201852	0.27239	0.727261	0.000348963
Muller_E	2204792	0.27147	0.728175	0.000354721
Muller_E	2219543	0.26685	0.732767	0.000382974
Muller_E	2220290	0.266617	0.732999	0.000384376
Muller_E	2241628	0.259933	0.739643	0.000423272
Muller_E	2243471	0.259356	0.740217	0.000426525
Muller_E	2531559	0.168968	0.830321	0.00071106
Muller_E	2693610	0.117962	0.881384	0.000654615
Muller_E	2696554	0.117034	0.882314	0.000652008
Muller_E	2706179	0.114	0.885357	0.000643077
Muller_E	2713009	0.111846	0.887518	0.000636359
Muller_E	2716202	0.110839	0.888528	0.00063311
Muller_E	2721440	0.109188	0.890185	0.00062763
Muller_E	2735475	0.104761	0.894627	0.000612022
Muller_E	2763120	0.0960382	0.903385	0.000577306
Muller_E	2777976	0.0913488	0.908095	0.000556451
Muller_E	2779619	0.09083	0.908616	0.000554049
Muller_E	2787347	0.08839	0.911067	0.000542497
Muller_E	2788916	0.0878946	0.911565	0.0005401
Muller_E	2795398	0.0858476	0.913622	0.000530013
Muller_E	2798296	0.0849323	0.914542	0.000525406
Muller_E	2799305	0.0846137	0.914863	0.000523788
Muller_E	2800245	0.0843168	0.915161	0.000522274
Muller_E	2800507	0.084234	0.915244	0.000521851
Muller_E	2800780	0.0841478	0.915331	0.00052141
Muller_E	2800932	0.0840998	0.915379	0.000521164
Muller_E	2801158	0.0840284	0.915451	0.000520798
Muller_E	2805736	0.0825824	0.916904	0.000513306
Muller_E	2807233	0.0821095	0.91738	0.000510823
Muller_E	2807795	0.0819319	0.917558	0.000509887
Muller_E	2808363	0.0817525	0.917739	0.000508939
Muller_E	2809031	0.0815415	0.917951	0.000507821
Muller_E	2809272	0.0814654	0.918027	0.000507416
Muller_E	2809909	0.0812641	0.91823	0.000506346
Muller_E	2811470	0.080771	0.918725	0.00050371
Muller_E	2811776	0.0806743	0.918823	0.000503191
Muller_E	2812117	0.0805666	0.918931	0.000502613
Muller_E	2815676	0.0794422	0.920061	0.000496522
Muller_E	2816259	0.079258	0.920247	0.000495515
Muller_E	2817070	0.0790017	0.920504	0.000494111
Muller_E	2817616	0.0788292	0.920678	0.000493163
Muller_E	2819402	0.0782649	0.921245	0.000490047
Muller_E	2820166	0.0780235	0.921488	0.000488708
Muller_E	2820386	0.077954	0.921558	0.000488321
Muller_E	2820775	0.0778311	0.921681	0.000487636
Muller_E	2821135	0.0777173	0.921796	0.000487002
Muller_E	2821440	0.0776209	0.921893	0.000486464
Muller_E	2826939	0.0758832	0.92364	0.000476645
Muller_E	2831172	0.0745455	0.924986	0.000468938
Muller_E	2831515	0.0744371	0.925095	0.000468308
Muller_E	2832336	0.0741776	0.925356	0.000466796
Muller_E	2833070	0.0739456	0.925589	0.00046544
Muller_E	2850717	0.068367	0.931201	0.000431664
Muller_E	2853215	0.0675772	0.931996	0.000426699
Muller_E	2856496	0.0665397	0.93304	0.000420108
Muller_E	2856945	0.0663977	0.933183	0.0004192
Muller_E	2857481	0.0662282	0.933354	0.000418114
Muller_E	2858163	0.0660125	0.933571	0.000416729
Muller_E	2859754	0.0655094	0.934077	0.000413485
Muller_E	2859987	0.0654357	0.934151	0.000413009
Muller_E	2862604	0.0646081	0.934984	0.000407628
Muller_E	2866488	0.0633797	0.936221	0.000399549
Muller_E	2867267	0.0631333	0.936469	0.000397915
Muller_E	2868557	0.0627253	0.93688	0.0003952
Muller_E	2870085	0.062242	0.937366	0.000391967
Muller_E	2870623	0.0620718	0.937537	0.000390825
Muller_E	2876155	0.0603218	0.939299	0.000378957
Muller_E	2877151	0.0600067	0.939616	0.000376796
Muller_E	2886067	0.0571858	0.942457	0.000357122
Muller_E	2886534	0.057038	0.942606	0.000356076
Muller_E	2887599	0.056701	0.942945	0.000353682
Muller_E	2887882	0.0566114	0.943036	0.000353045
Muller_E	2888492	0.0564184	0.94323	0.000351669
Muller_E	2888607	0.056382	0.943267	0.000351409
Muller_E	2890000	0.0559412	0.943711	0.000348256
Muller_E	2890387	0.0558188	0.943834	0.000347377
Muller_E	2890907	0.0556542	0.944	0.000346195
Muller_E	2894764	0.0544336	0.945229	0.000337361
Muller_E	2899098	0.0530619	0.946611	0.000327302
Muller_E	2901481	0.0523076	0.947371	0.000321711
Muller_E	2901643	0.0522563	0.947422	0.000321329
Muller_E	2902627	0.0519448	0.947736	0.000319007
Muller_E	2903432	0.05169	0.947993	0.000317101
Muller_E	2904998	0.0511943	0.948492	0.000313381
Muller_E	2905994	0.050879	0.94881	0.000311005
Muller_E	2907134	0.0505181	0.949174	0.000308277
Muller_E	2908511	0.0500822	0.949613	0.000304968
Muller_E	2909452	0.0497843	0.949913	0.000302698
Muller_E	2910160	0.0495601	0.950139	0.000300987
Muller_E	2911022	0.0492872	0.950414	0.000298897
Muller_E	2911252	0.0492144	0.950487	0.000298339
Muller_E	2911992	0.0489801	0.950723	0.000296539
Muller_E	2914672	0.0481316	0.951578	0.000289988
Muller_E	2915489	0.0478729	0.951839	0.00028798
Muller_E	2918585	0.0468926	0.952827	0.000280325
Muller_E	2919015	0.0467564	0.952964	0.000279256
Muller_E	2919728	0.0465306	0.953192	0.00027748
Muller_E	2919971	0.0464537	0.953269	0.000276874
Muller_E	2921506	0.0459676	0.953759	0.000273035
Muller_E	2922564	0.0456325	0.954097	0.000270379
Muller_E	2922707	0.0455873	0.954143	0.000270019
Muller_E	2924226	0.0451062	0.954628	0.000266189
Muller_E	2925108	0.0448269	0.954909	0.000263957
Muller_E	2925552	0.0446863	0.955051	0.000262832
Muller_E	2928855	0.0436402	0.956105	0.000254409
Muller_E	2930674	0.043064	0.956686	0.000249735
Muller_E	2931258	0.042879	0.956873	0.00024823
Muller_E	2931592	0.0427732	0.956979	0.000247367
Muller_E	2931798	0.042708	0.957045	0.000246835
Muller_E	2932326	0.0425407	0.957214	0.000245469
Muller_E	2945623	0.0383282	0.961461	0.000210366
Muller_E	2945753	0.038287	0.961503	0.000210016
Muller_E	2945878	0.0382474	0.961543	0.00020968
Muller_E	2946001	0.0382084	0.961582	0.000209348
Muller_E	2955783	0.0351086	0.964709	0.000182628
Muller_E	2957997	0.0344069	0.965417	0.000176478
Muller_E	2959282	0.0339996	0.965827	0.000172891
Muller_E	2959697	0.0338681	0.96596	0.00017173
Muller_E	2959819	0.0338294	0.965999	0.000171389
Muller_E	2960759	0.0335315	0.9663	0.000168753
Muller_E	2961667	0.0332437	0.96659	0.0001662
Muller_E	2961801	0.0332012	0.966633	0.000165823
Muller_E	2963254	0.0327406	0.967098	0.000161723
Muller_E	2963568	0.0326411	0.967198	0.000160835
Muller_E	2975263	0.0289335	0.970939	0.000127211
Muller_E	2976725	0.0284699	0.971407	0.000122932
Muller_E	2977784	0.00449602	0.995278	0.000226301
Muller_E	2982473	0.0279122	0.971994	9.33828e-05
Muller_E	2984283	0.0278266	0.97209	8.31304e-05
Muller_E	2985483	0.0277697	0.972154	7.63191e-05
Muller_E	2985658	0.0277615	0.972163	7.53248e-05
Muller_E	2985908	0.0277496	0.972176	7.3904e-05
Muller_E	2987685	0.0276655	0.972271	6.37909e-05
Muller_E	2992894	0.0274186	0.972547	3.40026e-05
Muller_E	2993313	0.0273987	0.97257	3.15973e-05
Muller_E	2993798	0.0273757	0.972595	2.88113e-05
Muller_E	2994137	0.0273597	0.972613	2.68629e-05
Muller_E	2994487	0.0273431	0.972632	2.48503e-05
Muller_E	2994615	0.027337	0.972639	2.4114e-05
Muller_E	2995123	0.0273129	0.972666	2.11907e-05
Muller_E	2995701	0.0272855	0.972697	1.78621e-05
Muller_E	2996048	0.0486343	0.951363	2.73781e-06
Muller_E	2996738	0.0272074	0.972777	1.51998e-05
Muller_E	2996880	0.0271948	0.97279	1.50629e-05
Muller_E	2997113	0.027174	0.972811	1.4838e-05
Muller_E	2999116	0.0269951	0.972992	1.2887e-05
Muller_E	2999459	0.0269645	0.973023	1.25498e-05
Muller_E	3001420	0.0493714	0.950627	1.17351e-06
Muller_E	3001578	0.0267625	0.973227	1.06411e-05
Muller_E	3001696	0.0267425	0.973247	1.06689e-05
Muller_E	3002579	0.0265923	0.973397	1.08729e-05
Muller_E	3003095	0.0265045	0.973484	1.09894e-05
Muller_E	3003540	0.0264289	0.97356	1.10881e-05
Muller_E	3004120	0.0263302	0.973659	1.12145e-05
Muller_E	3005221	0.0261429	0.973846	1.14471e-05
Muller_E	3007967	0.0256758	0.974312	1.1986e-05
Muller_E	3012773	0.0248582	0.975129	1.27869e-05
Muller_E	3013331	0.0457175	0.954281	1.42661e-06
Muller_E	3013618	0.0246709	0.975315	1.36435e-05
Muller_E	3014080	0.0245222	0.975463	1.48903e-05
Muller_E	3014783	0.0449266	0.955072	1.82281e-06
Muller_E	3016296	0.0233755	0.976571	5.38363e-05
Muller_E	3017214	0.0228171	0.977107	7.63253e-05
Muller_E	3018320	0.0221443	0.977752	0.000103428
Muller_E	3018982	0.0217416	0.978139	0.000119655
Muller_E	3019303	0.0215463	0.978326	0.000127524
Muller_E	3019831	0.0212251	0.978634	0.00014047
Muller_E	3021834	0.0200067	0.979804	0.000189599
Muller_E	3021944	0.0199398	0.979868	0.000192298
Muller_E	3023127	0.0192202	0.980558	0.000221329
Muller_E	3024474	0.0184008	0.981345	0.000254397
Muller_E	3024813	0.0181946	0.981543	0.000262722
Muller_E	3029421	0.0153918	0.984232	0.000375957
Muller_E	3029834	0.00241541	0.996864	0.00072035
Muller_E	3030101	0.0151152	0.984495	0.000389656
Muller_E	3033200	0.0148201	0.984749	0.000430733
Muller_E	3033901	0.0147533	0.984807	0.000440016
Muller_E	3034073	0.0147369	0.984821	0.000442293
Muller_E	3036032	0.0145503	0.984981	0.000468215
Muller_E	3038305	0.0143338	0.985168	0.00049826
Muller_E	3041816	0.0139993	0.985456	0.000544601
Muller_E	3044683	0.0137261	0.985692	0.000582381
Muller_E	3046757	0.0135284	0.985862	0.000609677
Muller_E	3046887	0.013516	0.985873	0.000611387
Muller_E	3047900	0.0134194	0.985956	0.000624708
Muller_E	3048135	0.013397	0.985975	0.000627798
Muller_E	3050664	0.0131559	0.986183	0.00066102
Muller_E	3051698	0.0130573	0.986268	0.00067459
Muller_E	3051968	0.0130316	0.98629	0.000678133
Muller_E	3052635	0.0129679	0.986345	0.000686882
Muller_E	3053197	0.0129144	0.986391	0.000694252
Muller_E	3056428	0.0126062	0.986657	0.000736579
Muller_E	3056712	0.0125791	0.986681	0.000740296
Muller_E	3058398	0.0124183	0.986819	0.000762352
Muller_E	3059687	0.0122953	0.986926	0.000779202
Muller_E	3061511	0.0121213	0.987076	0.000803026
Muller_E	3062406	0.0120358	0.987149	0.000814708
Muller_E	3062537	0.0120233	0.98716	0.000816417
Muller_E	3100018	0.00844197	0.990257	0.00130078
Muller_E	3100718	0.008375	0.990315	0.00130974
Muller_E	3112367	0.00725996	0.991282	0.0014583
Muller_E	3112987	0.00720059	0.991333	0.00146618
Muller_E	3113420	0.00715912	0.991369	0.00147168
Muller_E	3116107	0.00690177	0.991592	0.0015058
Muller_E	3119432	0.00658325	0.991869	0.00154795
Muller_E	3119714	0.00655624	0.991892	0.00155152
Muller_E	3120862	0.00115512	0.995981	0.00286409
Muller_E	3122265	0.00642429	0.992001	0.00157494
Muller_E	3123364	0.00640709	0.992011	0.00158189
Muller_E	3124138	0.00639497	0.992018	0.00158678
Muller_E	3127464	0.00634283	0.992049	0.00160773
Muller_E	3128767	0.00632237	0.992062	0.00161592
Muller_E	3128895	0.00632036	0.992063	0.00161672
Muller_E	3129611	0.00630912	0.99207	0.00162121
Muller_E	3129743	0.00630705	0.992071	0.00162204
Muller_E	3130171	0.00630032	0.992075	0.00162472
Muller_E	3131529	0.00627898	0.992088	0.00163322
Muller_E	3137674	0.00618221	0.992146	0.00167151
Muller_E	3139976	0.00614589	0.992168	0.00168578
Muller_E	3143168	0.00609545	0.992199	0.00170549
Muller_E	3169152	0.00568188	0.992455	0.00186295
Muller_E	3170575	0.00565908	0.992469	0.00187142
Muller_E	3173857	0.00560643	0.992503	0.0018909
Muller_E	3192801	0.00530086	0.992698	0.00200163
Muller_E	3194086	0.00528003	0.992711	0.00200904
Muller_E	3194230	0.00527769	0.992712	0.00200987
Muller_E	3207603	0.00506014	0.992854	0.00208619
Muller_E	3207708	0.00505842	0.992855	0.00208678
Muller_E	3208070	0.00505251	0.992859	0.00208883
Muller_E	3208369	0.00504763	0.992862	0.00209051
Muller_E	3208507	0.00504538	0.992863	0.00209129
Muller_E	3208706	0.00504213	0.992865	0.00209242
Muller_E	3210124	0.00501897	0.992881	0.00210041
Muller_E	3211254	0.00500049	0.992893	0.00210678
Muller_E	3212088	0.00498686	0.992902	0.00211146
Muller_E	3216063	0.00492178	0.992944	0.00213373
Muller_E	3216461	0.00491525	0.992949	0.00213596
Muller_E	3217109	0.00490463	0.992956	0.00213957
Muller_E	3217441	0.00489919	0.992959	0.00214143
Muller_E	3217706	0.00489484	0.992962	0.0021429
Muller_E	3217825	0.00489289	0.992964	0.00214357
Muller_E	3218354	0.00488421	0.992969	0.00214651
Muller_E	3219292	0.00486882	0.992979	0.00215173
Muller_E	3219763	0.00486109	0.992985	0.00215435
Muller_E	3221459	0.00483323	0.993003	0.00216377
Muller_E	3222112	0.0048225	0.99301	0.00216739
Muller_E	3223012	0.00480771	0.99302	0.00217237
Muller_E	3223549	0.00479888	0.993026	0.00217534
Muller_E	3224815	0.00477805	0.99304	0.00218233
Muller_E	3226800	0.00474537	0.993061	0.00219327
Muller_E	3229718	0.00469727	0.993093	0.00220929
Muller_E	3240322	0.00452191	0.993211	0.00226694
Muller_E	3240918	0.00451202	0.993218	0.00227016
Muller_E	3241273	0.00450613	0.993222	0.00227207
Muller_E	3247835	0.00439712	0.993296	0.00230725
Muller_E	3251442	0.00433706	0.993336	0.00232645
Muller_E	3252203	0.00432437	0.993345	0.00233048
Muller_E	3254014	0.00429417	0.993366	0.00234007
Muller_E	3254518	0.00428575	0.993372	0.00234274
Muller_E	3255141	0.00427535	0.993379	0.00234603
Muller_E	3255365	0.00427161	0.993381	0.00234721
Muller_E	3259142	0.00420849	0.993424	0.00236708
Muller_E	3259935	0.00419522	0.993434	0.00237124
Muller_E	3262497	0.00415233	0.993463	0.00238464
Muller_E	3263708	0.00413203	0.993477	0.00239095
Muller_E	3264644	0.00411634	0.993488	0.00239583
Muller_E	3266132	0.00409137	0.993505	0.00240356
Muller_E	3266579	0.00408387	0.99351	0.00240588
Muller_E	3266806	0.00408006	0.993513	0.00240706
Muller_E	3269029	0.00404272	0.993539	0.00241856
Muller_E	3271700	0.0039978	0.99357	0.00243234
Muller_E	3271881	0.00399476	0.993572	0.00243327
Muller_E	3273894	0.00396087	0.993596	0.00244361
Muller_E	3275081	0.00394087	0.993609	0.0024497
Muller_E	3275989	0.00392556	0.99362	0.00245434
Muller_E	3278049	0.00389081	0.993644	0.00246486
Muller_E	3280894	0.00384277	0.993678	0.00247933
Muller_E	3282107	0.00382226	0.993692	0.00248548
Muller_E	3282973	0.00380762	0.993703	0.00248986
Muller_E	3284532	0.00378123	0.993721	0.00249774
Muller_E	3291321	0.00366613	0.993802	0.00253181
Muller_E	3291878	0.00365667	0.993809	0.00253459
Muller_E	3293351	0.00363164	0.993826	0.00254193
Muller_E	3293759	0.0036247	0.993831	0.00254396
Muller_E	3304917	0.00343452	0.993967	0.00259895
Muller_E	3306663	0.00340467	0.993988	0.00260746
Muller_E	3306880	0.00340095	0.993991	0.00260852
Muller_E	3310127	0.00334537	0.99403	0.00262429
Muller_E	3312301	0.00330811	0.994057	0.0026348
Muller_E	3312718	0.00330096	0.994062	0.00263681
Muller_E	3318766	0.00319709	0.994137	0.00266583
Muller_E	3323588	0.00311407	0.994197	0.00268877
Muller_E	3324201	0.0031035	0.994205	0.00269167
Muller_E	3324656	0.00309566	0.994211	0.00269382
Muller_E	3325091	0.000636081	0.994526	0.00483815
Muller_E	3326084	0.00308782	0.994216	0.00269641
Muller_E	3326190	0.00308779	0.994216	0.00269647
Muller_E	3330218	0.00308636	0.994215	0.00269855
Muller_E	3334866	0.00308455	0.994215	0.00270079
Muller_E	3337545	0.00308343	0.994215	0.002702
Muller_E	3340268	0.00308224	0.994215	0.00270317
Muller_E	3340480	0.00308214	0.994215	0.00270326
Muller_E	3410593	0.00303077	0.994256	0.00271292
Muller_E	3431230	0.00300815	0.994284	0.00270826
Muller_E	3437416	0.00300071	0.994293	0.0027062
Muller_E	3456916	0.00297524	0.994327	0.0026977
Muller_E	3457694	0.00297416	0.994329	0.0026973
Muller_E	3459001	0.00297234	0.994331	0.00269661
Muller_E	3462300	0.00296767	0.994338	0.00269482
Muller_E	3464519	0.00296449	0.994342	0.00269356
Muller_E	3464673	0.00296426	0.994342	0.00269347
Muller_E	3477602	0.0029449	0.99437	0.00268536
Muller_E	3525631	0.00286123	0.994495	0.00264348
Muller_E	3546828	0.00281843	0.994562	0.00261912
Muller_E	3557059	0.00279648	0.994597	0.00260608
Muller_E	3566467	0.00277556	0.994631	0.00259334
Muller_E	3572057	0.00276279	0.994652	0.00258544
Muller_E	3572168	0.00276254	0.994652	0.00258528
Muller_E	3579272	0.00274595	0.994679	0.00257487
Muller_E	3579502	0.0027454	0.99468	0.00257452
Muller_E	3582419	0.00273847	0.994691	0.00257013
Muller_E	3590131	0.0027198	0.994722	0.00255817
Muller_E	3605233	0.00268187	0.994785	0.00253338
Muller_E	3610748	0.00266757	0.994809	0.00252387
Muller_E	3611776	0.00266487	0.994813	0.00252207
Muller_E	3615071	0.00265618	0.994828	0.00251625
Muller_E	3617701	0.00264918	0.994839	0.00251154
Muller_E	3617818	0.00264887	0.99484	0.00251132
Muller_E	3617948	0.00264852	0.99484	0.00251109
Muller_E	3623404	0.00263381	0.994865	0.00250113
Muller_E	3630035	0.00261562	0.994896	0.0024887
Muller_E	3631532	0.00261146	0.994903	0.00248585
Muller_E	3634067	0.00260438	0.994915	0.00248097
Muller_E	3642157	0.00258144	0.994953	0.00246507
Muller_E	3643438	0.00257776	0.99496	0.0024625
Muller_E	3645674	0.0025713	0.994971	0.00245799
Muller_E	3652519	0.00255129	0.995005	0.00244393
Muller_E	3655257	0.00254318	0.995019	0.00243821
Muller_E	3657953	0.00253514	0.995032	0.00243251
Muller_E	3660200	0.00252839	0.995044	0.00242771
Muller_E	3665461	0.00251243	0.995071	0.00241633
Muller_E	3670065	0.00249828	0.995096	0.00240618
Muller_E	3757777	0.00219624	0.995623	0.00218044
Muller_E	3766114	0.00216432	0.99568	0.00215577
Muller_E	3770199	0.00214848	0.995708	0.00214348
Muller_E	3771242	0.00214441	0.995715	0.00214032
Muller_E	3775369	0.00212823	0.995744	0.00212774
Muller_E	3781958	0.00210212	0.995791	0.00210735
Muller_E	3788305	0.00207663	0.995836	0.00208739
Muller_E	3788531	0.00207572	0.995838	0.00208667
Muller_E	3788717	0.00207497	0.995839	0.00208608
Muller_E	3791492	0.00206372	0.995859	0.00207724
Muller_E	3791929	0.00206194	0.995862	0.00207585
Muller_E	3794089	0.00205313	0.995878	0.00206892
Muller_E	3798034	0.00203694	0.995907	0.00205616
Muller_E	3805877	0.00200439	0.995965	0.00203043
Muller_E	3808116	0.00199501	0.995982	0.002023
Muller_E	3837593	0.00186773	0.996211	0.00192136
Muller_E	3889492	0.00162664	0.996648	0.00172542
Muller_E	3892070	0.0016141	0.996671	0.00171512
Muller_E	3892768	0.0016107	0.996677	0.00171233
Muller_E	3893846	0.00160543	0.996687	0.001708
Muller_E	3895236	0.00159863	0.996699	0.0017024
Muller_E	3896701	0.00159144	0.996712	0.00169649
Muller_E	3964144	0.00124187	0.997353	0.00140558
Muller_E	3964249	0.00124129	0.997354	0.0014051
Muller_E	3964701	0.00123883	0.997358	0.00140303
Muller_E	3965335	0.00123536	0.997365	0.00140012
Muller_E	3965537	0.00123426	0.997367	0.00139919
Muller_E	3971184	0.00120326	0.997424	0.00137311
Muller_E	4005791	0.0010077	0.997785	0.00120765
Muller_E	4007537	0.000997576	0.997803	0.00119905
Muller_E	4008073	0.000994464	0.997809	0.0011964
Muller_E	4008732	0.000990634	0.997816	0.00119314
Muller_E	4009275	0.000987475	0.997822	0.00119046
Muller_E	4009794	0.000984455	0.997828	0.00118789
Muller_E	4010462	0.000980563	0.997835	0.00118458
Muller_E	4011246	0.000975991	0.997843	0.00118069
Muller_E	4011350	0.000975384	0.997844	0.00118017
Muller_E	4011743	0.00183856	0.998031	0.00013074
Muller_E	4012926	0.000959056	0.997855	0.00118622
Muller_E	4015010	0.000934307	0.997865	0.00120029
Muller_E	4015956	0.00092306	0.99787	0.00120666
Muller_E	4016731	0.000913841	0.997874	0.00121188
Muller_E	4017133	0.000909058	0.997876	0.00121458
Muller_E	4017640	0.000903023	0.997879	0.00121799
Muller_E	4021078	0.000862044	0.997897	0.00124105
Muller_E	4021876	0.000852519	0.997901	0.00124639
Muller_E	4022513	0.000844912	0.997904	0.00125065
Muller_E	4022928	0.000839955	0.997907	0.00125342
Muller_E	4024532	0.00082078	0.997915	0.00126412
Muller_E	4024639	0.000819501	0.997916	0.00126484
Muller_E	4025270	0.000811951	0.997919	0.00126904
Muller_E	4027169	0.000789213	0.997929	0.00128167
Muller_E	4027437	0.000786001	0.997931	0.00128345
Muller_E	4027764	0.000782082	0.997932	0.00128563
Muller_E	4029270	0.000764022	0.99794	0.00129562
Muller_E	4032202	0.000728808	0.997956	0.00131502
Muller_E	4032327	0.000727306	0.997957	0.00131584
Muller_E	4033521	0.000712945	0.997963	0.00132372
Muller_E	4033797	0.000709624	0.997965	0.00132554
Muller_E	4036360	0.000678753	0.997979	0.00134241
Muller_E	4037138	0.000669372	0.997983	0.00134752
Muller_E	4037610	0.000663678	0.997986	0.00135062
Muller_E	4040496	0.000628825	0.998002	0.00136952
Muller_E	4040949	0.000623349	0.998004	0.00137248
Muller_E	4045900	0.000563385	0.998032	0.00140474
Muller_E	4046078	0.000561226	0.998033	0.0014059
Muller_E	4046843	0.000551942	0.998037	0.00141086
Muller_E	4047581	0.000542981	0.998041	0.00141565
Muller_E	4048275	0.000534551	0.998045	0.00142015
Muller_E	4048700	0.000529386	0.998048	0.0014229
Muller_E	4053592	0.000469836	0.998076	0.00145447
Muller_E	4056223	0.000437729	0.998091	0.00147137
Muller_E	4056545	0.000433796	0.998093	0.00147343
Muller_E	4056951	0.000428836	0.998095	0.00147604
Muller_E	4057601	0.000420891	0.998099	0.0014802
Muller_E	4057720	0.000419437	0.9981	0.00148096
Muller_E	4058043	0.000415487	0.998101	0.00148303
Muller_E	4058149	0.000414191	0.998102	0.00148371
Muller_E	4058704	0.000407403	0.998105	0.00148725
Muller_E	4059417	0.000398678	0.99811	0.00149181
Muller_E	4059965	0.00039197	0.998113	0.00149531
Muller_E	4061381	0.000374625	0.998121	0.00150434
Muller_E	4061745	0.000370164	0.998123	0.00150666
Muller_E	4062020	0.000366793	0.998125	0.00150841
Muller_E	4062507	0.000360821	0.998128	0.00151151
Muller_E	4062941	0.000355498	0.99813	0.00151427
Muller_E	4064035	0.000342072	0.998137	0.00152122
Muller_E	4064680	0.000334153	0.998141	0.00152532
Muller_E	4064829	0.000332323	0.998141	0.00152626
Muller_E	4065474	0.000324399	0.998145	0.00153035
Muller_E	4065574	0.00032317	0.998146	0.00153099
Muller_E	4066028	0.00031759	0.998149	0.00153386
Muller_E	4067541	0.000298983	0.998158	0.00154344
Muller_E	4067967	0.000293741	0.99816	0.00154613
Muller_E	4068535	0.000286749	0.998164	0.00154972
Muller_E	4069245	0.000278006	0.998168	0.0015542
Muller_E	4070105	0.00026741	0.998173	0.00155963
Muller_E	4071088	0.000255291	0.998179	0.00156582
Muller_E	4071641	0.00024847	0.998182	0.0015693
Muller_E	4072126	0.00043389	0.999232	0.000334519
Muller_E	4072768	0.00022826	0.998178	0.00159389
Muller_E	4072973	0.000223717	0.998176	0.00160077
Muller_E	4073359	0.000215162	0.998171	0.00161372
Muller_E	4075135	2.23234e-05	0.996848	0.00312972
Muller_E	4075254	0.00017548	0.998149	0.00167539
Muller_E	4076053	0.000173421	0.998137	0.00168948
Muller_E	4077160	0.00017056	0.99812	0.00170899
Muller_E	4078165	0.000167954	0.998105	0.0017267
Muller_E	4078690	0.00016659	0.998097	0.00173595
Muller_E	4078900	0.000166043	0.998094	0.00173964
Muller_E	4079010	0.000165757	0.998093	0.00174158
Muller_E	4079297	0.000165009	0.998088	0.00174663
Muller_E	4081728	0.00015865	0.998052	0.00178941
Muller_E	4082079	0.000157728	0.998047	0.00179558
Muller_E	4083988	0.000152696	0.998018	0.00182913
Muller_E	4085715	0.000148119	0.997992	0.00185946
Muller_E	4089306	0.000138524	0.997939	0.00192244
Muller_E	4089803	0.000137188	0.997932	0.00193115
Muller_E	4092778	0.000129148	0.997888	0.00198324
Muller_E	4092894	0.000128833	0.997886	0.00198527
Muller_E	4098915	0.00011234	0.997797	0.00209047
Muller_E	4109650	8.22113e-05	0.99764	0.00227731
Muller_E	4113217	7.19955e-05	0.997589	0.00233919
Muller_E	4113538	7.10712e-05	0.997584	0.00234476
Muller_E	4114422	6.85214e-05	0.997571	0.00236007
Muller_E	4114803	6.74205e-05	0.997566	0.00236667
Muller_E	4115118	6.65094e-05	0.997561	0.00237213
Muller_E	4116856	6.14683e-05	0.997536	0.00240221
Muller_E	4117074	6.08343e-05	0.997533	0.00240599
Muller_E	4117473	5.96729e-05	0.997527	0.00241289
Muller_E	4118970	5.53039e-05	0.997506	0.00243878
Muller_E	4121851	4.68453e-05	0.997465	0.00248855
Muller_E	4122071	4.61966e-05	0.997461	0.00249235
Muller_E	4122393	4.52465e-05	0.997457	0.00249791
Muller_E	4122818	4.39912e-05	0.997451	0.00250524
Muller_E	4124318	3.95492e-05	0.997429	0.00253112
Muller_E	4124418	3.92524e-05	0.997428	0.00253284
Muller_E	4126492	3.30792e-05	0.997398	0.00256859
Muller_E	4127527	2.99856e-05	0.997384	0.00258641
Muller_E	4127720	2.94078e-05	0.997381	0.00258974
Muller_E	4128101	2.82662e-05	0.997375	0.0025963
Muller_E	4128234	2.78675e-05	0.997374	0.00259858
Muller_E	4130334	2.15523e-05	0.997344	0.00263471
Muller_E	4132221	1.58475e-05	0.997317	0.00266715
Muller_E	4134741	8.1845e-06	0.997281	0.00271042
Muller_E	4134982	1.36263e-06	0.995078	0.00492057
Muller_E	4136547	9.29067e-07	0.994937	0.005062
Muller_E	4140224	7.53664e-06	0.997253	0.00273968
Muller_E	4140902	7.68928e-06	0.997251	0.0027418
Muller_E	4141485	7.81756e-06	0.997249	0.00274363
Muller_E	4143836	8.30702e-06	0.997241	0.00275094
Muller_E	4144350	8.40809e-06	0.997239	0.00275254
Muller_E	4144848	8.50397e-06	0.997237	0.00275408
Muller_E	4150850	9.50207e-06	0.997218	0.00277252
Muller_E	4151927	9.65038e-06	0.997215	0.00277579
Muller_E	4154621	9.98037e-06	0.997206	0.00278395
Muller_E	4159745	1.04463e-05	0.99719	0.0027993
Muller_E	4159958	1.0461e-05	0.99719	0.00279994
Muller_E	4160923	1.05234e-05	0.997187	0.0028028
Muller_E	4161787	1.05728e-05	0.997184	0.00280536
Muller_E	4162162	1.05924e-05	0.997183	0.00280647
Muller_E	4163984	1.06714e-05	0.997177	0.00281184
Muller_E	4164218	1.06797e-05	0.997177	0.00281253
Muller_E	4164859	1.06999e-05	0.997175	0.00281441
Muller_E	4165033	1.07048e-05	0.997174	0.00281492
Muller_E	4165157	1.07081e-05	0.997174	0.00281529
Muller_E	4165383	1.07139e-05	0.997173	0.00281595
Muller_E	4165808	1.07237e-05	0.997172	0.00281719
Muller_E	4165958	1.07268e-05	0.997172	0.00281763
Muller_E	4166062	1.07288e-05	0.997171	0.00281794
Muller_E	4166243	1.07322e-05	0.997171	0.00281847
Muller_E	4166628	1.07384e-05	0.99717	0.00281959
Muller_E	4168755	1.07514e-05	0.997163	0.00282579
Muller_E	4172546	1.06838e-05	0.997153	0.00283673
Muller_E	4172827	1.06742e-05	0.997152	0.00283754
Muller_E	4173860	1.06333e-05	0.997149	0.0028405
Muller_E	4176100	1.05151e-05	0.997143	0.00284689
Muller_E	4176326	1.05009e-05	0.997142	0.00284753
Muller_E	4176826	1.04681e-05	0.997141	0.00284895
Muller_E	4177022	1.04547e-05	0.99714	0.00284951
Muller_E	4178339	1.03565e-05	0.997136	0.00285324
Muller_E	4178608	1.03347e-05	0.997136	0.002854
Muller_E	4179326	1.02737e-05	0.997134	0.00285602
Muller_E	4180712	1.01441e-05	0.99713	0.00285992
Muller_E	4180966	1.01187e-05	0.997129	0.00286063
Muller_E	4184926	9.65503e-06	0.997119	0.00287168
Muller_E	4185178	9.62124e-06	0.997118	0.00287238
Muller_E	4185319	9.60211e-06	0.997118	0.00287277
Muller_E	4185532	9.57291e-06	0.997117	0.00287336
Muller_E	4187632	9.26537e-06	0.997112	0.00287915
Muller_E	4188227	9.17176e-06	0.99711	0.00288079
Muller_E	4188670	9.10021e-06	0.997109	0.002882
Muller_E	4192621	8.39198e-06	0.997099	0.00289278
Muller_E	4193546	8.20796e-06	0.997097	0.00289528
Muller_E	4194407	8.03047e-06	0.997094	0.00289761
Muller_E	4195783	7.73439e-06	0.997091	0.00290131
Muller_E	4196010	7.68408e-06	0.99709	0.00290192
Muller_E	4197440	7.35756e-06	0.997087	0.00290575
Muller_E	4198223	7.17178e-06	0.997085	0.00290784
Muller_E	4199021	6.97734e-06	0.997083	0.00290996
Muller_E	4199203	6.93228e-06	0.997083	0.00291045
Muller_E	4199424	6.8772e-06	0.997082	0.00291103
Muller_E	4199639	6.82323e-06	0.997082	0.0029116
Muller_E	4199983	6.73612e-06	0.997081	0.00291252
Muller_E	4203293	8.12267e-07	0.994577	0.00542219
Muller_E	4205814	6.92612e-06	0.997076	0.00291689
Muller_E	4206134	7.05917e-06	0.997077	0.00291634
Muller_E	4207588	7.65329e-06	0.997079	0.0029138
Muller_E	4210680	8.86e-06	0.997083	0.00290834
Muller_E	4210928	8.95344e-06	0.997083	0.0029079
Muller_E	4211312	9.09714e-06	0.997084	0.00290721
Muller_E	4211755	9.26145e-06	0.997084	0.00290642
Muller_E	4213444	9.87336e-06	0.997087	0.0029034
Muller_E	4216650	1.09715e-05	0.997091	0.00289758
Muller_E	4217058	1.11053e-05	0.997092	0.00289684
Muller_E	4217453	1.12336e-05	0.997093	0.00289612
Muller_E	4217565	1.12697e-05	0.997093	0.00289591
Muller_E	4217669	1.13032e-05	0.997093	0.00289572
Muller_E	4217825	1.13532e-05	0.997093	0.00289543
Muller_E	4218923	1.16998e-05	0.997095	0.00289342
Muller_E	4225215	1.34983e-05	0.997105	0.00288166
Muller_E	4232774	1.52364e-05	0.997118	0.00286711
Muller_E	4235298	1.5714e-05	0.997122	0.00286215
Muller_E	4245993	1.71671e-05	0.997142	0.00284056
Muller_E	4252835	1.76124e-05	0.997156	0.00282626
Muller_E	4253725	1.76426e-05	0.997158	0.00282438
Muller_E	4256197	1.76927e-05	0.997163	0.0028191
Muller_E	4261234	1.76423e-05	0.997174	0.0028082
Muller_E	4262892	2.7185e-06	0.994835	0.00516229
Muller_E	4263238	1.81128e-05	0.99718	0.00280206
Muller_E	4263588	1.865e-05	0.997182	0.00279953
Muller_E	4264621	2.02296e-05	0.997188	0.00279205
Muller_E	4266950	2.37593e-05	0.997201	0.00277514
Muller_E	4267529	2.46301e-05	0.997204	0.00277093
Muller_E	4276223	3.73796e-05	0.997255	0.0027074
Muller_E	4311688	8.30741e-05	0.997475	0.00244192
Muller_E	4311965	8.33911e-05	0.997477	0.00243981
Muller_E	4312254	8.37212e-05	0.997479	0.00243761
Muller_E	4312510	8.4013e-05	0.99748	0.00243565
Muller_E	4334492	0.000107098	0.997627	0.00226588
Muller_E	4352032	0.000122721	0.99775	0.00212763
Muller_E	4353438	0.000123866	0.99776	0.00211644
Muller_E	4356857	0.000126584	0.997784	0.00208916
Muller_E	4360054	0.00012904	0.997807	0.00206357
Muller_E	4374783	0.000139289	0.997916	0.00194461
Muller_E	4374946	0.000139392	0.997917	0.00194328
Muller_E	4381350	0.000143294	0.997966	0.001891
Muller_E	4558836	0.000119631	0.99957	0.000310522
Muller_E	4562012	0.000214068	0.999739	4.72757e-05
Muller_E	4564083	0.000112544	0.99961	0.000277914
Muller_E	4564194	0.00011231	0.99961	0.000277806
Muller_E	4568491	0.00010318	0.999623	0.000273524
Muller_E	4569115	0.000101842	0.999625	0.000272889
Muller_E	4569749	0.000100479	0.999627	0.000272242
Muller_E	4570340	9.92053e-05	0.999629	0.000271635
Muller_E	4571890	9.58522e-05	0.999634	0.000270031
Muller_E	4572624	9.42575e-05	0.999636	0.000269264
Muller_E	4573491	9.23683e-05	0.999639	0.000268353
Muller_E	4573809	9.16739e-05	0.99964	0.000268018
Muller_E	4577361	1.56276e-05	0.999505	0.000479111
Muller_E	4577462	8.38949e-05	0.999652	0.000263934
Muller_E	4578308	8.4173e-05	0.999654	0.000261597
Muller_E	4580664	8.49171e-05	0.99966	0.000255058
Muller_E	4580954	8.50056e-05	0.999661	0.00025425
Muller_E	4581769	8.52507e-05	0.999663	0.000251976
Muller_E	4581909	8.52922e-05	0.999663	0.000251585
Muller_E	4583019	1.53802e-05	0.999532	0.000452252
Muller_E	4583393	8.71448e-05	0.999666	0.000246415
Muller_E	4583516	8.76474e-05	0.999667	0.000245737
Muller_E	4584473	9.15531e-05	0.999668	0.000240453
Muller_E	4589180	0.000206843	0.999765	2.80676e-05
Muller_E	4590247	0.000112804	0.999672	0.000214794
Muller_E	4591539	0.000115392	0.999669	0.000215308
Muller_E	4593253	0.000118805	0.999665	0.000215969
Muller_E	4593508	0.00011931	0.999665	0.000216065
Muller_E	4593974	0.000120233	0.999664	0.00021624
Muller_E	4595111	0.000122477	0.999661	0.000216659
Muller_E	4595303	0.000122855	0.99966	0.000216728
Muller_E	4597548	0.000127252	0.999655	0.000217521
Muller_E	4597833	0.000127807	0.999655	0.000217618
Muller_E	4600306	0.000132597	0.999649	0.000218438
Muller_E	4607273	0.000145827	0.999634	0.000220483
Muller_E	4607398	0.00014606	0.999633	0.000220516
Muller_E	4610441	0.000151712	0.999627	0.000221282
Muller_E	4611041	0.000152818	0.999626	0.000221425
Muller_E	4611562	0.000153776	0.999625	0.000221546
Muller_E	4611697	0.000154023	0.999624	0.000221577
Muller_E	4612447	0.000155397	0.999623	0.000221747
Muller_E	4612733	0.00015592	0.999622	0.00022181
Muller_E	4612927	0.000156274	0.999622	0.000221853
Muller_E	4613148	0.000156677	0.999621	0.000221901
Muller_E	4614502	0.000159138	0.999619	0.000222189
Muller_E	4615888	0.000161642	0.999616	0.000222467
Muller_E	4616173	0.000162155	0.999615	0.000222523
Muller_E	4616508	0.000162757	0.999615	0.000222587
Muller_E	4616663	0.000163036	0.999614	0.000222616
Muller_E	4618190	0.000165767	0.999611	0.000222896
Muller_E	4619781	0.000168592	0.999608	0.000223167
Muller_E	4622166	0.000172789	0.999604	0.000223535
Muller_E	4626314	0.000179979	0.999596	0.000224066
Muller_E	4626864	0.000180922	0.999595	0.000224126
Muller_E	4627368	0.000181784	0.999594	0.000224179
Muller_E	4627488	0.000181989	0.999594	0.000224191
Muller_E	4633961	0.000192869	0.999582	0.000224679
Muller_E	4635834	0.000195954	0.999579	0.000224758
Muller_E	4636452	0.000196966	0.999578	0.000224777
Muller_E	4637295	0.000198341	0.999577	0.000224799
Muller_E	4640891	0.000204142	0.999571	0.000224827
Muller_E	4645727	0.000211778	0.999564	0.000224699
Muller_E	4646376	0.000212789	0.999563	0.000224668
Muller_E	4646798	0.000213444	0.999562	0.000224645
Muller_E	4653320	0.000223387	0.999552	0.000224117
Muller_E	4656520	0.000228139	0.999548	0.000223732
Muller_E	4672665	0.000250853	0.999529	0.000220526
Muller_E	4674140	0.000252823	0.999527	0.000220128
Muller_E	4675745	0.000254946	0.999525	0.000219675
Muller_E	4676485	0.000255919	0.999525	0.000219459
Muller_E	4677110	0.000256736	0.999524	0.000219274
Muller_E	4677655	0.000257446	0.999523	0.000219109
Muller_E	4678986	0.000259171	0.999522	0.000218697
Muller_E	4680223	0.000260761	0.999521	0.000218301
Muller_E	4682403	0.000263533	0.999519	0.000217573
Muller_E	4682621	0.000263808	0.999519	0.000217498
Muller_E	4684270	0.000265877	0.999517	0.000216919
Muller_E	4685491	0.000267394	0.999516	0.000216476
Muller_E	4686019	0.000268047	0.999516	0.000216281
Muller_E	4687101	0.000269377	0.999515	0.000215874
Muller_E	4689628	0.000272446	0.999513	0.000214886
Muller_E	4690052	0.000272956	0.999512	0.000214716
Muller_E	4690344	0.000273306	0.999512	0.000214597
Muller_E	4690905	0.00051753	0.999459	2.37816e-05
Muller_E	4691125	0.000273932	0.99951	0.000215823
Muller_E	4691712	0.000273811	0.999506	0.000219703
Muller_E	4691999	0.000273751	0.999505	0.0002216
Muller_E	4692111	0.000273727	0.999504	0.00022234
Muller_E	4693234	0.000273484	0.999497	0.000229752
Muller_E	4693620	0.000273398	0.999494	0.000232298
Muller_E	4693753	0.000273369	0.999493	0.000233175
Muller_E	4694021	0.000273308	0.999492	0.000234941
Muller_E	4694592	0.000273177	0.999488	0.000238703
Muller_E	4696429	0.000272737	0.999476	0.000250787
Muller_E	4696792	0.000272647	0.999474	0.000253171
Muller_E	4699402	0.000271968	0.999458	0.000270285
Muller_E	4700957	0.000271537	0.999448	0.000280455
Muller_E	4702606	0.000271059	0.999438	0.000291219
Muller_E	4708142	0.000269292	0.999404	0.000327193
Muller_E	4712097	0.000267878	0.999379	0.000352742
Muller_E	4713898	0.000267193	0.999368	0.000364334
Muller_E	4714194	0.000267078	0.999367	0.000366237
Muller_E	4717094	0.000265912	0.999349	0.000384841
Muller_E	4717794	0.00026562	0.999345	0.000389321
Muller_E	4720564	0.000264427	0.999329	0.000407012
Muller_E	4722390	0.000263607	0.999318	0.000418641
Muller_E	4727534	0.000261151	0.999288	0.000451253
Muller_E	4730688	0.000259539	0.999269	0.000471144
Muller_E	4731377	0.000259176	0.999265	0.000475478
Muller_E	4732944	0.000258337	0.999256	0.000485322
Muller_E	4738342	0.000255294	0.999226	0.000519079
Muller_E	4739398	0.000254671	0.99922	0.000525655
Muller_E	4742492	0.000252795	0.999202	0.000544871
Muller_E	4745718	0.000250755	0.999184	0.000564825
Muller_E	4746457	0.000250276	0.99918	0.000569384
Muller_E	4748015	0.000249252	0.999172	0.000578981
Muller_E	4748352	0.000249028	0.99917	0.000581054
Muller_E	4748630	0.000248842	0.999168	0.000582764
Muller_E	4751071	0.000247186	0.999155	0.000597749
Muller_E	4751685	0.000246762	0.999152	0.000601511
Muller_E	4751817	0.00024667	0.999151	0.000602319
Muller_E	4752607	0.000246119	0.999147	0.000607154
Muller_E	4752773	0.000246003	0.999146	0.000608169
Muller_E	4753826	0.000245259	0.99914	0.000614604
Muller_E	4754671	0.000244655	0.999136	0.000619761
Muller_E	4756619	0.000243242	0.999125	0.000631628
Muller_E	4759191	0.00024133	0.999111	0.00064725
Muller_E	4761262	0.000239751	0.9991	0.00065979
Muller_E	4761866	0.000239284	0.999097	0.000663441
Muller_E	4761985	0.000239191	0.999097	0.00066416
Muller_E	4763545	0.00023797	0.999088	0.000673574
Muller_E	4764509	0.000237206	0.999083	0.000679381
Muller_E	4765595	0.000236335	0.999078	0.000685914
Muller_E	4766291	0.000235773	0.999074	0.000690097
