chrom	position	2,0	1,1	0,2
Muller_E	62882	0.111781	0.616704	0.271515
Muller_E	267432	0.101402	0.635964	0.262634
Muller_E	441230	0.09249	0.652473	0.255037
Muller_E	511157	0.0888781	0.659156	0.251966
Muller_E	557879	0.0864561	0.663636	0.249908
Muller_E	581000	0.0852548	0.665857	0.248889
Muller_E	709108	0.078566	0.678216	0.243218
Muller_E	768129	0.075465	0.683941	0.240594
Muller_E	785241	0.0745635	0.685605	0.239832
Muller_E	787322	0.0744538	0.685807	0.239739
Muller_E	787424	0.0744484	0.685817	0.239734
Muller_E	788173	0.074409	0.68589	0.239701
Muller_E	788750	0.0743785	0.685946	0.239675
Muller_E	788860	0.0743727	0.685957	0.23967
Muller_E	791823	0.0742165	0.686245	0.239538
Muller_E	802257	0.0736661	0.687261	0.239073
Muller_E	893794	0.0688196	0.696201	0.234979
Muller_E	894300	0.0687927	0.696251	0.234956
Muller_E	896281	0.0686875	0.696445	0.234867
Muller_E	897287	0.0686341	0.696544	0.234822
Muller_E	897987	0.0685969	0.696612	0.234791
Muller_E	901015	0.0684359	0.696909	0.234655
Muller_E	901718	0.0683986	0.696978	0.234624
Muller_E	923408	0.0672449	0.699105	0.23365
Muller_E	923675	0.0672306	0.699131	0.233638
Muller_E	924320	0.0671963	0.699195	0.233609
Muller_E	927795	0.0670113	0.699536	0.233453
Muller_E	948021	0.0659334	0.701523	0.232544
Muller_E	948230	0.0659223	0.701543	0.232535
Muller_E	958531	0.0653727	0.702556	0.232071
Muller_E	967701	0.0648831	0.703459	0.231658
Muller_E	969142	0.0648061	0.7036	0.231593
Muller_E	1033237	0.0613743	0.709924	0.228702
Muller_E	1120573	0.0566711	0.718585	0.224744
Muller_E	1123171	0.0565307	0.718844	0.224626
Muller_E	1146845	0.0552501	0.721201	0.223549
Muller_E	1148492	0.0551609	0.721365	0.223474
Muller_E	1168315	0.0540866	0.723343	0.222571
Muller_E	1213395	0.0516371	0.72785	0.220513
Muller_E	1262309	0.0489693	0.732757	0.218273
Muller_E	1275111	0.0482693	0.734045	0.217686
Muller_E	1275707	0.0482367	0.734105	0.217658
Muller_E	1314313	0.0461213	0.737995	0.215884
Muller_E	1318297	0.0459026	0.738397	0.2157
Muller_E	1358440	0.043695	0.742455	0.21385
Muller_E	1358616	0.0436853	0.742473	0.213842
Muller_E	1378824	0.0425712	0.744521	0.212908
Muller_E	1480336	0.0369455	0.754857	0.208197
Muller_E	1489232	0.0364502	0.755767	0.207783
Muller_E	1645912	0.0276621	0.771901	0.200437
Muller_E	1673398	0.0261077	0.774753	0.199139
Muller_E	1718642	0.0235405	0.779463	0.196997
Muller_E	1746815	0.0219366	0.782405	0.195659
Muller_E	1763447	0.0209878	0.784145	0.194867
Muller_E	1765039	0.0208969	0.784312	0.194792
Muller_E	1765159	0.02089	0.784324	0.194786
Muller_E	1765369	0.020878	0.784346	0.194776
Muller_E	1771226	0.0205435	0.78496	0.194497
Muller_E	1799036	0.0189525	0.787877	0.19317
Muller_E	1802542	0.0187516	0.788245	0.193003
Muller_E	1802678	0.0187438	0.78826	0.192996
Muller_E	1803039	0.0187231	0.788298	0.192979
Muller_E	1803347	0.0187055	0.78833	0.192964
Muller_E	1805518	0.018581	0.788558	0.192861
Muller_E	1812938	0.0181556	0.789338	0.192506
Muller_E	1813040	0.0181497	0.789349	0.192501
Muller_E	1815234	0.0180239	0.78958	0.192396
Muller_E	1815907	0.0179853	0.789651	0.192364
Muller_E	1816383	0.017958	0.789701	0.192341
Muller_E	1831501	0.0170899	0.791292	0.191618
Muller_E	1850978	0.0159697	0.793346	0.190685
Muller_E	1851905	0.0159164	0.793443	0.19064
Muller_E	1852166	0.0159014	0.793471	0.190628
Muller_E	1857635	0.0155864	0.794048	0.190365
Muller_E	1861157	0.0153835	0.79442	0.190196
Muller_E	1861336	0.0153732	0.794439	0.190188
Muller_E	1861880	0.0153418	0.794497	0.190161
Muller_E	1866595	0.0150701	0.794995	0.189935
Muller_E	1870209	0.0148617	0.795377	0.189762
Muller_E	1871973	0.00266857	0.698537	0.298795
Muller_E	1880064	0.0146943	0.796431	0.188875
Muller_E	1889333	0.0146185	0.797426	0.187955
Muller_E	1891195	0.0146033	0.797626	0.187771
Muller_E	1894320	0.0145776	0.797962	0.187461
Muller_E	1900363	0.0145278	0.798611	0.186861
Muller_E	1904375	0.0144946	0.799043	0.186463
Muller_E	1915469	0.0144024	0.800236	0.185361
Muller_E	1927060	0.0143052	0.801485	0.18421
Muller_E	1932459	0.0142597	0.802067	0.183674
Muller_E	1944351	0.0141589	0.80335	0.182491
Muller_E	1946702	0.0141389	0.803604	0.182258
Muller_E	1961660	0.0140107	0.80522	0.18077
Muller_E	1975567	0.0138903	0.806724	0.179385
Muller_E	2011856	0.0135709	0.81066	0.175769
Muller_E	2013122	0.0135596	0.810798	0.175642
Muller_E	2044597	0.013276	0.814223	0.172501
Muller_E	2048236	0.0132428	0.81462	0.172137
Muller_E	2048434	0.013241	0.814642	0.172117
Muller_E	2086567	0.0128887	0.818807	0.168304
Muller_E	2103366	0.0127307	0.820647	0.166622
Muller_E	2117584	0.0125956	0.822207	0.165197
Muller_E	2126123	0.0125139	0.823145	0.164341
Muller_E	2135792	0.0124209	0.824208	0.163371
Muller_E	2140907	0.0123714	0.82477	0.162858
Muller_E	2141169	0.0123689	0.824799	0.162832
Muller_E	2142715	0.0123539	0.824969	0.162677
Muller_E	2145389	0.012328	0.825264	0.162408
Muller_E	2146953	0.0123128	0.825436	0.162251
Muller_E	2147057	0.0123118	0.825447	0.162241
Muller_E	2201852	0.0117699	0.831497	0.156733
Muller_E	2204792	0.0117403	0.831823	0.156437
Muller_E	2219543	0.011591	0.833457	0.154952
Muller_E	2220290	0.0115834	0.83354	0.154876
Muller_E	2241628	0.011365	0.835909	0.152726
Muller_E	2243471	0.011346	0.836114	0.15254
Muller_E	2531559	0.0081098	0.868628	0.123262
Muller_E	2693610	0.0060489	0.887363	0.106589
Muller_E	2696554	0.00600981	0.887706	0.106284
Muller_E	2706179	0.00588157	0.88883	0.105289
Muller_E	2713009	0.00579018	0.889628	0.104582
Muller_E	2716202	0.00574734	0.890001	0.104252
Muller_E	2721440	0.00567692	0.890614	0.103709
Muller_E	2735475	0.00548729	0.892257	0.102255
Muller_E	2763120	0.00510974	0.895502	0.099388
Muller_E	2777976	0.00490465	0.89725	0.0978452
Muller_E	2779619	0.00488187	0.897444	0.0976745
Muller_E	2787347	0.00477448	0.898354	0.0968713
Muller_E	2788916	0.00475263	0.898539	0.0967082
Muller_E	2795398	0.00466215	0.899304	0.0960341
Muller_E	2798296	0.00462161	0.899646	0.0957327
Muller_E	2799305	0.00460748	0.899765	0.0956277
Muller_E	2800245	0.00459431	0.899876	0.0955299
Muller_E	2800507	0.00459063	0.899907	0.0955027
Muller_E	2800780	0.00458681	0.899939	0.0954743
Muller_E	2800932	0.00458468	0.899957	0.0954585
Muller_E	2801158	0.00458151	0.899984	0.0954349
Muller_E	2805736	0.00451725	0.900524	0.0949586
Muller_E	2807233	0.0044962	0.900701	0.0948028
Muller_E	2807795	0.00448829	0.900767	0.0947443
Muller_E	2808363	0.0044803	0.900835	0.0946851
Muller_E	2809031	0.0044709	0.900913	0.0946156
Muller_E	2809272	0.00446751	0.900942	0.0945905
Muller_E	2809909	0.00445854	0.901017	0.0945242
Muller_E	2811470	0.00443655	0.901202	0.0943617
Muller_E	2811776	0.00443223	0.901238	0.0943299
Muller_E	2812117	0.00442743	0.901278	0.0942943
Muller_E	2815676	0.00437721	0.901699	0.0939238
Muller_E	2816259	0.00436897	0.901768	0.0938631
Muller_E	2817070	0.00435751	0.901864	0.0937786
Muller_E	2817616	0.00434979	0.901928	0.0937217
Muller_E	2819402	0.00432453	0.90214	0.0935357
Muller_E	2820166	0.00431372	0.90223	0.0934561
Muller_E	2820386	0.0043106	0.902256	0.0934332
Muller_E	2820775	0.0043051	0.902302	0.0933927
Muller_E	2821135	0.0043	0.902345	0.0933552
Muller_E	2821440	0.00429568	0.902381	0.0933234
Muller_E	2826939	0.00421768	0.903032	0.0927505
Muller_E	2831172	0.00415749	0.903533	0.0923093
Muller_E	2831515	0.00415261	0.903574	0.0922736
Muller_E	2832336	0.00414092	0.903671	0.092188
Muller_E	2833070	0.00413046	0.903758	0.0921115
Muller_E	2850717	0.00387793	0.905851	0.0902708
Muller_E	2853215	0.003842	0.906148	0.0900101
Muller_E	2856496	0.00379475	0.906538	0.0896676
Muller_E	2856945	0.00378828	0.906591	0.0896207
Muller_E	2857481	0.00378055	0.906655	0.0895648
Muller_E	2858163	0.00377071	0.906736	0.0894936
Muller_E	2859754	0.00374775	0.906925	0.0893274
Muller_E	2859987	0.00374438	0.906953	0.0893031
Muller_E	2862604	0.00370657	0.907264	0.0890298
Muller_E	2866488	0.00365036	0.907726	0.0886241
Muller_E	2867267	0.00363908	0.907818	0.0885428
Muller_E	2868557	0.00362038	0.907972	0.088408
Muller_E	2870085	0.00359821	0.908153	0.0882483
Muller_E	2870623	0.0035904	0.908217	0.0881921
Muller_E	2876155	0.00350999	0.908876	0.087614
Muller_E	2877151	0.00349549	0.908995	0.0875099
Muller_E	2886067	0.00336537	0.910057	0.0865776
Muller_E	2886534	0.00335853	0.910113	0.0865288
Muller_E	2887599	0.00334295	0.91024	0.0864174
Muller_E	2887882	0.00333881	0.910273	0.0863878
Muller_E	2888492	0.00332988	0.910346	0.086324
Muller_E	2888607	0.00332819	0.91036	0.0863119
Muller_E	2890000	0.00330778	0.910526	0.0861662
Muller_E	2890387	0.00330211	0.910572	0.0861257
Muller_E	2890907	0.00329449	0.910634	0.0860713
Muller_E	2894764	0.00323789	0.911094	0.0856678
Muller_E	2899098	0.00317416	0.911612	0.0852142
Muller_E	2901481	0.00313906	0.911896	0.0849647
Muller_E	2901643	0.00313667	0.911916	0.0849477
Muller_E	2902627	0.00312216	0.912033	0.0848447
Muller_E	2903432	0.00311029	0.912129	0.0847604
Muller_E	2904998	0.00308718	0.912316	0.0845965
Muller_E	2905994	0.00307247	0.912435	0.0844922
Muller_E	2907134	0.00305563	0.912572	0.0843728
Muller_E	2908511	0.00303527	0.912736	0.0842286
Muller_E	2909452	0.00302135	0.912849	0.08413
Muller_E	2910160	0.00301087	0.912933	0.0840558
Muller_E	2911022	0.00299811	0.913036	0.0839655
Muller_E	2911252	0.00299471	0.913064	0.0839415
Muller_E	2911992	0.00298375	0.913152	0.0838639
Muller_E	2914672	0.00294402	0.913473	0.0835832
Muller_E	2915489	0.0029319	0.913571	0.0834975
Muller_E	2918585	0.00288592	0.913941	0.0831731
Muller_E	2919015	0.00287953	0.913992	0.083128
Muller_E	2919728	0.00286893	0.914078	0.0830533
Muller_E	2919971	0.00286532	0.914107	0.0830278
Muller_E	2921506	0.00284248	0.914291	0.0828669
Muller_E	2922564	0.00282673	0.914417	0.082756
Muller_E	2922707	0.00047626	0.858174	0.14135
Muller_E	2924226	0.00282603	0.914728	0.0824457
Muller_E	2925108	0.00282685	0.914899	0.0822742
Muller_E	2925552	0.00282726	0.914985	0.0821878
Muller_E	2928855	0.00283028	0.915624	0.0815455
Muller_E	2930674	0.00283192	0.915976	0.0811917
Muller_E	2931258	0.00283244	0.916089	0.0810782
Muller_E	2931592	0.00283273	0.916154	0.0810132
Muller_E	2931798	0.00283292	0.916194	0.0809731
Muller_E	2932326	0.00283338	0.916296	0.0808704
Muller_E	2945623	0.00284451	0.918872	0.0782836
Muller_E	2945753	0.00284461	0.918897	0.0782583
Muller_E	2945878	0.00284471	0.918921	0.078234
Muller_E	2946001	0.00284481	0.918945	0.0782101
Muller_E	2955783	0.00285223	0.920841	0.0763064
Muller_E	2957997	0.00285382	0.921271	0.0758754
Muller_E	2959282	0.00285472	0.92152	0.0756253
Muller_E	2959697	0.00285501	0.9216	0.0755445
Muller_E	2959819	0.0028551	0.921624	0.0755208
Muller_E	2960759	0.00285575	0.921806	0.0753378
Muller_E	2961667	0.00285638	0.921983	0.075161
Muller_E	2961801	0.00285647	0.922009	0.0751349
Muller_E	2963254	0.00285746	0.92229	0.0748521
Muller_E	2963568	0.00285767	0.922351	0.0747909
Muller_E	2975263	0.00286509	0.924621	0.0725136
Muller_E	2976725	0.00286596	0.924905	0.0722289
Muller_E	2977784	0.00286657	0.925111	0.0720226
Muller_E	2982473	0.00286921	0.926022	0.0711093
Muller_E	2984283	0.00287019	0.926373	0.0707567
Muller_E	2985483	0.00287083	0.926606	0.0705229
Muller_E	2985658	0.00287092	0.92664	0.0704888
Muller_E	2985908	0.00287105	0.926689	0.0704401
Muller_E	2987685	0.00287197	0.927034	0.0700939
Muller_E	2992894	0.00287455	0.928047	0.0690789
Muller_E	2993313	0.00287475	0.928128	0.0689972
Muller_E	2993798	0.00287498	0.928222	0.0689027
Muller_E	2994137	0.00287514	0.928288	0.0688366
Muller_E	2994487	0.0028753	0.928356	0.0687684
Muller_E	2994615	0.00287536	0.928381	0.0687435
Muller_E	2995123	0.00287559	0.92848	0.0686445
Muller_E	2995701	0.00287586	0.928592	0.0685318
Muller_E	2996048	0.00287602	0.92866	0.0684642
Muller_E	2996738	0.00287633	0.928794	0.0683297
Muller_E	2996880	0.0028764	0.928822	0.0683021
Muller_E	2997113	0.0028765	0.928867	0.0682567
Muller_E	2999116	0.00287738	0.929256	0.0678663
Muller_E	2999459	0.00287753	0.929323	0.0677994
Muller_E	3001420	0.00287837	0.929704	0.0674172
Muller_E	3001578	0.00287844	0.929735	0.0673864
Muller_E	3001696	0.00287848	0.929758	0.0673634
Muller_E	3002579	0.00287885	0.92993	0.0671913
Muller_E	3003095	0.00287906	0.93003	0.0670907
Muller_E	3003540	0.00287924	0.930117	0.0670039
Muller_E	3004120	0.00287948	0.93023	0.0668909
Muller_E	3005221	0.00287991	0.930444	0.0666762
Muller_E	3007967	0.00288097	0.930978	0.0661409
Muller_E	3012773	0.00288269	0.931913	0.0652038
Muller_E	3013331	0.00288288	0.932022	0.065095
Muller_E	3013618	0.00288298	0.932078	0.0650391
Muller_E	3014080	0.00288314	0.932168	0.064949
Muller_E	3014783	0.00288337	0.932305	0.0648119
Muller_E	3016296	0.00288386	0.932599	0.0645168
Muller_E	3017214	0.00288415	0.932778	0.0643378
Muller_E	3018320	0.00288449	0.932993	0.0641221
Muller_E	3018982	0.00288469	0.933122	0.063993
Muller_E	3019303	0.00288479	0.933185	0.0639304
Muller_E	3019831	0.00288494	0.933288	0.0638274
Muller_E	3021834	0.00288552	0.933678	0.0634368
Muller_E	3021944	0.00288555	0.933699	0.0634153
Muller_E	3023127	0.00288588	0.93393	0.0631845
Muller_E	3024474	0.00288624	0.934192	0.0629218
Muller_E	3024813	0.00288632	0.934258	0.0628557
Muller_E	3029421	0.00288745	0.935156	0.0619567
Muller_E	3029834	0.00288755	0.935236	0.0618762
Muller_E	3030101	0.00288761	0.935288	0.0618241
Muller_E	3033200	0.00288827	0.935892	0.0612194
Muller_E	3033901	0.00288841	0.936029	0.0610826
Muller_E	3034073	0.00288845	0.936062	0.0610491
Muller_E	3036032	0.00288882	0.936444	0.0606668
Muller_E	3038305	0.00288922	0.936888	0.0602232
Muller_E	3041816	0.00288977	0.937572	0.059538
Muller_E	3044683	0.00289015	0.938131	0.0589784
Muller_E	3046757	0.0028904	0.938536	0.0585736
Muller_E	3046887	0.00289041	0.938561	0.0585482
Muller_E	3047900	0.00289052	0.938759	0.0583504
Muller_E	3048135	0.00289054	0.938805	0.0583046
Muller_E	3050664	0.00289078	0.939298	0.0578108
Muller_E	3051698	0.00289086	0.9395	0.057609
Muller_E	3051968	0.00289088	0.939553	0.0575562
Muller_E	3052635	0.00289093	0.939683	0.057426
Muller_E	3053197	0.00289097	0.939793	0.0573163
Muller_E	3056428	0.00289114	0.940423	0.0566854
Muller_E	3056712	0.00289116	0.940479	0.0566299
Muller_E	3058398	0.00289122	0.940808	0.0563007
Muller_E	3059687	0.00289125	0.94106	0.056049
Muller_E	3061511	0.00289128	0.941416	0.0556927
Muller_E	3062406	0.00289128	0.941591	0.0555179
Muller_E	3062537	0.00289128	0.941616	0.0554924
Muller_E	3100018	0.00288648	0.948946	0.0481673
Muller_E	3100718	0.00288629	0.949083	0.0480305
Muller_E	3112367	0.00288275	0.951365	0.0457519
Muller_E	3112987	0.00288253	0.951487	0.0456306
Muller_E	3113420	0.00288238	0.951572	0.0455459
Muller_E	3116107	0.000689413	0.922812	0.0764991
Muller_E	3119432	0.00292096	0.953203	0.0438761
Muller_E	3119714	0.00292431	0.953297	0.0437791
Muller_E	3120862	0.00293796	0.953678	0.0433841
Muller_E	3122265	0.00295463	0.954144	0.0429014
Muller_E	3123364	0.00296768	0.954509	0.0425232
Muller_E	3124138	0.00297688	0.954766	0.0422569
Muller_E	3127464	0.00301636	0.955871	0.0411124
Muller_E	3128767	0.00303181	0.956304	0.040664
Muller_E	3128895	0.00303333	0.956347	0.04062
Muller_E	3129611	0.00304182	0.956585	0.0403736
Muller_E	3129743	0.00304339	0.956628	0.0403282
Muller_E	3130171	0.00304846	0.956771	0.0401809
Muller_E	3131529	0.00306456	0.957222	0.0397136
Muller_E	3137674	0.00313734	0.959264	0.037599
Muller_E	3139976	0.00316457	0.960029	0.0368068
Muller_E	3143168	0.0032023	0.961089	0.0357083
Muller_E	3169152	0.00350824	0.969727	0.026765
Muller_E	3170575	0.00352493	0.9702	0.0262752
Muller_E	3173857	0.0035634	0.971291	0.0251454
Muller_E	3192801	0.00378477	0.977592	0.0186235
Muller_E	3194086	0.00379974	0.978019	0.0181811
Muller_E	3194230	0.00380142	0.978067	0.0181315
Muller_E	3207603	0.00395689	0.982516	0.0135269
Muller_E	3207708	0.00395811	0.982551	0.0134907
Muller_E	3208070	0.00396231	0.982672	0.0133661
Muller_E	3208369	0.00396578	0.982771	0.0132631
Muller_E	3208507	0.00396738	0.982817	0.0132156
Muller_E	3208706	0.00396969	0.982883	0.0131471
Muller_E	3210124	0.00398613	0.983355	0.0126588
Muller_E	3211254	0.00399923	0.983731	0.0122696
Muller_E	3212088	0.0040089	0.984009	0.0119824
Muller_E	3216063	0.00405493	0.985331	0.0106136
Muller_E	3216461	0.00767308	0.991057	0.00126991
Muller_E	3217109	0.00406242	0.985487	0.0104503
Muller_E	3217441	0.0040639	0.985499	0.0104368
Muller_E	3217706	0.00406508	0.985509	0.0104261
Muller_E	3217825	0.00406561	0.985513	0.0104212
Muller_E	3218354	0.00406796	0.985532	0.0103998
Muller_E	3219292	0.00407212	0.985566	0.0103618
Muller_E	3219763	0.00407421	0.985583	0.0103427
Muller_E	3221459	0.00408172	0.985644	0.0102739
Muller_E	3222112	0.0040846	0.985668	0.0102474
Muller_E	3223012	0.00408857	0.985701	0.0102109
Muller_E	3223549	0.00409093	0.98572	0.0101891
Muller_E	3224815	0.0040965	0.985766	0.0101378
Muller_E	3226800	0.00410521	0.985838	0.0100572
Muller_E	3229718	0.00411795	0.985943	0.00993872
Muller_E	3240322	0.0041637	0.986329	0.00950759
Muller_E	3240918	0.00416625	0.98635	0.00948333
Muller_E	3241273	0.00416776	0.986363	0.00946888
Muller_E	3247835	0.00419559	0.986603	0.00920161
Muller_E	3251442	0.00421075	0.986735	0.00905456
Muller_E	3252203	0.00421394	0.986763	0.00902352
Muller_E	3254014	0.0042215	0.986829	0.00894964
Muller_E	3254518	0.0042236	0.986847	0.00892907
Muller_E	3255141	0.00422619	0.98687	0.00890365
Muller_E	3255365	0.00422712	0.986878	0.00889451
Muller_E	3259142	0.00424278	0.987017	0.0087403
Muller_E	3259935	0.00424605	0.987046	0.00870791
Muller_E	3262497	0.00425659	0.98714	0.00860324
Muller_E	3263708	0.00426155	0.987185	0.00855374
Muller_E	3264644	0.00426538	0.987219	0.00851548
Muller_E	3266132	0.00427146	0.987274	0.00845464
Muller_E	3266579	0.00427328	0.98729	0.00843635
Muller_E	3266806	0.0042742	0.987299	0.00842707
Muller_E	3269029	0.00428323	0.987381	0.00833613
Muller_E	3271700	0.00429403	0.987479	0.00822681
Muller_E	3271881	0.00429476	0.987486	0.00821941
Muller_E	3273894	0.00430286	0.98756	0.00813698
Muller_E	3275081	0.00430762	0.987604	0.00808836
Muller_E	3275989	0.00431126	0.987638	0.00805116
Muller_E	3278049	0.00431948	0.987714	0.00796675
Muller_E	3280894	0.00433079	0.987819	0.00785011
Muller_E	3282107	0.00433559	0.987864	0.00780037
Muller_E	3282973	0.00433901	0.987896	0.00776484
Muller_E	3284532	0.00434515	0.987954	0.00770088
Muller_E	3291321	0.00437169	0.988206	0.00742211
Muller_E	3291878	0.00437385	0.988227	0.00739922
Muller_E	3293351	0.00437955	0.988282	0.00733869
Muller_E	3293759	0.00438113	0.988297	0.00732191
Muller_E	3304917	0.00442376	0.988713	0.00686277
Muller_E	3306663	0.00443034	0.988779	0.00679084
Muller_E	3306880	0.00765109	0.990472	0.00187691
Muller_E	3310127	0.00442806	0.98882	0.00675193
Muller_E	3312301	0.00442594	0.988842	0.00673182
Muller_E	3312718	0.00442553	0.988847	0.00672796
Muller_E	3318766	0.00441941	0.988909	0.0066718
Muller_E	3323588	0.00441433	0.988959	0.00662682
Muller_E	3324201	0.00441367	0.988965	0.00662109
Muller_E	3324656	0.00441318	0.98897	0.00661683
Muller_E	3325091	0.00441271	0.988975	0.00661276
Muller_E	3326084	0.00441163	0.988985	0.00660346
Muller_E	3326190	0.00441151	0.988986	0.00660247
Muller_E	3330218	0.00440704	0.989028	0.00656467
Muller_E	3334866	0.00440172	0.989077	0.00652089
Muller_E	3337545	0.00439858	0.989106	0.00649558
Muller_E	3340268	0.00439532	0.989135	0.0064698
Muller_E	3340480	0.00439507	0.989137	0.00646779
Muller_E	3410593	0.00429094	0.989925	0.00578359
Muller_E	3431230	0.00425287	0.990172	0.00557479
Muller_E	3437416	0.0042408	0.990248	0.00551155
Muller_E	3456916	0.00420076	0.990489	0.0053102
Muller_E	3457694	0.0041991	0.990499	0.0053021
Muller_E	3459001	0.0041963	0.990515	0.00528849
Muller_E	3462300	0.00418917	0.990557	0.00525407
Muller_E	3464519	0.00418433	0.990585	0.00523087
Muller_E	3464673	0.00418399	0.990587	0.00522926
Muller_E	3477602	0.00415498	0.990752	0.0050933
Muller_E	3525631	0.0040356	0.991388	0.00457661
Muller_E	3546828	0.00397707	0.99168	0.00434275
Muller_E	3557059	0.00394755	0.991824	0.00422859
Muller_E	3566467	0.00391966	0.991957	0.00412289
Muller_E	3572057	0.00390276	0.992037	0.00405974
Muller_E	3572168	0.00390242	0.992039	0.00405849
Muller_E	3579272	0.00388058	0.992142	0.00397788
Muller_E	3579502	0.00387986	0.992145	0.00397526
Muller_E	3582419	0.00387077	0.992187	0.00394204
Muller_E	3590131	0.00384641	0.9923	0.00385389
Muller_E	3605233	0.00379732	0.992523	0.00367988
Muller_E	3610748	0.00377895	0.992605	0.00361589
Muller_E	3611776	0.0037755	0.992621	0.00360393
Muller_E	3615071	0.00376437	0.99267	0.00356555
Muller_E	3617701	0.00375543	0.99271	0.00353486
Muller_E	3617818	0.00375503	0.992711	0.00353349
Muller_E	3617948	0.00375459	0.992713	0.00353197
Muller_E	3623404	0.00373586	0.992796	0.00346811
Muller_E	3630035	0.00371277	0.992897	0.00339017
Muller_E	3631532	0.00370751	0.99292	0.00337253
Muller_E	3634067	0.00369857	0.992959	0.00334261
Muller_E	3642157	0.00366967	0.993084	0.00324679
Muller_E	3643438	0.00366504	0.993103	0.00323157
Muller_E	3645674	0.00365694	0.993138	0.00320497
Muller_E	3652519	0.00363189	0.993245	0.0031233
Muller_E	3655257	0.00362176	0.993288	0.00309053
Muller_E	3657953	0.00361173	0.99333	0.0030582
Muller_E	3660200	0.00620856	0.992954	0.00083712
Muller_E	3665461	0.00355497	0.993415	0.00303017
Muller_E	3670065	0.00351247	0.993458	0.00302908
Muller_E	3757777	0.00267048	0.994353	0.00297604
Muller_E	3766114	0.00258725	0.994445	0.0029678
Muller_E	3770199	0.00254627	0.99449	0.00296355
Muller_E	3771242	0.00253578	0.994502	0.00296245
Muller_E	3775369	0.00249421	0.994548	0.002958
Muller_E	3781958	0.00242755	0.994622	0.0029506
Muller_E	3788305	0.00236301	0.994694	0.00294315
Muller_E	3788531	0.00236071	0.994696	0.00294288
Muller_E	3788717	0.00235881	0.994699	0.00294266
Muller_E	3791492	0.00233048	0.99473	0.00293929
Muller_E	3791929	0.00232601	0.994735	0.00293875
Muller_E	3794089	0.00230391	0.99476	0.00293608
Muller_E	3798034	0.00226345	0.994805	0.00293111
Muller_E	3805877	0.00218265	0.994897	0.00292085
Muller_E	3808116	0.00215949	0.994923	0.00291783
Muller_E	3837593	0.00185085	0.995275	0.00287433
Muller_E	3889492	0.00129051	0.995929	0.00278085
Muller_E	3892070	0.00126212	0.995962	0.00277564
Muller_E	3892768	0.00125442	0.995971	0.00277423
Muller_E	3893846	0.00124252	0.995985	0.00277203
Muller_E	3895236	0.00122717	0.996004	0.00276918
Muller_E	3896701	0.00121097	0.996023	0.00276616
Muller_E	3964144	0.00044661	0.996945	0.00260853
Muller_E	3964249	0.000445392	0.996946	0.00260826
Muller_E	3964701	0.000440145	0.996953	0.00260708
Muller_E	3965335	0.000432784	0.996962	0.00260542
Muller_E	3965537	0.000430437	0.996965	0.00260489
Muller_E	3971184	7.64983e-05	0.995296	0.00462761
Muller_E	4005791	0.000294761	0.997377	0.00232787
Muller_E	4007537	0.000290975	0.997395	0.00231439
Muller_E	4008073	0.000289808	0.9974	0.00231025
Muller_E	4008732	0.00028837	0.997406	0.00230515
Muller_E	4009275	0.000287183	0.997412	0.00230095
Muller_E	4009794	0.000286046	0.997417	0.00229693
Muller_E	4010462	0.000532379	0.999163	0.000304177
Muller_E	4011246	0.000280902	0.997422	0.00229706
Muller_E	4011350	0.000280413	0.997422	0.00229776
Muller_E	4011743	0.000278568	0.997421	0.00230042
Muller_E	4012926	0.000273005	0.997419	0.00230841
Muller_E	4015010	0.000263179	0.997414	0.00232246
Muller_E	4015956	0.000258707	0.997412	0.00232883
Muller_E	4016731	0.000255037	0.997411	0.00233404
Muller_E	4017133	0.000253132	0.99741	0.00233674
Muller_E	4017640	0.000250728	0.997409	0.00234014
Muller_E	4021078	0.000234368	0.997402	0.00236318
Muller_E	4021876	0.000230557	0.997401	0.00236851
Muller_E	4022513	0.000227511	0.9974	0.00237276
Muller_E	4022928	0.000225525	0.997399	0.00237553
Muller_E	4024532	0.000217836	0.997396	0.00238622
Muller_E	4024639	0.000217322	0.997396	0.00238693
Muller_E	4025270	0.000214291	0.997395	0.00239113
Muller_E	4027169	0.00020515	0.997391	0.00240375
Muller_E	4027437	0.000203857	0.997391	0.00240553
Muller_E	4027764	0.00020228	0.99739	0.0024077
Muller_E	4029270	0.000195002	0.997387	0.00241767
Muller_E	4032202	0.000180782	0.997382	0.00243705
Muller_E	4032327	0.000180174	0.997382	0.00243787
Muller_E	4033521	0.000174362	0.99738	0.00244574
Muller_E	4033797	0.000173017	0.997379	0.00244756
Muller_E	4036360	0.000160497	0.997375	0.00246441
Muller_E	4037138	0.000156686	0.997374	0.00246951
Muller_E	4037610	0.000154372	0.997373	0.0024726
Muller_E	4040496	0.000140182	0.997368	0.00249148
Muller_E	4040949	0.000137949	0.997368	0.00249444
Muller_E	4045900	0.000113431	0.99736	0.00252665
Muller_E	4046078	0.000112546	0.99736	0.0025278
Muller_E	4046843	0.000108739	0.997358	0.00253276
Muller_E	4047581	0.000105062	0.997357	0.00253754
Muller_E	4048275	0.0001016	0.997356	0.00254203
Muller_E	4048700	9.94784e-05	0.997356	0.00254478
Muller_E	4053592	7.49497e-05	0.997349	0.00257631
Muller_E	4056223	6.16782e-05	0.997345	0.00259318
Muller_E	4056545	6.00501e-05	0.997345	0.00259524
Muller_E	4056951	5.79961e-05	0.997344	0.00259784
Muller_E	4057601	5.4705e-05	0.997343	0.002602
Muller_E	4057720	5.41021e-05	0.997343	0.00260276
Muller_E	4058043	5.2465e-05	0.997343	0.00260482
Muller_E	4058149	5.19276e-05	0.997343	0.0026055
Muller_E	4058704	8.74692e-06	0.995249	0.00474247
Muller_E	4059417	4.86145e-05	0.997341	0.00261031
Muller_E	4059965	4.82291e-05	0.99734	0.00261127
Muller_E	4061381	4.72221e-05	0.997339	0.00261376
Muller_E	4061745	4.69606e-05	0.997339	0.0026144
Muller_E	4062020	4.67623e-05	0.997338	0.00261488
Muller_E	4062507	4.64097e-05	0.997338	0.00261573
Muller_E	4062941	4.60938e-05	0.997337	0.00261648
Muller_E	4064035	4.52909e-05	0.997336	0.00261838
Muller_E	4064680	4.4813e-05	0.997336	0.0026195
Muller_E	4064829	4.47021e-05	0.997336	0.00261975
Muller_E	4065474	4.42201e-05	0.997335	0.00262086
Muller_E	4065574	4.4145e-05	0.997335	0.00262104
Muller_E	4066028	4.38034e-05	0.997334	0.00262181
Muller_E	4067541	4.26527e-05	0.997333	0.0026244
Muller_E	4067967	4.23253e-05	0.997333	0.00262512
Muller_E	4068535	8.88403e-06	0.995307	0.00468452
Muller_E	4069245	4.23343e-05	0.997333	0.00262456
Muller_E	4070105	4.28711e-05	0.997334	0.00262271
Muller_E	4071088	4.34774e-05	0.997336	0.00262059
Muller_E	4071641	4.38151e-05	0.997337	0.00261939
Muller_E	4072126	4.41092e-05	0.997338	0.00261833
Muller_E	4072768	4.44956e-05	0.997339	0.00261694
Muller_E	4072973	4.46182e-05	0.997339	0.00261649
Muller_E	4073359	4.48483e-05	0.99734	0.00261565
Muller_E	4075135	4.58914e-05	0.997342	0.00261176
Muller_E	4075254	4.59604e-05	0.997343	0.0026115
Muller_E	4076053	4.64205e-05	0.997344	0.00260974
Muller_E	4077160	4.70496e-05	0.997346	0.00260729
Muller_E	4078165	4.76121e-05	0.997347	0.00260506
Muller_E	4078690	4.79028e-05	0.997348	0.0026039
Muller_E	4078900	4.80184e-05	0.997349	0.00260343
Muller_E	4079010	4.80788e-05	0.997349	0.00260318
Muller_E	4079297	4.8236e-05	0.997349	0.00260254
Muller_E	4081728	4.95408e-05	0.997353	0.00259709
Muller_E	4082079	4.97252e-05	0.997354	0.0025963
Muller_E	4083988	5.0711e-05	0.997357	0.00259199
Muller_E	4085715	5.15774e-05	0.99736	0.00258806
Muller_E	4089306	5.3302e-05	0.997367	0.00257981
Muller_E	4089803	5.35325e-05	0.997368	0.00257866
Muller_E	4092778	5.48704e-05	0.997373	0.00257173
Muller_E	4092894	5.49211e-05	0.997374	0.00257146
Muller_E	4098915	5.74046e-05	0.997385	0.00255722
Muller_E	4109650	6.11064e-05	0.997408	0.00253111
Muller_E	4113217	6.21305e-05	0.997416	0.00252223
Muller_E	4113538	6.22176e-05	0.997416	0.00252143
Muller_E	4114422	6.24532e-05	0.997418	0.00251921
Muller_E	4114803	6.25528e-05	0.997419	0.00251825
Muller_E	4115118	6.26343e-05	0.99742	0.00251746
Muller_E	4116856	6.30694e-05	0.997424	0.00251307
Muller_E	4117074	6.31223e-05	0.997424	0.00251251
Muller_E	4117473	6.3218e-05	0.997425	0.0025115
Muller_E	4118970	6.35658e-05	0.997429	0.00250769
Muller_E	4121851	6.41841e-05	0.997436	0.00250031
Muller_E	4122071	6.42286e-05	0.997436	0.00249974
Muller_E	4122393	6.42929e-05	0.997437	0.00249891
Muller_E	4122818	6.43766e-05	0.997438	0.00249782
Muller_E	4124318	6.46603e-05	0.997441	0.00249394
Muller_E	4124418	6.46786e-05	0.997442	0.00249368
Muller_E	4126492	6.50393e-05	0.997447	0.00248828
Muller_E	4127527	6.52063e-05	0.997449	0.00248557
Muller_E	4127720	6.52364e-05	0.99745	0.00248507
Muller_E	4128101	2.25999e-05	0.995877	0.00410051
Muller_E	4128234	6.55031e-05	0.997451	0.00248319
Muller_E	4130334	6.87677e-05	0.997462	0.0024694
Muller_E	4132221	7.16708e-05	0.997471	0.00245698
Muller_E	4134741	7.5503e-05	0.997484	0.00244035
Muller_E	4134982	7.58668e-05	0.997485	0.00243875
Muller_E	4136547	7.82179e-05	0.997493	0.00242839
Muller_E	4140224	2.30761e-05	0.99584	0.00413683
Muller_E	4140902	8.77197e-05	0.997517	0.00239524
Muller_E	4141485	9.12041e-05	0.997521	0.00238773
Muller_E	4143836	0.000105228	0.997537	0.0023574
Muller_E	4144350	0.000108288	0.997541	0.00235077
Muller_E	4144848	0.000111251	0.997544	0.00234434
Muller_E	4150850	0.000146803	0.997587	0.00226667
Muller_E	4151927	0.000153152	0.997594	0.0022527
Muller_E	4154621	0.000168993	0.997613	0.00221772
Muller_E	4159745	0.000198962	0.99765	0.00215103
Muller_E	4159958	0.000200204	0.997652	0.00214826
Muller_E	4160923	0.000205822	0.997659	0.00213567
Muller_E	4161787	0.000210847	0.997665	0.0021244
Muller_E	4162162	0.000213026	0.997667	0.0021195
Muller_E	4163984	0.000223597	0.997681	0.0020957
Muller_E	4164218	0.000224952	0.997682	0.00209265
Muller_E	4164859	0.000228664	0.997687	0.00208427
Muller_E	4165033	0.000229671	0.997688	0.00208199
Muller_E	4165157	0.000230388	0.997689	0.00208037
Muller_E	4165383	0.000231695	0.997691	0.00207741
Muller_E	4165808	0.000234152	0.997694	0.00207185
Muller_E	4165958	0.000235019	0.997695	0.00206989
Muller_E	4166062	0.00023562	0.997696	0.00206853
Muller_E	4166243	0.000445177	0.999302	0.000252446
Muller_E	4166628	0.000237766	0.997695	0.00206744
Muller_E	4168755	0.000243822	0.997682	0.00207449
Muller_E	4172546	0.000254526	0.997659	0.00208696
Muller_E	4172827	0.000255315	0.997657	0.00208788
Muller_E	4173860	0.000258209	0.997651	0.00209126
Muller_E	4176100	0.000264456	0.997637	0.00209855
Muller_E	4176326	0.000265084	0.997636	0.00209928
Muller_E	4176826	0.000266472	0.997633	0.0021009
Muller_E	4177022	0.000267015	0.997631	0.00210154
Muller_E	4178339	0.000270659	0.997624	0.00210579
Muller_E	4178608	0.000271402	0.997622	0.00210666
Muller_E	4179326	0.000273381	0.997618	0.00210898
Muller_E	4180712	0.000277189	0.997609	0.00211343
Muller_E	4180966	0.000277886	0.997608	0.00211425
Muller_E	4184926	0.000288674	0.997584	0.00212688
Muller_E	4185178	0.000289356	0.997583	0.00212768
Muller_E	4185319	0.000289738	0.997582	0.00212813
Muller_E	4185532	0.000290314	0.997581	0.0021288
Muller_E	4187632	0.000295973	0.997569	0.00213544
Muller_E	4188227	0.00029757	0.997565	0.00213732
Muller_E	4188670	0.000298757	0.997563	0.00213871
Muller_E	4192621	0.000309275	0.99754	0.00215107
Muller_E	4193546	0.00031172	0.997534	0.00215395
Muller_E	4194407	0.000313989	0.997529	0.00215662
Muller_E	4195783	0.000317602	0.997522	0.00216088
Muller_E	4196010	0.000318197	0.99752	0.00216158
Muller_E	4197440	0.000321934	0.997512	0.00216598
Muller_E	4198223	0.000323973	0.997508	0.00216838
Muller_E	4199021	0.000326046	0.997503	0.00217083
Muller_E	4199203	0.000326518	0.997502	0.00217139
Muller_E	4199424	0.000327091	0.997501	0.00217206
Muller_E	4199639	0.000327648	0.9975	0.00217272
Muller_E	4199983	0.000328538	0.997498	0.00217377
Muller_E	4203293	0.000337056	0.997479	0.00218383
Muller_E	4205814	0.000343485	0.997465	0.00219144
Muller_E	4206134	0.000344297	0.997463	0.0021924
Muller_E	4207588	0.000347978	0.997455	0.00219676
Muller_E	4210680	0.000355748	0.997438	0.00220597
Muller_E	4210928	0.000356368	0.997437	0.00220671
Muller_E	4211312	0.000357327	0.997435	0.00220785
Muller_E	4211755	0.000358431	0.997432	0.00220916
Muller_E	4213444	0.000362628	0.997423	0.00221414
Muller_E	4216650	0.000370532	0.997406	0.00222355
Muller_E	4217058	0.000371532	0.997404	0.00222474
Muller_E	4217453	0.000372499	0.997402	0.00222589
Muller_E	4217565	0.000372773	0.997401	0.00222621
Muller_E	4217669	0.000373027	0.9974	0.00222652
Muller_E	4217825	0.000373408	0.9974	0.00222697
Muller_E	4218923	0.000376086	0.997394	0.00223016
Muller_E	4225215	0.000391241	0.997361	0.00224825
Muller_E	4232774	0.000409025	0.997321	0.00226957
Muller_E	4235298	0.000414861	0.997309	0.00227658
Muller_E	4245993	0.000439019	0.997255	0.00230574
Muller_E	4252835	0.00045399	0.997222	0.00232391
Muller_E	4253725	0.00045591	0.997218	0.00232625
Muller_E	4256197	0.000461208	0.997206	0.0023327
Muller_E	4261234	0.000471852	0.997182	0.0023457
Muller_E	4262892	0.000475311	0.997175	0.00234993
Muller_E	4263238	0.00047603	0.997173	0.00235081
Muller_E	4263588	0.000476756	0.997172	0.0023517
Muller_E	4264621	0.000478894	0.997167	0.00235432
Muller_E	4266950	0.000483683	0.997156	0.0023602
Muller_E	4267529	0.000484866	0.997153	0.00236166
Muller_E	4276223	0.000502315	0.997115	0.00238317
Muller_E	4311688	0.00056718	0.996968	0.00246464
Muller_E	4311965	0.000567647	0.996967	0.00246524
Muller_E	4312254	0.000568133	0.996966	0.00246586
Muller_E	4312510	0.000568563	0.996965	0.00246641
Muller_E	4334492	0.000603533	0.996885	0.00251168
Muller_E	4352032	0.000628644	0.996826	0.00254501
Muller_E	4353438	0.000630549	0.996822	0.00254758
Muller_E	4356857	0.000635116	0.996811	0.00255375
Muller_E	4360054	0.000639302	0.996801	0.00255943
Muller_E	4374783	0.000657521	0.996758	0.00258456
Muller_E	4374946	0.000657713	0.996757	0.00258483
Muller_E	4381350	0.000665081	0.99674	0.00259521
Muller_E	4558836	0.000737839	0.996511	0.00275154
Muller_E	4562012	0.000736831	0.996511	0.00275203
Muller_E	4564083	0.000736129	0.996512	0.00275231
Muller_E	4564194	0.000736091	0.996512	0.00275232
Muller_E	4568491	0.000734522	0.996513	0.00275278
Muller_E	4569115	0.000734281	0.996513	0.00275284
Muller_E	4569749	0.000734034	0.996513	0.00275289
Muller_E	4570340	0.000733801	0.996513	0.00275293
Muller_E	4571890	0.000733175	0.996514	0.00275304
Muller_E	4572624	0.000732872	0.996514	0.00275309
Muller_E	4573491	0.000732508	0.996514	0.00275313
Muller_E	4573809	0.000732374	0.996514	0.00275315
Muller_E	4577361	0.000730812	0.996516	0.00275326
Muller_E	4577462	0.000730766	0.996516	0.00275327
Muller_E	4578308	0.000730379	0.996516	0.00275328
Muller_E	4580664	0.000729269	0.996517	0.00275328
Muller_E	4580954	0.000729129	0.996518	0.00275328
Muller_E	4581769	0.000728733	0.996518	0.00275327
Muller_E	4581909	0.000728664	0.996518	0.00275327
Muller_E	4583019	0.000728115	0.996519	0.00275324
Muller_E	4583393	0.000727928	0.996519	0.00275323
Muller_E	4583516	0.000727866	0.996519	0.00275323
Muller_E	4584473	0.00072738	0.996519	0.00275319
Muller_E	4589180	0.000724885	0.996522	0.00275292
Muller_E	4590247	0.000724294	0.996523	0.00275284
Muller_E	4591539	0.000723567	0.996524	0.00275272
Muller_E	4593253	0.000722581	0.996525	0.00275255
Muller_E	4593508	0.000722433	0.996525	0.00275252
Muller_E	4593974	0.00072216	0.996525	0.00275247
Muller_E	4595111	0.000721486	0.996526	0.00275233
Muller_E	4595303	0.000721372	0.996526	0.00275231
Muller_E	4597548	0.000720008	0.996528	0.002752
Muller_E	4597833	0.000719832	0.996528	0.00275196
Muller_E	4600306	0.000718277	0.99653	0.00275158
Muller_E	4607273	0.000713632	0.996536	0.00275023
Muller_E	4607398	0.000713545	0.996536	0.0027502
Muller_E	4610441	0.00071139	0.996539	0.00274948
Muller_E	4611041	0.000710956	0.99654	0.00274934
Muller_E	4611562	0.000710578	0.99654	0.0027492
Muller_E	4611697	0.000710479	0.99654	0.00274917
Muller_E	4612447	0.000709929	0.996541	0.00274897
Muller_E	4612733	0.000709718	0.996541	0.0027489
Muller_E	4612927	0.000709574	0.996542	0.00274885
Muller_E	4613148	0.000709411	0.996542	0.00274879
Muller_E	4614502	0.000708398	0.996543	0.00274841
Muller_E	4615888	0.000707347	0.996545	0.00274802
Muller_E	4616173	0.000707129	0.996545	0.00274794
Muller_E	4616508	0.000706872	0.996545	0.00274784
Muller_E	4616663	0.000706752	0.996545	0.00274779
Muller_E	4618190	0.000705566	0.996547	0.00274733
Muller_E	4619781	0.000704311	0.996549	0.00274683
Muller_E	4622166	0.000702391	0.996552	0.00274603
Muller_E	4626314	0.000698942	0.996557	0.00274455
Muller_E	4626864	0.000698474	0.996557	0.00274434
Muller_E	4627368	0.000698043	0.996558	0.00274415
Muller_E	4627488	0.00069794	0.996558	0.0027441
Muller_E	4633961	0.00069222	0.996566	0.00274145
Muller_E	4635834	0.000690502	0.996569	0.00274062
Muller_E	4636452	0.000689929	0.99657	0.00274034
Muller_E	4637295	0.000689143	0.996571	0.00273995
Muller_E	4640891	0.000685722	0.996576	0.00273823
Muller_E	4645727	0.000680959	0.996583	0.00273576
Muller_E	4646376	0.000680305	0.996584	0.00273541
Muller_E	4646798	0.000679878	0.996585	0.00273519
Muller_E	4653320	0.000673099	0.996595	0.0027315
Muller_E	4656520	0.000669648	0.996601	0.00272956
Muller_E	4672665	0.000650977	0.99663	0.00271854
Muller_E	4674140	0.000649166	0.996633	0.00271743
Muller_E	4675745	0.000647176	0.996637	0.00271621
Muller_E	4676485	0.000646252	0.996638	0.00271563
Muller_E	4677110	0.000645468	0.996639	0.00271514
Muller_E	4677655	0.000644781	0.996641	0.00271472
Muller_E	4678986	0.000643095	0.996643	0.00271366
Muller_E	4680223	0.000641515	0.996646	0.00271267
Muller_E	4682403	0.0006387	0.99665	0.00271089
Muller_E	4682621	0.000638416	0.996651	0.00271071
Muller_E	4684270	0.000636259	0.996654	0.00270933
Muller_E	4685491	0.000634647	0.996657	0.0027083
Muller_E	4686019	0.000633947	0.996658	0.00270785
Muller_E	4687101	0.000632504	0.996661	0.00270692
Muller_E	4689628	0.000629098	0.996666	0.00270471
Muller_E	4690052	0.000628521	0.996667	0.00270434
Muller_E	4690344	0.000628123	0.996668	0.00270408
Muller_E	4690905	0.000627357	0.996669	0.00270358
Muller_E	4691125	0.000627056	0.99667	0.00270338
Muller_E	4691712	0.00062625	0.996671	0.00270285
Muller_E	4691999	0.000625855	0.996672	0.00270259
Muller_E	4692111	0.000625701	0.996672	0.00270249
Muller_E	4693234	0.000624148	0.996674	0.00270147
Muller_E	4693620	0.000623612	0.996675	0.00270112
Muller_E	4693753	0.000623427	0.996676	0.002701
Muller_E	4694021	0.000623054	0.996676	0.00270075
Muller_E	4694592	0.000622257	0.996678	0.00270023
Muller_E	4696429	0.000619675	0.996682	0.00269852
Muller_E	4696792	0.000619161	0.996683	0.00269818
Muller_E	4699402	0.000615439	0.996689	0.00269569
Muller_E	4700957	0.000613194	0.996693	0.00269418
Muller_E	4702606	0.000610793	0.996697	0.00269257
Muller_E	4708142	0.000602573	0.99671	0.00268697
Muller_E	4712097	0.000596548	0.996721	0.00268283
Muller_E	4713898	0.000593763	0.996725	0.0026809
Muller_E	4714194	0.000593303	0.996726	0.00268058
Muller_E	4717094	0.000588757	0.996734	0.00267741
Muller_E	4717794	0.000587649	0.996736	0.00267663
Muller_E	4720564	0.000583227	0.996743	0.00267353
Muller_E	4722390	0.000580279	0.996748	0.00267145
Muller_E	4727534	0.000571828	0.996763	0.00266544
Muller_E	4730688	0.000566542	0.996772	0.00266165
Muller_E	4731377	0.000565376	0.996774	0.00266081
Muller_E	4732944	0.000562711	0.996778	0.00265889
Muller_E	4738342	0.000553378	0.996794	0.00265213
Muller_E	4739398	0.000551525	0.996798	0.00265077
Muller_E	4742492	0.000546044	0.996807	0.00264676
Muller_E	4745718	0.000540247	0.996817	0.0026425
Muller_E	4746457	0.000538907	0.99682	0.00264151
Muller_E	4748015	0.000536068	0.996825	0.00263941
Muller_E	4748352	0.000535451	0.996826	0.00263896
Muller_E	4748630	0.000534942	0.996826	0.00263858
Muller_E	4751071	0.000965296	0.998551	0.000483959
Muller_E	4751685	0.000527747	0.996829	0.00264364
Muller_E	4751817	0.000527168	0.996827	0.00264545
Muller_E	4752607	0.000523695	0.99682	0.00265626
Muller_E	4752773	0.000522965	0.996819	0.00265853
Muller_E	4753826	0.000518327	0.996809	0.00267292
Muller_E	4754671	0.000514599	0.996801	0.00268447
Muller_E	4756619	0.000505983	0.996783	0.00271106
Muller_E	4759191	0.000494561	0.996759	0.00274612
Muller_E	4761262	0.000485325	0.99674	0.00277432
Muller_E	4761866	0.000482625	0.996735	0.00278253
Muller_E	4761985	0.000482093	0.996734	0.00278415
Muller_E	4763545	0.000475104	0.99672	0.00280536
Muller_E	4764509	0.000470776	0.996711	0.00281846
Muller_E	4765595	0.00046589	0.996701	0.0028332
Muller_E	4766291	0.000462755	0.996695	0.00284264
Muller_E	4766501	0.000461808	0.996693	0.00284549
Muller_E	4767354	0.000457958	0.996685	0.00285706
Muller_E	4769627	0.000447671	0.996664	0.00288786
Muller_E	4769950	0.000446206	0.996662	0.00289223
Muller_E	4772288	0.000435576	0.996641	0.00292386
Muller_E	4773763	0.000428847	0.996627	0.00294379
Muller_E	4773963	0.000427933	0.996626	0.00294649
Muller_E	4774375	0.00042605	0.996622	0.00295205
Muller_E	4774957	0.000423387	0.996617	0.00295991
Muller_E	4775479	0.000420996	0.996612	0.00296695
Muller_E	4776619	0.000415768	0.996602	0.00298233
