chrom	position	2,0	1,1	0,2
Muller_E	62882	0.345179	0.582833	0.0719887
Muller_E	267432	0.33762	0.600511	0.0618691
Muller_E	441230	0.331181	0.615637	0.0531812
Muller_E	511157	0.48101	0.510188	0.0088019
Muller_E	557879	0.324592	0.625772	0.0496364
Muller_E	581000	0.322615	0.627763	0.0496221
Muller_E	709108	0.311656	0.638829	0.0495148
Muller_E	768129	0.306602	0.643949	0.0494488
Muller_E	785241	0.305136	0.645436	0.0494277
Muller_E	787322	0.304958	0.645617	0.0494251
Muller_E	787424	0.304949	0.645626	0.0494249
Muller_E	788173	0.304885	0.645691	0.049424
Muller_E	788750	0.304836	0.645741	0.0494232
Muller_E	788860	0.304826	0.645751	0.0494231
Muller_E	791823	0.304572	0.646008	0.0494193
Muller_E	802257	0.303678	0.646916	0.0494058
Muller_E	893794	0.29583	0.654898	0.0492723
Muller_E	894300	0.295786	0.654942	0.0492715
Muller_E	896281	0.295616	0.655115	0.0492683
Muller_E	897287	0.29553	0.655203	0.0492667
Muller_E	897987	0.29547	0.655265	0.0492655
Muller_E	901015	0.29521	0.655529	0.0492606
Muller_E	901718	0.29515	0.655591	0.0492595
Muller_E	923408	0.293288	0.657488	0.0492234
Muller_E	923675	0.293266	0.657512	0.0492229
Muller_E	924320	0.29321	0.657568	0.0492218
Muller_E	927795	0.292912	0.657872	0.0492159
Muller_E	948021	0.291175	0.659644	0.0491805
Muller_E	948230	0.291158	0.659662	0.0491802
Muller_E	958531	0.290273	0.660565	0.0491616
Muller_E	967701	0.289485	0.66137	0.0491449
Muller_E	969142	0.289362	0.661496	0.0491422
Muller_E	1033237	0.283854	0.66713	0.0490168
Muller_E	1120573	0.276338	0.674838	0.0488237
Muller_E	1123171	0.276115	0.675068	0.0488175
Muller_E	1146845	0.274075	0.677164	0.0487604
Muller_E	1148492	0.273934	0.67731	0.0487564
Muller_E	1168315	0.272225	0.679068	0.048707
Muller_E	1213395	0.268338	0.683073	0.0485894
Muller_E	1262309	0.264116	0.687431	0.0484537
Muller_E	1275111	0.26301	0.688574	0.0484167
Muller_E	1275707	0.262958	0.688627	0.048415
Muller_E	1314313	0.259622	0.692078	0.0482998
Muller_E	1318297	0.259277	0.692435	0.0482877
Muller_E	1358440	0.255804	0.696034	0.0481615
Muller_E	1358616	0.255789	0.69605	0.048161
Muller_E	1378824	0.25404	0.697865	0.0480952
Muller_E	1480336	0.245238	0.70702	0.0477415
Muller_E	1489232	0.244466	0.707826	0.0477086
Muller_E	1645912	0.230831	0.72209	0.0470785
Muller_E	1673398	0.228433	0.724609	0.0469579
Muller_E	1718642	0.224481	0.728766	0.0467525
Muller_E	1746815	0.222018	0.731362	0.0466204
Muller_E	1763447	0.220562	0.732897	0.0465408
Muller_E	1765039	0.220423	0.733044	0.0465332
Muller_E	1765159	0.220413	0.733055	0.0465326
Muller_E	1765369	0.220394	0.733074	0.0465316
Muller_E	1771226	0.219881	0.733615	0.0465032
Muller_E	1799036	0.217446	0.736188	0.0463667
Muller_E	1802542	0.217138	0.736512	0.0463493
Muller_E	1802678	0.217126	0.736525	0.0463486
Muller_E	1803039	0.217095	0.736558	0.0463468
Muller_E	1803347	0.217068	0.736587	0.0463453
Muller_E	1805518	0.216878	0.736788	0.0463344
Muller_E	1812938	0.216227	0.737476	0.0462972
Muller_E	1813040	0.216218	0.737485	0.0462967
Muller_E	1815234	0.216026	0.737688	0.0462857
Muller_E	1815907	0.215967	0.737751	0.0462823
Muller_E	1816383	0.215925	0.737795	0.0462799
Muller_E	1831501	0.214599	0.739198	0.0462032
Muller_E	1850978	0.21289	0.741007	0.046103
Muller_E	1851905	0.212809	0.741093	0.0460981
Muller_E	1852166	0.212786	0.741117	0.0460968
Muller_E	1857635	0.212306	0.741626	0.0460683
Muller_E	1861157	0.211997	0.741954	0.0460499
Muller_E	1861336	0.211981	0.74197	0.046049
Muller_E	1861880	0.211933	0.742021	0.0460461
Muller_E	1866595	0.211519	0.74246	0.0460214
Muller_E	1870209	0.211202	0.742796	0.0460024
Muller_E	1871973	0.211047	0.74296	0.0459931
Muller_E	1880064	0.210336	0.743714	0.0459502
Muller_E	1889333	0.209521	0.744578	0.0459008
Muller_E	1891195	0.209358	0.744752	0.0458908
Muller_E	1894320	0.209083	0.745043	0.045874
Muller_E	1900363	0.208552	0.745607	0.0458414
Muller_E	1904375	0.208199	0.745981	0.0458197
Muller_E	1915469	0.207223	0.747018	0.0457593
Muller_E	1927060	0.206203	0.748101	0.0456957
Muller_E	1932459	0.205728	0.748606	0.0456658
Muller_E	1944351	0.204681	0.749719	0.0455996
Muller_E	1946702	0.204474	0.74994	0.0455864
Muller_E	1961660	0.203156	0.751342	0.0455021
Muller_E	1975567	0.201931	0.752647	0.0454228
Muller_E	2011856	0.198729	0.756059	0.0452118
Muller_E	2013122	0.198618	0.756178	0.0452044
Muller_E	2044597	0.195837	0.759146	0.0450165
Muller_E	2048236	0.195516	0.75949	0.0449944
Muller_E	2048434	0.195498	0.759509	0.0449932
Muller_E	2086567	0.192125	0.763116	0.0447589
Muller_E	2103366	0.190637	0.764709	0.0446536
Muller_E	2117584	0.189378	0.766059	0.0445634
Muller_E	2126123	0.188621	0.76687	0.0445088
Muller_E	2135792	0.187763	0.76779	0.0444466
Muller_E	2140907	0.18731	0.768277	0.0444135
Muller_E	2141169	0.187286	0.768302	0.0444118
Muller_E	2142715	0.187149	0.768449	0.0444017
Muller_E	2145389	0.186912	0.768704	0.0443844
Muller_E	2146953	0.186773	0.768852	0.0443742
Muller_E	2147057	0.186764	0.768862	0.0443735
Muller_E	2201852	0.181897	0.774093	0.0440098
Muller_E	2204792	0.181635	0.774375	0.0439899
Muller_E	2219543	0.180323	0.775788	0.0438893
Muller_E	2220290	0.180257	0.775859	0.0438842
Muller_E	2241628	0.178357	0.777906	0.0437369
Muller_E	2243471	0.178193	0.778083	0.043724
Muller_E	2531559	0.152372	0.806113	0.0415155
Muller_E	2693610	0.137696	0.822215	0.0400884
Muller_E	2696554	0.137429	0.82251	0.0400612
Muller_E	2706179	0.136553	0.823475	0.039972
Muller_E	2713009	0.135932	0.82416	0.0399084
Muller_E	2716202	0.135641	0.82448	0.0398785
Muller_E	2721440	0.135164	0.825006	0.0398295
Muller_E	2735475	0.133886	0.826417	0.0396973
Muller_E	2763120	0.131365	0.829201	0.0394338
Muller_E	2777976	0.130009	0.8307	0.0392905
Muller_E	2779619	0.129859	0.830866	0.0392746
Muller_E	2787347	0.129154	0.831647	0.0391995
Muller_E	2788916	0.12901	0.831806	0.0391842
Muller_E	2795398	0.128418	0.832461	0.0391209
Muller_E	2798296	0.128153	0.832754	0.0390926
Muller_E	2799305	0.128061	0.832856	0.0390827
Muller_E	2800245	0.127975	0.832952	0.0390735
Muller_E	2800507	0.127951	0.832978	0.0390709
Muller_E	2800780	0.127926	0.833006	0.0390682
Muller_E	2800932	0.127912	0.833021	0.0390667
Muller_E	2801158	0.127891	0.833044	0.0390645
Muller_E	2805736	0.127473	0.833508	0.0390195
Muller_E	2807233	0.127336	0.833659	0.0390048
Muller_E	2807795	0.127285	0.833716	0.0389993
Muller_E	2808363	0.127233	0.833774	0.0389937
Muller_E	2809031	0.127172	0.833841	0.0389871
Muller_E	2809272	0.12715	0.833866	0.0389847
Muller_E	2809909	0.127091	0.83393	0.0389784
Muller_E	2811470	0.126948	0.834088	0.038963
Muller_E	2811776	0.126921	0.834119	0.03896
Muller_E	2812117	0.126889	0.834154	0.0389567
Muller_E	2815676	0.126564	0.834515	0.0389215
Muller_E	2816259	0.12651	0.834574	0.0389157
Muller_E	2817070	0.126436	0.834656	0.0389077
Muller_E	2817616	0.126386	0.834711	0.0389023
Muller_E	2819402	0.126223	0.834893	0.0388846
Muller_E	2820166	0.126153	0.83497	0.038877
Muller_E	2820386	0.126133	0.834992	0.0388748
Muller_E	2820775	0.126097	0.835032	0.038871
Muller_E	2821135	0.126064	0.835068	0.0388674
Muller_E	2821440	0.126036	0.835099	0.0388644
Muller_E	2826939	0.125533	0.835657	0.0388097
Muller_E	2831172	0.125145	0.836087	0.0387676
Muller_E	2831515	0.125114	0.836122	0.0387641
Muller_E	2832336	0.125039	0.836205	0.0387559
Muller_E	2833070	0.124972	0.83628	0.0387486
Muller_E	2850717	0.123355	0.838074	0.0385715
Muller_E	2853215	0.123126	0.838328	0.0385463
Muller_E	2856496	0.122825	0.838662	0.0385131
Muller_E	2856945	0.122784	0.838707	0.0385086
Muller_E	2857481	0.122735	0.838762	0.0385032
Muller_E	2858163	0.122672	0.838831	0.0384963
Muller_E	2859754	0.122526	0.838993	0.0384801
Muller_E	2859987	0.122505	0.839017	0.0384778
Muller_E	2862604	0.122265	0.839284	0.0384512
Muller_E	2866488	0.121909	0.839679	0.0384118
Muller_E	2867267	0.121837	0.839759	0.0384039
Muller_E	2868557	0.121719	0.83989	0.0383907
Muller_E	2870085	0.121579	0.840046	0.0383752
Muller_E	2870623	0.12153	0.840101	0.0383697
Muller_E	2876155	0.121022	0.840665	0.0383132
Muller_E	2877151	0.12093	0.840767	0.038303
Muller_E	2886067	0.120112	0.841677	0.0382116
Muller_E	2886534	0.120069	0.841724	0.0382068
Muller_E	2887599	0.119971	0.841833	0.0381958
Muller_E	2887882	0.119945	0.841862	0.0381929
Muller_E	2888492	0.119889	0.841924	0.0381866
Muller_E	2888607	0.119879	0.841936	0.0381854
Muller_E	2890000	0.119751	0.842078	0.0381711
Muller_E	2890387	0.119715	0.842118	0.0381671
Muller_E	2890907	0.119667	0.842171	0.0381617
Muller_E	2894764	0.119313	0.842565	0.0381219
Muller_E	2899098	0.118915	0.843008	0.0380771
Muller_E	2901481	0.118696	0.843252	0.0380524
Muller_E	2901643	0.118681	0.843268	0.0380508
Muller_E	2902627	0.118591	0.843369	0.0380405
Muller_E	2903432	0.118517	0.843451	0.0380322
Muller_E	2904998	0.118373	0.843611	0.0380159
Muller_E	2905994	0.118281	0.843713	0.0380056
Muller_E	2907134	0.118176	0.84383	0.0379937
Muller_E	2908511	0.11805	0.843971	0.0379794
Muller_E	2909452	0.117963	0.844067	0.0379696
Muller_E	2910160	0.117898	0.84414	0.0379622
Muller_E	2911022	0.117819	0.844228	0.0379533
Muller_E	2911252	0.117798	0.844251	0.0379509
Muller_E	2911992	0.11773	0.844327	0.0379432
Muller_E	2914672	0.117483	0.844602	0.0379152
Muller_E	2915489	0.117408	0.844685	0.0379067
Muller_E	2918585	0.117123	0.845002	0.0378743
Muller_E	2919015	0.117084	0.845047	0.0378698
Muller_E	2919728	0.117018	0.84512	0.0378623
Muller_E	2919971	0.116996	0.845144	0.0378598
Muller_E	2921506	0.116854	0.845302	0.0378437
Muller_E	2922564	0.116757	0.84541	0.0378326
Muller_E	2922707	0.116744	0.845425	0.0378311
Muller_E	2924226	0.116604	0.845581	0.0378152
Muller_E	2925108	0.116523	0.845671	0.0378059
Muller_E	2925552	0.116482	0.845717	0.0378013
Muller_E	2928855	0.116178	0.846055	0.0377666
Muller_E	2930674	0.116011	0.846242	0.0377474
Muller_E	2931258	0.115957	0.846302	0.0377413
Muller_E	2931592	0.115926	0.846336	0.0377377
Muller_E	2931798	0.115907	0.846357	0.0377356
Muller_E	2932326	0.115859	0.846411	0.03773
Muller_E	2945623	0.114634	0.847776	0.0375894
Muller_E	2945753	0.114622	0.84779	0.037588
Muller_E	2945878	0.114611	0.847803	0.0375866
Muller_E	2946001	0.114599	0.847815	0.0375853
Muller_E	2955783	0.113698	0.848821	0.0374812
Muller_E	2957997	0.113494	0.849049	0.0374576
Muller_E	2959282	0.113375	0.849181	0.0374438
Muller_E	2959697	0.113337	0.849223	0.0374394
Muller_E	2959819	0.113326	0.849236	0.0374381
Muller_E	2960759	0.113239	0.849333	0.037428
Muller_E	2961667	0.113155	0.849426	0.0374183
Muller_E	2961801	0.113143	0.84944	0.0374169
Muller_E	2963254	0.113009	0.84959	0.0374013
Muller_E	2963568	0.11298	0.849622	0.037398
Muller_E	2975263	0.111901	0.850826	0.0372722
Muller_E	2976725	0.111766	0.850977	0.0372565
Muller_E	2977784	0.111669	0.851086	0.037245
Muller_E	2982473	0.111236	0.85157	0.0371943
Muller_E	2984283	0.111069	0.851756	0.0371747
Muller_E	2985483	0.110958	0.85188	0.0371617
Muller_E	2985658	0.110942	0.851898	0.0371598
Muller_E	2985908	0.110919	0.851924	0.0371571
Muller_E	2987685	0.110755	0.852107	0.0371378
Muller_E	2992894	0.110274	0.852645	0.0370812
Muller_E	2993313	0.110235	0.852688	0.0370767
Muller_E	2993798	0.11019	0.852738	0.0370714
Muller_E	2994137	0.110159	0.852773	0.0370677
Muller_E	2994487	0.110127	0.85281	0.0370639
Muller_E	2994615	0.110115	0.852823	0.0370625
Muller_E	2995123	0.110068	0.852875	0.037057
Muller_E	2995701	0.110014	0.852935	0.0370507
Muller_E	2996048	0.109982	0.852971	0.0370469
Muller_E	2996738	0.109919	0.853042	0.0370393
Muller_E	2996880	0.109906	0.853057	0.0370378
Muller_E	2997113	0.109884	0.853081	0.0370353
Muller_E	2999116	0.109699	0.853288	0.0370134
Muller_E	2999459	0.109667	0.853323	0.0370097
Muller_E	3001420	0.109486	0.853526	0.0369882
Muller_E	3001578	0.109471	0.853542	0.0369865
Muller_E	3001696	0.109461	0.853554	0.0369852
Muller_E	3002579	0.109379	0.853646	0.0369755
Muller_E	3003095	0.109331	0.853699	0.0369699
Muller_E	3003540	0.10929	0.853745	0.036965
Muller_E	3004120	0.109237	0.853805	0.0369587
Muller_E	3005221	0.109135	0.853919	0.0369466
Muller_E	3007967	0.108881	0.854203	0.0369165
Muller_E	3012773	0.108437	0.8547	0.0368637
Muller_E	3013331	0.108385	0.854757	0.0368576
Muller_E	3013618	0.108358	0.854787	0.0368544
Muller_E	3014080	0.108316	0.854835	0.0368494
Muller_E	3014783	0.108251	0.854908	0.0368416
Muller_E	3016296	0.108111	0.855064	0.036825
Muller_E	3017214	0.108026	0.855159	0.0368148
Muller_E	3018320	0.107924	0.855274	0.0368026
Muller_E	3018982	0.107862	0.855342	0.0367953
Muller_E	3019303	0.107833	0.855376	0.0367918
Muller_E	3019831	0.107784	0.85543	0.036786
Muller_E	3021834	0.107599	0.855638	0.0367638
Muller_E	3021944	0.107588	0.855649	0.0367626
Muller_E	3023127	0.107479	0.855772	0.0367496
Muller_E	3024474	0.107354	0.855911	0.0367347
Muller_E	3024813	0.107323	0.855946	0.0367309
Muller_E	3029421	0.106896	0.856424	0.0366798
Muller_E	3029834	0.106858	0.856466	0.0366753
Muller_E	3030101	0.106834	0.856494	0.0366723
Muller_E	3033200	0.106547	0.856815	0.0366379
Muller_E	3033901	0.106482	0.856888	0.0366301
Muller_E	3034073	0.106466	0.856906	0.0366282
Muller_E	3036032	0.106284	0.857109	0.0366064
Muller_E	3038305	0.106074	0.857345	0.0365811
Muller_E	3041816	0.105749	0.857709	0.0365419
Muller_E	3044683	0.105483	0.858007	0.0365099
Muller_E	3046757	0.105291	0.858222	0.0364867
Muller_E	3046887	0.105279	0.858236	0.0364852
Muller_E	3047900	0.105185	0.858341	0.0364739
Muller_E	3048135	0.105164	0.858365	0.0364712
Muller_E	3050664	0.104929	0.858628	0.0364429
Muller_E	3051698	0.104833	0.858735	0.0364313
Muller_E	3051968	0.104808	0.858763	0.0364282
Muller_E	3052635	0.104747	0.858833	0.0364208
Muller_E	3053197	0.104694	0.858891	0.0364145
Muller_E	3056428	0.104395	0.859227	0.0363781
Muller_E	3056712	0.104369	0.859256	0.0363749
Muller_E	3058398	0.104212	0.859432	0.036356
Muller_E	3059687	0.104093	0.859566	0.0363414
Muller_E	3061511	0.103924	0.859755	0.0363209
Muller_E	3062406	0.103841	0.859848	0.0363108
Muller_E	3062537	0.103829	0.859862	0.0363093
Muller_E	3100018	0.100349	0.863768	0.0358822
Muller_E	3100718	0.100284	0.863841	0.0358742
Muller_E	3112367	0.0992015	0.865059	0.0357397
Muller_E	3112987	0.0991438	0.865124	0.0357325
Muller_E	3113420	0.0991036	0.865169	0.0357275
Muller_E	3116107	0.0988537	0.86545	0.0356964
Muller_E	3119432	0.0985444	0.865798	0.0356578
Muller_E	3119714	0.0985181	0.865827	0.0356545
Muller_E	3120862	0.0984113	0.865948	0.0356411
Muller_E	3122265	0.0982808	0.866094	0.0356248
Muller_E	3123364	0.0981785	0.866209	0.035612
Muller_E	3124138	0.0981065	0.86629	0.035603
Muller_E	3127464	0.097797	0.866639	0.0355643
Muller_E	3128767	0.0976757	0.866775	0.0355491
Muller_E	3128895	0.0976638	0.866789	0.0355476
Muller_E	3129611	0.0975972	0.866864	0.0355392
Muller_E	3129743	0.0975849	0.866877	0.0355377
Muller_E	3130171	0.097545	0.866922	0.0355327
Muller_E	3131529	0.0974186	0.867065	0.0355168
Muller_E	3137674	0.0968464	0.867709	0.0354448
Muller_E	3139976	0.0966321	0.86795	0.0354178
Muller_E	3143168	0.0963347	0.868285	0.0353803
Muller_E	3169152	0.0939123	0.871015	0.0350728
Muller_E	3170575	0.0937795	0.871165	0.0350558
Muller_E	3173857	0.0934732	0.87151	0.0350167
Muller_E	3192801	0.0917043	0.873506	0.0347894
Muller_E	3194086	0.0915843	0.873642	0.0347739
Muller_E	3194230	0.0915708	0.873657	0.0347722
Muller_E	3207603	0.0903208	0.875069	0.0346103
Muller_E	3207708	0.0903109	0.87508	0.0346091
Muller_E	3208070	0.0902771	0.875118	0.0346047
Muller_E	3208369	0.0902491	0.87515	0.034601
Muller_E	3208507	0.0902362	0.875164	0.0345994
Muller_E	3208706	0.0902176	0.875185	0.0345969
Muller_E	3210124	0.090085	0.875335	0.0345797
Muller_E	3211254	0.0899793	0.875455	0.034566
Muller_E	3212088	0.0899013	0.875543	0.0345558
Muller_E	3216063	0.0895295	0.875963	0.0345074
Muller_E	3216461	0.0894922	0.876005	0.0345025
Muller_E	3217109	0.0894316	0.876074	0.0344946
Muller_E	3217441	0.0894005	0.876109	0.0344906
Muller_E	3217706	0.0893757	0.876137	0.0344873
Muller_E	3217825	0.0893646	0.87615	0.0344859
Muller_E	3218354	0.0893151	0.876205	0.0344794
Muller_E	3219292	0.0892273	0.876305	0.034468
Muller_E	3219763	0.0891833	0.876355	0.0344622
Muller_E	3221459	0.0890245	0.876534	0.0344415
Muller_E	3222112	0.0889634	0.876603	0.0344335
Muller_E	3223012	0.0888792	0.876698	0.0344225
Muller_E	3223549	0.0888289	0.876755	0.0344159
Muller_E	3224815	0.0887104	0.876889	0.0344004
Muller_E	3226800	0.0885246	0.877099	0.0343761
Muller_E	3229718	0.0882514	0.877408	0.0343403
Muller_E	3240322	0.0872582	0.878532	0.0342098
Muller_E	3240918	0.0872023	0.878595	0.0342024
Muller_E	3241273	0.0871691	0.878633	0.0341981
Muller_E	3247835	0.0865541	0.879329	0.0341169
Muller_E	3251442	0.0862159	0.879712	0.0340722
Muller_E	3252203	0.0861446	0.879793	0.0340628
Muller_E	3254014	0.0859748	0.879985	0.0340403
Muller_E	3254518	0.0859275	0.880038	0.034034
Muller_E	3255141	0.0858691	0.880105	0.0340263
Muller_E	3255365	0.0858481	0.880128	0.0340235
Muller_E	3259142	0.0854938	0.88053	0.0339765
Muller_E	3259935	0.0854195	0.880614	0.0339666
Muller_E	3262497	0.0851791	0.880886	0.0339347
Muller_E	3263708	0.0850655	0.881015	0.0339196
Muller_E	3264644	0.0849777	0.881114	0.0339079
Muller_E	3266132	0.084838	0.881273	0.0338893
Muller_E	3266579	0.0157946	0.919791	0.0644142
Muller_E	3266806	0.0847961	0.881327	0.0338767
Muller_E	3269029	0.0847965	0.881396	0.0338079
Muller_E	3271700	0.0847969	0.881478	0.0337253
Muller_E	3271881	0.084797	0.881483	0.0337197
Muller_E	3273894	0.0847973	0.881545	0.0336574
Muller_E	3275081	0.0847974	0.881582	0.0336207
Muller_E	3275989	0.0847975	0.88161	0.0335926
Muller_E	3278049	0.0847978	0.881673	0.0335287
Muller_E	3280894	0.0847981	0.881761	0.0334406
Muller_E	3282107	0.0847982	0.881799	0.033403
Muller_E	3282973	0.0847983	0.881826	0.0333761
Muller_E	3284532	0.0847984	0.881874	0.0333278
Muller_E	3291321	0.0847988	0.882084	0.033117
Muller_E	3291878	0.0847989	0.882101	0.0330997
Muller_E	3293351	0.0847989	0.882147	0.033054
Muller_E	3293759	0.0847989	0.88216	0.0330413
Muller_E	3304917	0.0847989	0.882507	0.0326941
Muller_E	3306663	0.0847988	0.882561	0.0326397
Muller_E	3306880	0.0847988	0.882568	0.032633
Muller_E	3310127	0.0847986	0.88267	0.0325318
Muller_E	3312301	0.0847984	0.882738	0.032464
Muller_E	3312718	0.0847984	0.882751	0.032451
Muller_E	3318766	0.0847978	0.88294	0.0322622
Muller_E	3323588	0.0847972	0.883091	0.0321115
Muller_E	3324201	0.0847971	0.883111	0.0320924
Muller_E	3324656	0.084797	0.883125	0.0320781
Muller_E	3325091	0.0847969	0.883139	0.0320645
Muller_E	3326084	0.0847968	0.88317	0.0320335
Muller_E	3326190	0.0847968	0.883173	0.0320302
Muller_E	3330218	0.0847961	0.8833	0.0319041
Muller_E	3334866	0.0847952	0.883446	0.0317586
Muller_E	3337545	0.0847946	0.883531	0.0316746
Muller_E	3340268	0.084794	0.883617	0.0315893
Muller_E	3340480	0.0847939	0.883623	0.0315826
Muller_E	3410593	0.0847629	0.885869	0.0293684
Muller_E	3431230	0.0847484	0.886541	0.0287109
Muller_E	3437416	0.0847436	0.886743	0.0285132
Muller_E	3456916	0.0847269	0.887384	0.0278888
Muller_E	3457694	0.0847262	0.88741	0.0278638
Muller_E	3459001	0.084725	0.887453	0.0278218
Muller_E	3462300	0.084722	0.887562	0.0277159
Muller_E	3464519	0.0847198	0.887636	0.0276446
Muller_E	3464673	0.0847197	0.887641	0.0276397
Muller_E	3477602	0.0847069	0.888069	0.0272237
Muller_E	3525631	0.0846507	0.88968	0.0256692
Muller_E	3546828	0.0846217	0.8904	0.0249786
Muller_E	3557059	0.0846068	0.890749	0.0246442
Muller_E	3566467	0.0845925	0.891071	0.0243362
Muller_E	3572057	0.0845837	0.891263	0.0241529
Muller_E	3572168	0.0845836	0.891267	0.0241492
Muller_E	3579272	0.0845722	0.891512	0.023916
Muller_E	3579502	0.0845718	0.89152	0.0239084
Muller_E	3582419	0.0845671	0.89162	0.0238126
Muller_E	3590131	0.0845543	0.891887	0.0235589
Muller_E	3605233	0.0845282	0.892411	0.023061
Muller_E	3610748	0.0845183	0.892603	0.0228788
Muller_E	3611776	0.0845165	0.892639	0.0228448
Muller_E	3615071	0.0845105	0.892754	0.0227358
Muller_E	3617701	0.0845057	0.892846	0.0226488
Muller_E	3617818	0.0845054	0.89285	0.0226449
Muller_E	3617948	0.0845052	0.892854	0.0226406
Muller_E	3623404	0.084495	0.893045	0.02246
Muller_E	3630035	0.0844825	0.893277	0.0222401
Muller_E	3631532	0.0844796	0.89333	0.0221904
Muller_E	3634067	0.0844747	0.893419	0.0221063
Muller_E	3642157	0.0844588	0.893704	0.0218375
Muller_E	3643438	0.0844563	0.893749	0.0217949
Muller_E	3645674	0.0844518	0.893828	0.0217205
Muller_E	3652519	0.0844379	0.894069	0.0214926
Muller_E	3655257	0.0844323	0.894166	0.0214013
Muller_E	3657953	0.0844267	0.894262	0.0213115
Muller_E	3660200	0.084422	0.894342	0.0212365
Muller_E	3665461	0.0844109	0.894528	0.0210609
Muller_E	3670065	0.0844011	0.894692	0.020907
Muller_E	3757777	0.0841898	0.89786	0.0179502
Muller_E	3766114	0.0841674	0.898166	0.0176666
Muller_E	3770199	0.0841563	0.898316	0.0175275
Muller_E	3771242	0.0841534	0.898355	0.0174919
Muller_E	3775369	0.084142	0.898507	0.0173512
Muller_E	3781958	0.0841236	0.89875	0.0171264
Muller_E	3788305	0.0841057	0.898985	0.0169095
Muller_E	3788531	0.084105	0.898993	0.0169018
Muller_E	3788717	0.0841045	0.899	0.0168954
Muller_E	3791492	0.0840966	0.899103	0.0168005
Muller_E	3791929	0.0840953	0.899119	0.0167856
Muller_E	3794089	0.0840891	0.899199	0.0167116
Muller_E	3798034	0.0840777	0.899346	0.0165766
Muller_E	3805877	0.0840547	0.899638	0.0163077
Muller_E	3808116	0.0840481	0.899721	0.0162309
Muller_E	3837593	0.0839582	0.900825	0.0152165
Muller_E	3889492	0.0837872	0.902796	0.0134168
Muller_E	3892070	0.0837783	0.902895	0.013327
Muller_E	3892768	0.0837759	0.902922	0.0133026
Muller_E	3893846	0.0837721	0.902963	0.013265
Muller_E	3895236	0.0837673	0.903016	0.0132165
Muller_E	3896701	0.0837622	0.903072	0.0131654
Muller_E	3964144	0.0835131	0.90569	0.0107972
Muller_E	3964249	0.0835127	0.905694	0.0107935
Muller_E	3964701	0.0835109	0.905712	0.0107775
Muller_E	3965335	0.0835085	0.905736	0.0107551
Muller_E	3965537	0.0835077	0.905744	0.0107479
Muller_E	3971184	0.0834855	0.905966	0.0105482
Muller_E	4005791	0.0833457	0.907335	0.00931977
Muller_E	4007537	0.0833384	0.907404	0.00925758
Muller_E	4008073	0.0833362	0.907425	0.00923848
Muller_E	4008732	0.0833334	0.907452	0.009215
Muller_E	4009275	0.0833312	0.907473	0.00919565
Muller_E	4009794	0.083329	0.907494	0.00917716
Muller_E	4010462	0.0833262	0.90752	0.00915335
Muller_E	4011246	0.083323	0.907552	0.0091254
Muller_E	4011350	0.0833225	0.907556	0.00912169
Muller_E	4011743	0.0833209	0.907571	0.00910768
Muller_E	4012926	0.0833159	0.907619	0.0090655
Muller_E	4015010	0.0833072	0.907702	0.00899118
Muller_E	4015956	0.0833032	0.907739	0.00895743
Muller_E	4016731	0.0832999	0.90777	0.00892977
Muller_E	4017133	0.0832983	0.907786	0.00891543
Muller_E	4017640	0.0832961	0.907807	0.00889733
Muller_E	4021078	0.0832816	0.907944	0.00877459
Muller_E	4021876	0.0832782	0.907976	0.00874609
Muller_E	4022513	0.0832755	0.908001	0.00872333
Muller_E	4022928	0.0832737	0.908018	0.00870851
Muller_E	4024532	0.0832669	0.908082	0.00865119
Muller_E	4024639	0.0832664	0.908086	0.00864737
Muller_E	4025270	0.0832638	0.908111	0.00862482
Muller_E	4027169	0.0832557	0.908187	0.00855693
Muller_E	4027437	0.0832545	0.908198	0.00854735
Muller_E	4027764	0.0832531	0.908211	0.00853566
Muller_E	4029270	0.0832467	0.908272	0.0084818
Muller_E	4032202	0.0832341	0.908389	0.0083769
Muller_E	4032327	0.0832335	0.908394	0.00837243
Muller_E	4033521	0.0832284	0.908442	0.00832969
Muller_E	4033797	0.0832272	0.908453	0.00831981
Muller_E	4036360	0.0832161	0.908556	0.00822804
Muller_E	4037138	0.0832127	0.908587	0.00820017
Muller_E	4037610	0.0832107	0.908606	0.00818326
Muller_E	4040496	0.0831981	0.908722	0.00807985
Muller_E	4040949	0.0831962	0.90874	0.00806361
Muller_E	4045900	0.0831745	0.908939	0.00788606
Muller_E	4046078	0.0831737	0.908947	0.00787967
Muller_E	4046843	0.0831704	0.908977	0.00785222
Muller_E	4047581	0.0831671	0.909007	0.00782574
Muller_E	4048275	0.0831641	0.909035	0.00780083
Muller_E	4048700	0.0831622	0.909052	0.00778557
Muller_E	4053592	0.0831406	0.90925	0.00760988
Muller_E	4056223	0.0831289	0.909356	0.00751533
Muller_E	4056545	0.0831275	0.909369	0.00750376
Muller_E	4056951	0.0831257	0.909385	0.00748916
Muller_E	4057601	0.0831228	0.909411	0.00746579
Muller_E	4057720	0.0831222	0.909416	0.00746151
Muller_E	4058043	0.0831208	0.909429	0.0074499
Muller_E	4058149	0.0831203	0.909434	0.00744608
Muller_E	4058704	0.0831178	0.909456	0.00742612
Muller_E	4059417	0.0831147	0.909485	0.00740048
Muller_E	4059965	0.0831122	0.909507	0.00738077
Muller_E	4061381	0.0831059	0.909564	0.00732983
Muller_E	4061745	0.0831042	0.909579	0.00731673
Muller_E	4062020	0.083103	0.90959	0.00730683
Muller_E	4062507	0.0831008	0.90961	0.00728931
Muller_E	4062941	0.0830989	0.909627	0.00727369
Muller_E	4064035	0.0830939	0.909672	0.00723431
Muller_E	4064680	0.083091	0.909698	0.00721109
Muller_E	4064829	0.0830904	0.909704	0.00720572
Muller_E	4065474	0.0830875	0.90973	0.0071825
Muller_E	4065574	0.083087	0.909734	0.0071789
Muller_E	4066028	0.083085	0.909752	0.00716255
Muller_E	4067541	0.0830781	0.909814	0.00710805
Muller_E	4067967	0.0830762	0.909831	0.00709271
Muller_E	4068535	0.0830736	0.909854	0.00707224
Muller_E	4069245	0.0830704	0.909883	0.00704666
Muller_E	4070105	0.0830665	0.909918	0.00701567
Muller_E	4071088	0.0830621	0.909958	0.00698024
Muller_E	4071641	0.0830596	0.90998	0.0069603
Muller_E	4072126	0.0830574	0.91	0.00694282
Muller_E	4072768	0.0830544	0.910026	0.00691967
Muller_E	4072973	0.0830535	0.910034	0.00691228
Muller_E	4073359	0.0830517	0.91005	0.00689836
Muller_E	4075135	0.0830436	0.910122	0.0068343
Muller_E	4075254	0.0830431	0.910127	0.00683001
Muller_E	4076053	0.0830395	0.910159	0.00680118
Muller_E	4077160	0.0830344	0.910204	0.00676124
Muller_E	4078165	0.0830298	0.910245	0.00672497
Muller_E	4078690	0.0830274	0.910267	0.00670602
Muller_E	4078900	0.0830264	0.910275	0.00669844
Muller_E	4079010	0.0830259	0.91028	0.00669447
Muller_E	4079297	0.0830246	0.910291	0.00668411
Muller_E	4081728	0.0830134	0.91039	0.00659632
Muller_E	4082079	0.0830118	0.910405	0.00658365
Muller_E	4083988	0.083003	0.910482	0.00651468
Muller_E	4085715	0.082995	0.910553	0.00645227
Muller_E	4089306	0.0829783	0.910699	0.00632243
Muller_E	4089803	0.082976	0.91072	0.00630446
Muller_E	4092778	0.0829622	0.910841	0.00619682
Muller_E	4092894	0.0829616	0.910846	0.00619262
Muller_E	4098915	0.0829334	0.911092	0.00597458
Muller_E	4109650	0.0828825	0.911532	0.00558524
Muller_E	4113217	0.0828654	0.911679	0.0054557
Muller_E	4113538	0.0828639	0.911692	0.00544404
Muller_E	4114422	0.0828596	0.911728	0.00541192
Muller_E	4114803	0.0828578	0.911744	0.00539808
Muller_E	4115118	0.0828563	0.911757	0.00538663
Muller_E	4116856	0.0828479	0.911829	0.00532346
Muller_E	4117074	0.0828469	0.911838	0.00531553
Muller_E	4117473	0.0828449	0.911854	0.00530103
Muller_E	4118970	0.0828377	0.911916	0.00524659
Muller_E	4121851	0.0828238	0.912034	0.00514179
Muller_E	4122071	0.0828227	0.912044	0.00513379
Muller_E	4122393	0.0828211	0.912057	0.00512207
Muller_E	4122818	0.0828191	0.912074	0.0051066
Muller_E	4124318	0.0828118	0.912136	0.005052
Muller_E	4124418	0.0828113	0.91214	0.00504836
Muller_E	4126492	0.0828012	0.912226	0.00497285
Muller_E	4127527	0.0827961	0.912269	0.00493515
Muller_E	4127720	0.0827952	0.912277	0.00492812
Muller_E	4128101	0.0827933	0.912292	0.00491424
Muller_E	4128234	0.0827927	0.912298	0.0049094
Muller_E	4130334	0.0827824	0.912385	0.00483288
Muller_E	4132221	0.0827731	0.912463	0.0047641
Muller_E	4134741	0.0827608	0.912567	0.00467221
Muller_E	4134982	0.0827596	0.912577	0.00466342
Muller_E	4136547	0.0827518	0.912642	0.00460633
Muller_E	4140224	0.0827336	0.912794	0.00447213
Muller_E	4140902	0.0827303	0.912822	0.00444737
Muller_E	4141485	0.0827274	0.912847	0.00442608
Muller_E	4143836	0.0827157	0.912944	0.00434021
Muller_E	4144350	0.0827131	0.912965	0.00432143
Muller_E	4144848	0.0827106	0.912986	0.00430323
Muller_E	4150850	0.0826806	0.913236	0.00408379
Muller_E	4151927	0.0826752	0.91328	0.00404439
Muller_E	4154621	0.0826616	0.913393	0.0039458
Muller_E	4159745	0.0826356	0.913606	0.00375813
Muller_E	4159958	0.0826346	0.913615	0.00375033
Muller_E	4160923	0.0826297	0.913655	0.00371496
Muller_E	4161787	0.0826253	0.913691	0.0036833
Muller_E	4162162	0.0826233	0.913707	0.00366955
Muller_E	4163984	0.082614	0.913783	0.00360275
Muller_E	4164218	0.0826129	0.913793	0.00359417
Muller_E	4164859	0.0826096	0.91382	0.00357066
Muller_E	4165033	0.0826087	0.913827	0.00356428
Muller_E	4165157	0.0826081	0.913832	0.00355973
Muller_E	4165383	0.0826069	0.913842	0.00355144
Muller_E	4165808	0.0826047	0.913859	0.00353585
Muller_E	4165958	0.082604	0.913866	0.00353035
Muller_E	4166062	0.144599	0.854975	0.000425239
Muller_E	4166243	0.082598	0.913876	0.00352616
Muller_E	4166628	0.0825866	0.913888	0.00352538
Muller_E	4168755	0.0825232	0.913956	0.00352101
Muller_E	4172546	0.0824102	0.914077	0.00351316
Muller_E	4172827	0.0824018	0.914086	0.00351257
Muller_E	4173860	0.082371	0.914119	0.00351041
Muller_E	4176100	0.0823042	0.91419	0.0035057
Muller_E	4176326	0.0822975	0.914197	0.00350522
Muller_E	4176826	0.0822825	0.914213	0.00350416
Muller_E	4177022	0.0822767	0.91422	0.00350375
Muller_E	4178339	0.0822374	0.914262	0.00350095
Muller_E	4178608	0.0822293	0.91427	0.00350038
Muller_E	4179326	0.0822079	0.914293	0.00349884
Muller_E	4180712	0.0821665	0.914338	0.00349588
Muller_E	4180966	0.0821589	0.914346	0.00349533
Muller_E	4184926	0.0820406	0.914473	0.00348677
Muller_E	4185178	0.082033	0.914481	0.00348622
Muller_E	4185319	0.0820288	0.914485	0.00348592
Muller_E	4185532	0.0820224	0.914492	0.00348545
Muller_E	4187632	0.0819596	0.91456	0.00348086
Muller_E	4188227	0.0819418	0.914579	0.00347955
Muller_E	4188670	0.0819286	0.914593	0.00347857
Muller_E	4192621	0.0818103	0.91472	0.00346981
Muller_E	4193546	0.0817826	0.91475	0.00346775
Muller_E	4194407	0.0817568	0.914777	0.00346582
Muller_E	4195783	0.0817156	0.914822	0.00346272
Muller_E	4196010	0.0817088	0.914829	0.00346221
Muller_E	4197440	0.0816659	0.914875	0.00345898
Muller_E	4198223	0.0816424	0.9149	0.0034572
Muller_E	4199021	0.0816185	0.914926	0.00345538
Muller_E	4199203	0.081613	0.914932	0.00345497
Muller_E	4199424	0.0816064	0.914939	0.00345447
Muller_E	4199639	0.0815999	0.914946	0.00345397
Muller_E	4199983	0.0815896	0.914957	0.00345319
Muller_E	4203293	0.0814903	0.915064	0.00344559
Muller_E	4205814	0.0814146	0.915146	0.00343974
Muller_E	4206134	0.081405	0.915156	0.003439
Muller_E	4207588	0.0813613	0.915203	0.0034356
Muller_E	4210680	0.0812683	0.915303	0.00342834
Muller_E	4210928	0.0812609	0.915311	0.00342775
Muller_E	4211312	0.0812493	0.915324	0.00342684
Muller_E	4211755	0.081236	0.915338	0.00342579
Muller_E	4213444	0.0811852	0.915393	0.00342178
Muller_E	4216650	0.0810887	0.915497	0.0034141
Muller_E	4217058	0.0810764	0.91551	0.00341312
Muller_E	4217453	0.0810645	0.915523	0.00341217
Muller_E	4217565	0.0810612	0.915527	0.0034119
Muller_E	4217669	0.081058	0.91553	0.00341165
Muller_E	4217825	0.0810533	0.915535	0.00341127
Muller_E	4218923	0.0810203	0.915571	0.00340862
Muller_E	4225215	0.0808306	0.915776	0.00339324
Muller_E	4232774	0.0806024	0.916023	0.00337438
Muller_E	4235298	0.0805261	0.916106	0.00336799
Muller_E	4245993	0.0802024	0.916457	0.00334041
Muller_E	4252835	0.0799949	0.916683	0.00332232
Muller_E	4253725	0.0799679	0.916712	0.00331995
Muller_E	4256197	0.0798928	0.916794	0.00331332
Muller_E	4261234	0.0797397	0.916961	0.00329966
Muller_E	4262892	0.0796893	0.917016	0.00329513
Muller_E	4263238	0.0796788	0.917027	0.00329418
Muller_E	4263588	0.0796681	0.917039	0.00329322
Muller_E	4264621	0.0796367	0.917073	0.00329038
Muller_E	4266950	0.0795658	0.91715	0.00328395
Muller_E	4267529	0.0795482	0.917169	0.00328234
Muller_E	4276223	0.0792833	0.917459	0.00325795
Muller_E	4311688	0.0781973	0.91865	0.00315276
Muller_E	4311965	0.0781887	0.918659	0.0031519
Muller_E	4312254	0.0781799	0.918669	0.003151
Muller_E	4312510	0.078172	0.918678	0.00315021
Muller_E	4334492	0.0774945	0.919425	0.00308028
Muller_E	4352032	0.0769516	0.920026	0.00302196
Muller_E	4353438	0.076908	0.920075	0.00301718
Muller_E	4356857	0.0768019	0.920193	0.00300552
Muller_E	4360054	0.0767027	0.920303	0.00299453
Muller_E	4374783	0.0762444	0.920813	0.00294296
Muller_E	4374946	0.0762393	0.920818	0.00294238
Muller_E	4381350	0.0760396	0.921041	0.00291946
Muller_E	4558836	0.0703944	0.927441	0.00216437
Muller_E	4562012	0.0702915	0.92756	0.00214875
Muller_E	4564083	0.0702243	0.927637	0.00213852
Muller_E	4564194	0.0702207	0.927641	0.00213797
Muller_E	4568491	0.0700812	0.927802	0.00211664
Muller_E	4569115	0.070061	0.927826	0.00211354
Muller_E	4569749	0.0700404	0.927849	0.00211037
Muller_E	4570340	0.0700212	0.927871	0.00210743
Muller_E	4571890	0.0699708	0.92793	0.00209968
Muller_E	4572624	0.0699469	0.927957	0.002096
Muller_E	4573491	0.0699188	0.92799	0.00209166
Muller_E	4573809	0.0699084	0.928002	0.00209006
Muller_E	4577361	0.0697929	0.928135	0.00207219
Muller_E	4577462	0.0697896	0.928139	0.00207168
Muller_E	4578308	0.0697621	0.928171	0.00206741
Muller_E	4580664	0.0696854	0.928259	0.00205548
Muller_E	4580954	0.0696759	0.92827	0.00205401
Muller_E	4581769	0.0696494	0.928301	0.00204988
Muller_E	4581909	0.0696448	0.928306	0.00204917
Muller_E	4583019	0.0696087	0.928348	0.00204352
Muller_E	4583393	0.0695965	0.928362	0.00204162
Muller_E	4583516	0.0695925	0.928367	0.002041
Muller_E	4584473	0.0695613	0.928403	0.00203612
Muller_E	4589180	0.0694079	0.92858	0.00201204
Muller_E	4590247	0.0693731	0.92862	0.00200656
Muller_E	4591539	0.0693309	0.928669	0.00199992
Muller_E	4593253	0.069275	0.928734	0.00199108
Muller_E	4593508	0.0692666	0.928744	0.00198976
Muller_E	4593974	0.0692514	0.928761	0.00198735
Muller_E	4595111	0.0692143	0.928804	0.00198147
Muller_E	4595303	0.069208	0.928812	0.00198048
Muller_E	4597548	0.0691347	0.928896	0.00196884
Muller_E	4597833	0.0691254	0.928907	0.00196736
Muller_E	4600306	0.0690445	0.929001	0.00195448
Muller_E	4607273	0.0688166	0.929265	0.00191797
Muller_E	4607398	0.0688125	0.92927	0.00191731
Muller_E	4610441	0.0687128	0.929386	0.00190125
Muller_E	4611041	0.0686932	0.929409	0.00189807
Muller_E	4611562	0.0686761	0.929429	0.00189531
Muller_E	4611697	0.0686717	0.929434	0.0018946
Muller_E	4612447	0.0101397	0.986128	0.00373251
Muller_E	4612733	0.068659	0.929454	0.00188738
Muller_E	4612927	0.0686671	0.929448	0.00188518
Muller_E	4613148	0.0686763	0.929441	0.00188267
Muller_E	4614502	0.0687328	0.9294	0.0018673
Muller_E	4615888	0.0687905	0.929358	0.00185156
Muller_E	4616173	0.0688024	0.929349	0.00184832
Muller_E	4616508	0.0688164	0.929339	0.00184452
Muller_E	4616663	0.0688228	0.929334	0.00184275
Muller_E	4618190	0.0688864	0.929288	0.00182539
Muller_E	4619781	0.0689527	0.92924	0.00180727
Muller_E	4622166	0.069052	0.929168	0.00178009
Muller_E	4626314	0.0692246	0.929043	0.00173271
Muller_E	4626864	0.0692475	0.929026	0.00172642
Muller_E	4627368	0.0692685	0.929011	0.00172066
Muller_E	4627488	0.0692735	0.929007	0.00171928
Muller_E	4633961	0.0695426	0.928812	0.00164507
Muller_E	4635834	0.0696204	0.928756	0.00162354
Muller_E	4636452	0.0696461	0.928737	0.00161643
Muller_E	4637295	0.0696811	0.928712	0.00160673
Muller_E	4640891	0.0698304	0.928604	0.00156529
Muller_E	4645727	0.0700311	0.928459	0.00150942
Muller_E	4646376	0.070058	0.92844	0.00150191
Muller_E	4646798	0.0700755	0.928427	0.00149703
Muller_E	4653320	0.0703459	0.928233	0.00142138
Muller_E	4656520	0.0704784	0.928137	0.00138416
Muller_E	4672665	0.0711462	0.927659	0.00119528
Muller_E	4674140	0.0712071	0.927615	0.00117793
Muller_E	4675745	0.0712734	0.927568	0.00115904
Muller_E	4676485	0.0713039	0.927546	0.00115032
Muller_E	4677110	0.0713297	0.927527	0.00114296
Muller_E	4677655	0.0713522	0.927511	0.00113654
Muller_E	4678986	0.0714072	0.927472	0.00112084
Muller_E	4680223	0.0714582	0.927436	0.00110624
Muller_E	4682403	0.0715482	0.927371	0.00108048
Muller_E	4682621	0.0715572	0.927365	0.00107791
Muller_E	4684270	0.0716252	0.927316	0.0010584
Muller_E	4685491	0.0716755	0.927281	0.00104395
Muller_E	4686019	0.0716973	0.927265	0.00103769
Muller_E	4687101	0.0717419	0.927233	0.00102487
Muller_E	4689628	0.071846	0.927159	0.000994893
Muller_E	4690052	0.0718635	0.927147	0.000989859
Muller_E	4690344	0.0718755	0.927138	0.000986392
Muller_E	4690905	0.0718986	0.927122	0.000979728
Muller_E	4691125	0.0719077	0.927115	0.000977114
Muller_E	4691712	0.0719319	0.927098	0.000970138
Muller_E	4691999	0.0719437	0.92709	0.000966727
Muller_E	4692111	0.0719483	0.927086	0.000965395
Muller_E	4693234	0.0719946	0.927053	0.00095204
Muller_E	4693620	0.0720104	0.927042	0.000947448
Muller_E	4693753	0.0720159	0.927038	0.000945865
Muller_E	4694021	0.072027	0.92703	0.000942676
Muller_E	4694592	0.0720505	0.927014	0.000935879
Muller_E	4696429	0.0721261	0.92696	0.000913997
Muller_E	4696792	0.072141	0.926949	0.00090967
Muller_E	4699402	0.0722484	0.926873	0.000878533
Muller_E	4700957	0.0723124	0.926828	0.000859961
Muller_E	4702606	0.0723802	0.92678	0.000840247
Muller_E	4708142	0.0726078	0.926618	0.000773927
Muller_E	4712097	0.0727702	0.926503	0.000726418
Muller_E	4713898	0.0728442	0.926451	0.000704748
Muller_E	4714194	0.0728563	0.926443	0.000701184
Muller_E	4717094	0.0729753	0.926358	0.000666238
Muller_E	4717794	0.073004	0.926338	0.000657794
Muller_E	4720564	0.0731177	0.926258	0.000624347
Muller_E	4722390	0.0731925	0.926205	0.00060227
Muller_E	4727534	0.0734033	0.926057	0.000539954
Muller_E	4730688	0.0735325	0.925966	0.000501655
Muller_E	4731377	0.0735607	0.925946	0.000493279
Muller_E	4732944	0.0736249	0.925901	0.000474218
Muller_E	4738342	0.128862	0.871082	5.59058e-05
Muller_E	4739398	0.0738608	0.925732	0.000407432
Muller_E	4742492	0.0739049	0.925691	0.000404463
Muller_E	4745718	0.0739508	0.925648	0.000401292
Muller_E	4746457	0.0739613	0.925638	0.000400554
Muller_E	4748015	0.0739835	0.925618	0.000398987
Muller_E	4748352	0.0739882	0.925613	0.000398645
Muller_E	4748630	0.0739922	0.925609	0.000398363
Muller_E	4751071	0.0740268	0.925577	0.000395859
Muller_E	4751685	0.0740355	0.925569	0.000395222
Muller_E	4751817	0.0740374	0.925567	0.000395085
Muller_E	4752607	0.0740486	0.925557	0.000394261
Muller_E	4752773	0.074051	0.925555	0.000394087
Muller_E	4753826	0.0740659	0.925541	0.00039298
Muller_E	4754671	0.0740779	0.92553	0.000392086
Muller_E	4756619	0.0741054	0.925505	0.000390004
Muller_E	4759191	0.0741418	0.925471	0.000387212
Muller_E	4761262	0.0741711	0.925444	0.000384928
Muller_E	4761866	0.0741796	0.925436	0.000384256
Muller_E	4761985	0.0741813	0.925435	0.000384123
Muller_E	4763545	0.0742033	0.925414	0.000382373
Muller_E	4764509	0.0742169	0.925402	0.000381283
Muller_E	4765595	0.0742322	0.925388	0.000380046
Muller_E	4766291	0.074242	0.925379	0.000379249
Muller_E	4766501	0.0742449	0.925376	0.000379008
Muller_E	4767354	0.0742569	0.925365	0.000378025
Muller_E	4769627	0.0742889	0.925336	0.000375378
Muller_E	4769950	0.0742934	0.925332	0.000374999
Muller_E	4772288	0.0743263	0.925301	0.000372232
Muller_E	4773763	0.074347	0.925283	0.000370465
Muller_E	4773963	0.0743498	0.92528	0.000370224
Muller_E	4774375	0.0743556	0.925275	0.000369727
Muller_E	4774957	0.0743637	0.925267	0.000369022
Muller_E	4775479	0.0743711	0.925261	0.000368389
Muller_E	4776619	0.074387	0.925246	0.000366997
Muller_E	4779373	0.0744256	0.925211	0.000363597
Muller_E	4781913	0.0744611	0.925178	0.00036041
Muller_E	4782620	0.074471	0.925169	0.000359515
Muller_E	4783326	0.0744809	0.925161	0.000358617
Muller_E	4786044	0.0745188	0.925126	0.000355125
Muller_E	4786690	0.0745278	0.925118	0.000354287
Muller_E	4789453	0.0745663	0.925083	0.000350669
Muller_E	4790377	0.0745792	0.925071	0.000349446
Muller_E	4792360	0.0746068	0.925046	0.0003468
Muller_E	4792549	0.0746094	0.925044	0.000346546
Muller_E	4792702	0.0746115	0.925042	0.000346341
Muller_E	4822723	0.0750258	0.924672	0.000302644
Muller_E	4832155	0.0751547	0.924558	0.000287533
Muller_E	4834924	0.0751924	0.924525	0.000282972
Muller_E	4838041	0.0752348	0.924487	0.000277769
Muller_E	4839031	0.0752483	0.924476	0.000276102
Muller_E	4840034	0.119481	0.880432	8.7042e-05
Muller_E	4843722	0.0752474	0.924476	0.000276934
Muller_E	4844215	0.0752454	0.924477	0.000277264
Muller_E	4846930	0.0752346	0.924486	0.000279052
Muller_E	4847984	0.0752304	0.92449	0.000279731
Muller_E	4849699	0.0752236	0.924496	0.000280818
Muller_E	4849916	0.0752227	0.924496	0.000280954
Muller_E	4850646	0.0752198	0.924499	0.000281409
Muller_E	4851102	0.075218	0.9245	0.000281691
Muller_E	4851280	0.0752173	0.924501	0.0002818
Muller_E	4852753	0.0752114	0.924506	0.000282699
Muller_E	4853630	0.0752079	0.924509	0.000283227
