chrom	position	2,0	1,1	0,2
Muller_E	62882	0.309827	0.536242	0.153931
Muller_E	267432	0.302807	0.551744	0.145449
Muller_E	441230	0.296836	0.564969	0.138195
Muller_E	511157	0.29443	0.570308	0.135262
Muller_E	557879	0.292822	0.573881	0.133297
Muller_E	581000	0.292025	0.575651	0.132324
Muller_E	709108	0.287606	0.585484	0.12691
Muller_E	768129	0.285566	0.590028	0.124405
Muller_E	785241	0.284974	0.591348	0.123678
Muller_E	787322	0.284902	0.591509	0.123589
Muller_E	787424	0.284899	0.591516	0.123585
Muller_E	788173	0.284873	0.591574	0.123553
Muller_E	788750	0.284853	0.591619	0.123529
Muller_E	788860	0.284849	0.591627	0.123524
Muller_E	791823	0.284746	0.591856	0.123398
Muller_E	802257	0.284385	0.592661	0.122954
Muller_E	893794	0.281213	0.59974	0.119047
Muller_E	894300	0.281196	0.599779	0.119025
Muller_E	896281	0.281127	0.599932	0.118941
Muller_E	897287	0.281092	0.60001	0.118898
Muller_E	897987	0.281068	0.600065	0.118868
Muller_E	901015	0.280963	0.600299	0.118738
Muller_E	901718	0.280938	0.600354	0.118708
Muller_E	923408	0.280185	0.602035	0.117779
Muller_E	923675	0.280176	0.602056	0.117768
Muller_E	924320	0.280154	0.602106	0.11774
Muller_E	927795	0.280033	0.602376	0.117591
Muller_E	948021	0.27933	0.603946	0.116724
Muller_E	948230	0.279323	0.603962	0.116715
Muller_E	958531	0.278965	0.604762	0.116273
Muller_E	967701	0.278646	0.605475	0.115879
Muller_E	969142	0.278596	0.605587	0.115817
Muller_E	1033237	0.276365	0.610576	0.113059
Muller_E	1120573	0.273318	0.617397	0.109284
Muller_E	1123171	0.273227	0.617601	0.109172
Muller_E	1146845	0.2724	0.619455	0.108145
Muller_E	1148492	0.272342	0.619584	0.108074
Muller_E	1168315	0.271648	0.621139	0.107213
Muller_E	1213395	0.270069	0.62468	0.105251
Muller_E	1262309	0.268352	0.628531	0.103117
Muller_E	1275111	0.267902	0.629541	0.102557
Muller_E	1275707	0.267881	0.629588	0.102531
Muller_E	1314313	0.266523	0.632637	0.10084
Muller_E	1318297	0.266383	0.632952	0.100666
Muller_E	1358440	0.264968	0.636129	0.0989026
Muller_E	1358616	0.264962	0.636143	0.0988948
Muller_E	1378824	0.264249	0.637746	0.0980056
Muller_E	1480336	0.260657	0.645823	0.0935203
Muller_E	1489232	0.260341	0.646533	0.0931258
Muller_E	1645912	0.25476	0.659104	0.0861366
Muller_E	1673398	0.253776	0.661322	0.0849024
Muller_E	1718642	0.252153	0.664981	0.0828654
Muller_E	1746815	0.251141	0.667266	0.0815935
Muller_E	1763447	0.250542	0.668616	0.0808414
Muller_E	1765039	0.250485	0.668746	0.0807693
Muller_E	1765159	0.250481	0.668755	0.0807639
Muller_E	1765369	0.250473	0.668772	0.0807544
Muller_E	1771226	0.250262	0.669248	0.0804893
Muller_E	1799036	0.24926	0.671511	0.0792288
Muller_E	1802542	0.249133	0.671797	0.0790697
Muller_E	1802678	0.249129	0.671808	0.0790635
Muller_E	1803039	0.249116	0.671837	0.0790471
Muller_E	1803347	0.249104	0.671862	0.0790332
Muller_E	1805518	0.249026	0.672039	0.0789346
Muller_E	1812938	0.248758	0.672644	0.0785977
Muller_E	1813040	0.248755	0.672652	0.0785931
Muller_E	1815234	0.248675	0.672831	0.0784934
Muller_E	1815907	0.248651	0.672886	0.0784628
Muller_E	1816383	0.248634	0.672925	0.0784412
Muller_E	1831501	0.248088	0.674158	0.0777539
Muller_E	1850978	0.247384	0.675749	0.0768673
Muller_E	1851905	0.24735	0.675825	0.0768251
Muller_E	1852166	0.247341	0.675846	0.0768132
Muller_E	1857635	0.247143	0.676293	0.076564
Muller_E	1861157	0.247015	0.676581	0.0764035
Muller_E	1861336	0.247009	0.676596	0.0763953
Muller_E	1861880	0.246989	0.676641	0.0763705
Muller_E	1866595	0.246818	0.677026	0.0761555
Muller_E	1870209	0.246687	0.677322	0.0759906
Muller_E	1871973	0.246623	0.677466	0.0759101
Muller_E	1880064	0.24633	0.678129	0.0755408
Muller_E	1889333	0.245994	0.678888	0.0751175
Muller_E	1891195	0.245927	0.679041	0.0750324
Muller_E	1894320	0.245813	0.679297	0.0748896
Muller_E	1900363	0.245594	0.679793	0.0746133
Muller_E	1904375	0.245448	0.680122	0.0744298
Muller_E	1915469	0.245046	0.681032	0.0739221
Muller_E	1927060	0.244624	0.681984	0.0733911
Muller_E	1932459	0.244428	0.682428	0.0731436
Muller_E	1944351	0.243996	0.683406	0.0725982
Muller_E	1946702	0.24391	0.6836	0.0724903
Muller_E	1961660	0.243365	0.684831	0.0718033
Muller_E	1975567	0.242859	0.685978	0.0711638
Muller_E	2011856	0.241534	0.688974	0.0694919
Muller_E	2013122	0.241488	0.689079	0.0694335
Muller_E	2044597	0.240336	0.691685	0.0679791
Muller_E	2048236	0.240203	0.691986	0.0678108
Muller_E	2048434	0.240196	0.692003	0.0678016
Muller_E	2086567	0.238797	0.695169	0.066034
Muller_E	2103366	0.23818	0.696567	0.0652536
Muller_E	2117584	0.237657	0.697751	0.0645922
Muller_E	2126123	0.237342	0.698463	0.0641946
Muller_E	2135792	0.236986	0.69927	0.063744
Muller_E	2140907	0.236798	0.699697	0.0635055
Muller_E	2141169	0.236788	0.699719	0.0634933
Muller_E	2142715	0.236731	0.699848	0.0634212
Muller_E	2145389	0.236632	0.700071	0.0632964
Muller_E	2146953	0.236575	0.700202	0.0632235
Muller_E	2147057	0.236571	0.700211	0.0632186
Muller_E	2201852	0.234546	0.704798	0.0606558
Muller_E	2204792	0.234437	0.705045	0.0605179
Muller_E	2219543	0.233891	0.706283	0.0598258
Muller_E	2220290	0.233863	0.706346	0.0597907
Muller_E	2241628	0.233072	0.70814	0.0587879
Muller_E	2243471	0.233003	0.708295	0.0587012
Muller_E	2531559	0.222191	0.732837	0.044972
Muller_E	2693610	0.216	0.746912	0.0370878
Muller_E	2696554	0.215887	0.74717	0.0369434
Muller_E	2706179	0.215516	0.748012	0.0364712
Muller_E	2713009	0.215253	0.748611	0.0361358
Muller_E	2716202	0.21513	0.748891	0.0359789
Muller_E	2721440	0.214928	0.74935	0.0357215
Muller_E	2735475	0.214387	0.750582	0.035031
Muller_E	2763120	0.213319	0.753013	0.0336683
Muller_E	2777976	0.212743	0.754322	0.0329344
Muller_E	2779619	0.21268	0.754467	0.0328532
Muller_E	2787347	0.21238	0.755149	0.032471
Muller_E	2788916	0.212319	0.755287	0.0323933
Muller_E	2795398	0.212068	0.75586	0.0320725
Muller_E	2798296	0.211955	0.756116	0.0319289
Muller_E	2799305	0.211916	0.756205	0.0318789
Muller_E	2800245	0.21188	0.756288	0.0318324
Muller_E	2800507	0.211869	0.756311	0.0318194
Muller_E	2800780	0.211859	0.756335	0.0318059
Muller_E	2800932	0.211853	0.756349	0.0317983
Muller_E	2801158	0.211844	0.756369	0.0317871
Muller_E	2805736	0.211666	0.756773	0.0315603
Muller_E	2807233	0.211608	0.756906	0.0314861
Muller_E	2807795	0.211586	0.756955	0.0314582
Muller_E	2808363	0.211564	0.757006	0.03143
Muller_E	2809031	0.211538	0.757065	0.0313969
Muller_E	2809272	0.211529	0.757086	0.031385
Muller_E	2809909	0.211504	0.757142	0.0313534
Muller_E	2811470	0.211444	0.75728	0.031276
Muller_E	2811776	0.211432	0.757307	0.0312608
Muller_E	2812117	0.211418	0.757338	0.0312439
Muller_E	2815676	0.21128	0.757653	0.0310673
Muller_E	2816259	0.211257	0.757704	0.0310384
Muller_E	2817070	0.211226	0.757776	0.0309982
Muller_E	2817616	0.211205	0.757824	0.0309711
Muller_E	2819402	0.211135	0.757982	0.0308824
Muller_E	2820166	0.211106	0.75805	0.0308445
Muller_E	2820386	0.211097	0.758069	0.0308336
Muller_E	2820775	0.211082	0.758104	0.0308143
Muller_E	2821135	0.211068	0.758136	0.0307964
Muller_E	2821440	0.211056	0.758163	0.0307813
Muller_E	2826939	0.210842	0.75865	0.0305082
Muller_E	2831172	0.210677	0.759025	0.0302979
Muller_E	2831515	0.210664	0.759055	0.0302808
Muller_E	2832336	0.210632	0.759128	0.03024
Muller_E	2833070	0.210603	0.759193	0.0302035
Muller_E	2850717	0.209916	0.760758	0.0293257
Muller_E	2853215	0.209818	0.76098	0.0292013
Muller_E	2856496	0.20969	0.761272	0.0290379
Muller_E	2856945	0.209673	0.761312	0.0290155
Muller_E	2857481	0.209652	0.761359	0.0289888
Muller_E	2858163	0.209625	0.76142	0.0289548
Muller_E	2859754	0.209563	0.761561	0.0288755
Muller_E	2859987	0.209554	0.761582	0.0288639
Muller_E	2862604	0.209452	0.761814	0.0287335
Muller_E	2866488	0.2093	0.76216	0.0285398
Muller_E	2867267	0.20927	0.762229	0.028501
Muller_E	2868557	0.20922	0.762344	0.0284366
Muller_E	2870085	0.20916	0.76248	0.0283604
Muller_E	2870623	0.209139	0.762528	0.0283336
Muller_E	2876155	0.208923	0.76302	0.0280575
Muller_E	2877151	0.208884	0.763108	0.0280078
Muller_E	2886067	0.208535	0.763902	0.0275625
Muller_E	2886534	0.208517	0.763944	0.0275392
Muller_E	2887599	0.208475	0.764039	0.027486
Muller_E	2887882	0.208464	0.764064	0.0274718
Muller_E	2888492	0.20844	0.764118	0.0274413
Muller_E	2888607	0.208436	0.764129	0.0274356
Muller_E	2890000	0.208381	0.764253	0.027366
Muller_E	2890387	0.208366	0.764287	0.0273466
Muller_E	2890907	0.208346	0.764334	0.0273206
Muller_E	2894764	0.208195	0.764677	0.0271278
Muller_E	2899098	0.208025	0.765064	0.026911
Muller_E	2901481	0.207932	0.765277	0.0267917
Muller_E	2901643	0.207925	0.765291	0.0267836
Muller_E	2902627	0.207887	0.765379	0.0267344
Muller_E	2903432	0.207855	0.765451	0.0266941
Muller_E	2904998	0.207794	0.76559	0.0266157
Muller_E	2905994	0.207755	0.765679	0.0265658
Muller_E	2907134	0.20771	0.765781	0.0265088
Muller_E	2908511	0.207656	0.765904	0.0264398
Muller_E	2909452	0.207619	0.765988	0.0263927
Muller_E	2910160	0.207592	0.766051	0.0263572
Muller_E	2911022	0.207558	0.766128	0.0263141
Muller_E	2911252	0.207549	0.766149	0.0263025
Muller_E	2911992	0.20752	0.766215	0.0262655
Muller_E	2914672	0.207415	0.766454	0.0261312
Muller_E	2915489	0.207383	0.766527	0.0260902
Muller_E	2918585	0.207261	0.766804	0.0259351
Muller_E	2919015	0.207244	0.766842	0.0259135
Muller_E	2919728	0.207216	0.766906	0.0258778
Muller_E	2919971	0.207207	0.766928	0.0258656
Muller_E	2921506	0.207147	0.767065	0.0257886
Muller_E	2922564	0.207105	0.767159	0.0257356
Muller_E	2922707	0.207099	0.767172	0.0257284
Muller_E	2924226	0.20704	0.767308	0.0256522
Muller_E	2925108	0.207005	0.767387	0.025608
Muller_E	2925552	0.206988	0.767427	0.0255857
Muller_E	2928855	0.206858	0.767722	0.02542
Muller_E	2930674	0.206787	0.767885	0.0253287
Muller_E	2931258	0.206764	0.767937	0.0252994
Muller_E	2931592	0.20675	0.767967	0.0252826
Muller_E	2931798	0.206742	0.767985	0.0252723
Muller_E	2932326	0.206722	0.768033	0.0252458
Muller_E	2945623	0.206199	0.769223	0.0245778
Muller_E	2945753	0.206194	0.769235	0.0245713
Muller_E	2945878	0.206189	0.769246	0.024565
Muller_E	2946001	0.206184	0.769257	0.0245588
Muller_E	2955783	0.205799	0.770134	0.0240668
Muller_E	2957997	0.205712	0.770333	0.0239554
Muller_E	2959282	0.205661	0.770448	0.0238908
Muller_E	2959697	0.205645	0.770485	0.0238699
Muller_E	2959819	0.20564	0.770496	0.0238637
Muller_E	2960759	0.205603	0.77058	0.0238164
Muller_E	2961667	0.205567	0.770662	0.0237707
Muller_E	2961801	0.205562	0.770674	0.0237639
Muller_E	2963254	0.205505	0.770804	0.0236908
Muller_E	2963568	0.205493	0.770833	0.023675
Muller_E	2975263	0.205031	0.771883	0.0230857
Muller_E	2976725	0.204974	0.772014	0.023012
Muller_E	2977784	0.204932	0.772109	0.0229586
Muller_E	2982473	0.204747	0.772531	0.022722
Muller_E	2984283	0.204676	0.772694	0.0226307
Muller_E	2985483	0.204628	0.772802	0.0225701
Muller_E	2985658	0.204621	0.772817	0.0225613
Muller_E	2985908	0.204611	0.77284	0.0225487
Muller_E	2987685	0.204541	0.773	0.022459
Muller_E	2992894	0.204336	0.773469	0.0221959
Muller_E	2993313	0.204319	0.773506	0.0221748
Muller_E	2993798	0.2043	0.77355	0.0221503
Muller_E	2994137	0.204286	0.77358	0.0221332
Muller_E	2994487	0.204273	0.773612	0.0221155
Muller_E	2994615	0.204268	0.773623	0.022109
Muller_E	2995123	0.204247	0.773669	0.0220834
Muller_E	2995701	0.204225	0.773721	0.0220542
Muller_E	2996048	0.204211	0.773752	0.0220366
Muller_E	2996738	0.204184	0.773815	0.0220018
Muller_E	2996880	0.204178	0.773827	0.0219946
Muller_E	2997113	0.204169	0.773848	0.0219828
Muller_E	2999116	0.20409	0.774029	0.0218816
Muller_E	2999459	0.204076	0.77406	0.0218642
Muller_E	3001420	0.203999	0.774236	0.0217651
Muller_E	3001578	0.203992	0.774251	0.0217571
Muller_E	3001696	0.203988	0.774261	0.0217512
Muller_E	3002579	0.203953	0.774341	0.0217065
Muller_E	3003095	0.203932	0.774387	0.0216804
Muller_E	3003540	0.203915	0.774427	0.0216579
Muller_E	3004120	0.203892	0.77448	0.0216286
Muller_E	3005221	0.203848	0.774579	0.0215729
Muller_E	3007967	0.20374	0.774826	0.021434
Muller_E	3012773	0.203549	0.77526	0.0211909
Muller_E	3013331	0.203527	0.77531	0.0211626
Muller_E	3013618	0.203516	0.775336	0.0211481
Muller_E	3014080	0.203498	0.775378	0.0211247
Muller_E	3014783	0.20347	0.775441	0.0210891
Muller_E	3016296	0.20341	0.775578	0.0210125
Muller_E	3017214	0.203374	0.77566	0.020966
Muller_E	3018320	0.20333	0.77576	0.02091
Muller_E	3018982	0.203304	0.77582	0.0208765
Muller_E	3019303	0.203291	0.775849	0.0208602
Muller_E	3019831	0.20327	0.775897	0.0208335
Muller_E	3021834	0.203191	0.776077	0.020732
Muller_E	3021944	0.203186	0.776087	0.0207265
Muller_E	3023127	0.203139	0.776194	0.0206665
Muller_E	3024474	0.203086	0.776316	0.0205983
Muller_E	3024813	0.203073	0.776346	0.0205811
Muller_E	3029421	0.20289	0.776762	0.0203475
Muller_E	3029834	0.202874	0.7768	0.0203266
Muller_E	3030101	0.202863	0.776824	0.0203131
Muller_E	3033200	0.20274	0.777104	0.0201559
Muller_E	3033901	0.202712	0.777167	0.0201204
Muller_E	3034073	0.202706	0.777183	0.0201116
Muller_E	3036032	0.202628	0.77736	0.0200123
Muller_E	3038305	0.202538	0.777565	0.0198969
Muller_E	3041816	0.202398	0.777883	0.0197187
Muller_E	3044683	0.202285	0.778142	0.0195732
Muller_E	3046757	0.202202	0.77833	0.0194678
Muller_E	3046887	0.202197	0.778342	0.0194612
Muller_E	3047900	0.202157	0.778433	0.0194098
Muller_E	3048135	0.202147	0.778455	0.0193978
Muller_E	3050664	0.202047	0.778684	0.0192694
Muller_E	3051698	0.202006	0.778777	0.0192168
Muller_E	3051968	0.201995	0.778802	0.0192031
Muller_E	3052635	0.201969	0.778862	0.0191692
Muller_E	3053197	0.201946	0.778913	0.0191406
Muller_E	3056428	0.201818	0.779206	0.0189764
Muller_E	3056712	0.201807	0.779231	0.018962
Muller_E	3058398	0.20174	0.779384	0.0188762
Muller_E	3059687	0.201688	0.779501	0.0188107
Muller_E	3061511	0.201616	0.779666	0.0187179
Muller_E	3062406	0.20158	0.779747	0.0186724
Muller_E	3062537	0.201575	0.779759	0.0186657
Muller_E	3100018	0.200082	0.783163	0.0167553
Muller_E	3100718	0.200054	0.783227	0.0167195
Muller_E	3112367	0.199589	0.784287	0.0161242
Muller_E	3112987	0.199564	0.784344	0.0160925
Muller_E	3113420	0.199547	0.784383	0.0160703
Muller_E	3116107	0.199439	0.784628	0.0159329
Muller_E	3119432	0.199306	0.784931	0.0157627
Muller_E	3119714	0.199295	0.784957	0.0157483
Muller_E	3120862	0.320985	0.677221	0.00179325
Muller_E	3122265	0.199122	0.785188	0.01569
Muller_E	3123364	0.199022	0.785288	0.0156903
Muller_E	3124138	0.198952	0.785358	0.0156906
Muller_E	3127464	0.198649	0.785659	0.0156915
Muller_E	3128767	0.198531	0.785777	0.0156919
Muller_E	3128895	0.198519	0.785789	0.0156919
Muller_E	3129611	0.198454	0.785854	0.0156921
Muller_E	3129743	0.198442	0.785866	0.0156921
Muller_E	3130171	0.198403	0.785905	0.0156922
Muller_E	3131529	0.19828	0.786028	0.0156926
Muller_E	3137674	0.197721	0.786585	0.0156941
Muller_E	3139976	0.197512	0.786794	0.0156946
Muller_E	3143168	0.197221	0.787083	0.0156952
Muller_E	3169152	0.194857	0.789445	0.0156984
Muller_E	3170575	0.194727	0.789574	0.0156985
Muller_E	3173857	0.194428	0.789873	0.0156986
Muller_E	3192801	0.192703	0.791599	0.0156983
Muller_E	3194086	0.192585	0.791716	0.0156982
Muller_E	3194230	0.192572	0.79173	0.0156982
Muller_E	3207603	0.191353	0.79295	0.0156966
Muller_E	3207708	0.191343	0.79296	0.0156966
Muller_E	3208070	0.19131	0.792993	0.0156966
Muller_E	3208369	0.191283	0.79302	0.0156965
Muller_E	3208507	0.191271	0.793033	0.0156965
Muller_E	3208706	0.191252	0.793051	0.0156965
Muller_E	3210124	0.191123	0.793181	0.0156962
Muller_E	3211254	0.19102	0.793284	0.015696
Muller_E	3212088	0.190944	0.79336	0.0156959
Muller_E	3216063	0.190581	0.793724	0.0156952
Muller_E	3216461	0.190545	0.79376	0.0156951
Muller_E	3217109	0.190486	0.793819	0.015695
Muller_E	3217441	0.190456	0.79385	0.0156949
Muller_E	3217706	0.190431	0.793874	0.0156948
Muller_E	3217825	0.190421	0.793885	0.0156948
Muller_E	3218354	0.190372	0.793933	0.0156947
Muller_E	3219292	0.190287	0.794019	0.0156945
Muller_E	3219763	0.190244	0.794062	0.0156944
Muller_E	3221459	0.190089	0.794217	0.015694
Muller_E	3222112	0.190029	0.794277	0.0156939
Muller_E	3223012	0.189947	0.794359	0.0156937
Muller_E	3223549	0.189898	0.794408	0.0156935
Muller_E	3224815	0.189783	0.794524	0.0156932
Muller_E	3226800	0.189601	0.794706	0.0156928
Muller_E	3229718	0.189335	0.794973	0.015692
Muller_E	3240322	0.188367	0.795944	0.0156888
Muller_E	3240918	0.188312	0.795999	0.0156886
Muller_E	3241273	0.18828	0.796031	0.0156885
Muller_E	3247835	0.187681	0.796633	0.0156862
Muller_E	3251442	0.187351	0.796964	0.0156849
Muller_E	3252203	0.187281	0.797034	0.0156846
Muller_E	3254014	0.187116	0.7972	0.0156839
Muller_E	3254518	0.18707	0.797246	0.0156836
Muller_E	3255141	0.187013	0.797304	0.0156834
Muller_E	3255365	0.186993	0.797324	0.0156833
Muller_E	3259142	0.186647	0.797671	0.0156817
Muller_E	3259935	0.186575	0.797744	0.0156814
Muller_E	3262497	0.186341	0.797979	0.0156803
Muller_E	3263708	0.18623	0.79809	0.0156797
Muller_E	3264644	0.186144	0.798176	0.0156793
Muller_E	3266132	0.186008	0.798313	0.0156786
Muller_E	3266579	0.185967	0.798354	0.0156784
Muller_E	3266806	0.185947	0.798375	0.0156783
Muller_E	3269029	0.185743	0.798579	0.0156772
Muller_E	3271700	0.185499	0.798825	0.0156759
Muller_E	3271881	0.185483	0.798842	0.0156758
Muller_E	3273894	0.185298	0.799027	0.0156748
Muller_E	3275081	0.18519	0.799136	0.0156742
Muller_E	3275989	0.185107	0.799219	0.0156737
Muller_E	3278049	0.184918	0.799409	0.0156726
Muller_E	3280894	0.184658	0.799671	0.0156711
Muller_E	3282107	0.184547	0.799782	0.0156704
Muller_E	3282973	0.184468	0.799862	0.01567
Muller_E	3284532	0.184325	0.800006	0.0156691
Muller_E	3291321	0.183704	0.800631	0.0156651
Muller_E	3291878	0.183653	0.800682	0.0156648
Muller_E	3293351	0.183518	0.800818	0.0156639
Muller_E	3293759	0.183481	0.800856	0.0156636
Muller_E	3304917	0.182459	0.801885	0.0156564
Muller_E	3306663	0.182299	0.802046	0.0156552
Muller_E	3306880	0.182279	0.802066	0.0156551
Muller_E	3310127	0.181982	0.802366	0.0156528
Muller_E	3312301	0.181782	0.802566	0.0156512
Muller_E	3312718	0.181744	0.802605	0.0156509
Muller_E	3318766	0.18119	0.803164	0.0156465
Muller_E	3323588	0.180748	0.803609	0.0156428
Muller_E	3324201	0.180692	0.803666	0.0156423
Muller_E	3324656	0.18065	0.803708	0.0156419
Muller_E	3325091	0.18061	0.803748	0.0156416
Muller_E	3326084	0.180519	0.80384	0.0156408
Muller_E	3326190	0.180509	0.80385	0.0156407
Muller_E	3330218	0.18014	0.804222	0.0156375
Muller_E	3334866	0.179714	0.804653	0.0156336
Muller_E	3337545	0.179468	0.804901	0.0156313
Muller_E	3340268	0.179218	0.805153	0.015629
Muller_E	3340480	0.179199	0.805172	0.0156288
Muller_E	3410593	0.172756	0.81169	0.0155539
Muller_E	3431230	0.170856	0.813618	0.0155266
Muller_E	3437416	0.170286	0.814196	0.0155179
Muller_E	3456916	0.168488	0.816023	0.0154893
Muller_E	3457694	0.168416	0.816096	0.0154881
Muller_E	3459001	0.168295	0.816218	0.0154861
Muller_E	3462300	0.167991	0.816528	0.015481
Muller_E	3464519	0.167786	0.816736	0.0154775
Muller_E	3464673	0.167772	0.816751	0.0154773
Muller_E	3477602	0.166579	0.817965	0.0154565
Muller_E	3525631	0.162139	0.82249	0.0153711
Muller_E	3546828	0.160176	0.824495	0.0153291
Muller_E	3557059	0.159228	0.825464	0.015308
Muller_E	3566467	0.158355	0.826357	0.015288
Muller_E	3572057	0.157837	0.826887	0.0152759
Muller_E	3572168	0.157827	0.826898	0.0152756
Muller_E	3579272	0.157168	0.827572	0.01526
Muller_E	3579502	0.157146	0.827594	0.0152595
Muller_E	3582419	0.156876	0.827872	0.015253
Muller_E	3590131	0.15616	0.828605	0.0152355
Muller_E	3605233	0.154757	0.830043	0.0152002
Muller_E	3610748	0.154244	0.830569	0.015187
Muller_E	3611776	0.154149	0.830667	0.0151846
Muller_E	3615071	0.153842	0.830981	0.0151766
Muller_E	3617701	0.153598	0.831232	0.0151702
Muller_E	3617818	0.153587	0.831243	0.0151699
Muller_E	3617948	0.153575	0.831255	0.0151696
Muller_E	3623404	0.153068	0.831776	0.0151561
Muller_E	3630035	0.152451	0.83241	0.0151395
Muller_E	3631532	0.152312	0.832553	0.0151357
Muller_E	3634067	0.152076	0.832795	0.0151293
Muller_E	3642157	0.151323	0.833569	0.0151085
Muller_E	3643438	0.151203	0.833691	0.0151052
Muller_E	3645674	0.150995	0.833905	0.0150994
Muller_E	3652519	0.150358	0.834561	0.0150813
Muller_E	3655257	0.150103	0.834823	0.015074
Muller_E	3657953	0.149852	0.835082	0.0150668
Muller_E	3660200	0.149642	0.835297	0.0150608
Muller_E	3665461	0.149152	0.835802	0.0150465
Muller_E	3670065	0.148723	0.836243	0.0150339
Muller_E	3757777	0.140527	0.844704	0.0147692
Muller_E	3766114	0.139746	0.845513	0.0147416
Muller_E	3770199	0.139363	0.845909	0.014728
Muller_E	3771242	0.139265	0.84601	0.0147245
Muller_E	3775369	0.138878	0.846411	0.0147106
Muller_E	3781958	0.13826	0.847051	0.0146881
Muller_E	3788305	0.137665	0.847669	0.0146663
Muller_E	3788531	0.137644	0.847691	0.0146655
Muller_E	3788717	0.137626	0.847709	0.0146648
Muller_E	3791492	0.137366	0.847979	0.0146552
Muller_E	3791929	0.137325	0.848021	0.0146537
Muller_E	3794089	0.137122	0.848231	0.0146461
Muller_E	3798034	0.136752	0.848616	0.0146323
Muller_E	3805877	0.136016	0.84938	0.0146045
Muller_E	3808116	0.135806	0.849598	0.0145965
Muller_E	3837593	0.133035	0.852477	0.0144882
Muller_E	3889492	0.128146	0.857569	0.0142846
Muller_E	3892070	0.127903	0.857823	0.0142741
Muller_E	3892768	0.127837	0.857891	0.0142712
Muller_E	3893846	0.127736	0.857998	0.0142668
Muller_E	3895236	0.127604	0.858135	0.0142611
Muller_E	3896701	0.127466	0.858279	0.014255
Muller_E	3964144	0.121089	0.864948	0.0139626
Muller_E	3964249	0.121079	0.864958	0.0139622
Muller_E	3964701	0.121037	0.865003	0.0139601
Muller_E	3965335	0.120977	0.865066	0.0139572
Muller_E	3965537	0.120957	0.865086	0.0139563
Muller_E	3971184	0.120422	0.865647	0.0139305
Muller_E	4005791	0.117139	0.869093	0.0137679
Muller_E	4007537	0.116974	0.869267	0.0137595
Muller_E	4008073	0.116923	0.86932	0.0137569
Muller_E	4008732	0.11686	0.869386	0.0137537
Muller_E	4009275	0.116809	0.86944	0.0137511
Muller_E	4009794	0.116759	0.869492	0.0137486
Muller_E	4010462	0.116696	0.869559	0.0137454
Muller_E	4011246	0.116621	0.869637	0.0137416
Muller_E	4011350	0.116612	0.869647	0.0137411
Muller_E	4011743	0.116574	0.869687	0.0137392
Muller_E	4012926	0.116462	0.869805	0.0137334
Muller_E	4015010	0.116264	0.870013	0.0137233
Muller_E	4015956	0.116174	0.870107	0.0137187
Muller_E	4016731	0.1161	0.870185	0.0137149
Muller_E	4017133	0.116062	0.870225	0.0137129
Muller_E	4017640	0.116014	0.870276	0.0137105
Muller_E	4021078	0.115687	0.870619	0.0136936
Muller_E	4021876	0.115611	0.870699	0.0136897
Muller_E	4022513	0.115551	0.870763	0.0136866
Muller_E	4022928	0.115511	0.870804	0.0136846
Muller_E	4024532	0.115359	0.870964	0.0136767
Muller_E	4024639	0.115349	0.870975	0.0136761
Muller_E	4025270	0.115289	0.871038	0.013673
Muller_E	4027169	0.115108	0.871228	0.0136637
Muller_E	4027437	0.115083	0.871255	0.0136623
Muller_E	4027764	0.115052	0.871288	0.0136607
Muller_E	4029270	0.114908	0.871438	0.0136533
Muller_E	4032202	0.11463	0.871732	0.0136387
Muller_E	4032327	0.114618	0.871744	0.0136381
Muller_E	4033521	0.114504	0.871864	0.0136321
Muller_E	4033797	0.114478	0.871891	0.0136308
Muller_E	4036360	0.114234	0.872148	0.013618
Muller_E	4037138	0.11416	0.872226	0.0136141
Muller_E	4037610	0.114115	0.872273	0.0136117
Muller_E	4040496	0.113841	0.872562	0.0135972
Muller_E	4040949	0.113798	0.872607	0.0135949
Muller_E	4045900	0.113326	0.873104	0.01357
Muller_E	4046078	0.113309	0.873121	0.0135691
Muller_E	4046843	0.113237	0.873198	0.0135652
Muller_E	4047581	0.113166	0.873272	0.0135614
Muller_E	4048275	0.1131	0.873342	0.0135579
Muller_E	4048700	0.11306	0.873384	0.0135558
Muller_E	4053592	0.112594	0.873875	0.0135308
Muller_E	4056223	0.112344	0.874139	0.0135174
Muller_E	4056545	0.112313	0.874171	0.0135157
Muller_E	4056951	0.112274	0.874212	0.0135136
Muller_E	4057601	0.112212	0.874277	0.0135103
Muller_E	4057720	0.112201	0.874289	0.0135097
Muller_E	4058043	0.11217	0.874322	0.013508
Muller_E	4058149	0.11216	0.874332	0.0135075
Muller_E	4058704	0.112107	0.874388	0.0135046
Muller_E	4059417	0.112039	0.87446	0.013501
Muller_E	4059965	0.111987	0.874515	0.0134981
Muller_E	4061381	0.111852	0.874657	0.0134908
Muller_E	4061745	0.111818	0.874693	0.0134889
Muller_E	4062020	0.111791	0.874721	0.0134875
Muller_E	4062507	0.111745	0.87477	0.013485
Muller_E	4062941	0.111704	0.874814	0.0134828
Muller_E	4064035	0.111599	0.874923	0.0134771
Muller_E	4064680	0.111538	0.874988	0.0134738
Muller_E	4064829	0.111524	0.875003	0.013473
Muller_E	4065474	0.111462	0.875068	0.0134697
Muller_E	4065574	0.111453	0.875078	0.0134691
Muller_E	4066028	0.11141	0.875124	0.0134668
Muller_E	4067541	0.111265	0.875276	0.0134589
Muller_E	4067967	0.111225	0.875319	0.0134567
Muller_E	4068535	0.111171	0.875376	0.0134537
Muller_E	4069245	0.111103	0.875447	0.01345
Muller_E	4070105	0.111021	0.875533	0.0134456
Muller_E	4071088	0.110927	0.875632	0.0134404
Muller_E	4071641	0.110875	0.875688	0.0134375
Muller_E	4072126	0.110828	0.875737	0.013435
Muller_E	4072768	0.110767	0.875801	0.0134316
Muller_E	4072973	0.110748	0.875822	0.0134306
Muller_E	4073359	0.110711	0.875861	0.0134286
Muller_E	4075135	0.110542	0.876039	0.0134192
Muller_E	4075254	0.11053	0.876051	0.0134186
Muller_E	4076053	0.110454	0.876132	0.0134144
Muller_E	4077160	0.110348	0.876243	0.0134086
Muller_E	4078165	0.110253	0.876344	0.0134033
Muller_E	4078690	0.110203	0.876397	0.0134005
Muller_E	4078900	0.110183	0.876418	0.0133994
Muller_E	4079010	0.110172	0.876429	0.0133989
Muller_E	4079297	0.110145	0.876458	0.0133973
Muller_E	4081728	0.109913	0.876703	0.0133845
Muller_E	4082079	0.109879	0.876738	0.0133826
Muller_E	4083988	0.109697	0.87693	0.0133725
Muller_E	4085715	0.109532	0.877104	0.0133634
Muller_E	4089306	0.10919	0.877466	0.0133442
Muller_E	4089803	0.109142	0.877516	0.0133416
Muller_E	4092778	0.108859	0.877816	0.0133256
Muller_E	4092894	0.108847	0.877828	0.013325
Muller_E	4098915	0.108273	0.878435	0.0132926
Muller_E	4109650	0.107247	0.879518	0.0132343
Muller_E	4113217	0.106907	0.879879	0.0132147
Muller_E	4113538	0.106876	0.879911	0.013213
Muller_E	4114422	0.106791	0.88	0.0132081
Muller_E	4114803	0.106755	0.880039	0.013206
Muller_E	4115118	0.106725	0.880071	0.0132043
Muller_E	4116856	0.106559	0.880246	0.0131947
Muller_E	4117074	0.106538	0.880269	0.0131935
Muller_E	4117473	0.1065	0.880309	0.0131913
Muller_E	4118970	0.106357	0.88046	0.013183
Muller_E	4121851	0.106081	0.880752	0.013167
Muller_E	4122071	0.10606	0.880774	0.0131658
Muller_E	4122393	0.10603	0.880806	0.013164
Muller_E	4122818	0.105989	0.880849	0.0131617
Muller_E	4124318	0.105845	0.881001	0.0131533
Muller_E	4124418	0.105836	0.881011	0.0131528
Muller_E	4126492	0.105638	0.881221	0.0131412
Muller_E	4127527	0.105539	0.881326	0.0131354
Muller_E	4127720	0.10552	0.881345	0.0131344
Muller_E	4128101	0.105484	0.881384	0.0131322
Muller_E	4128234	0.105471	0.881398	0.0131315
Muller_E	4130334	0.10527	0.88161	0.0131197
Muller_E	4132221	0.10509	0.881801	0.0131092
Muller_E	4134741	0.104849	0.882056	0.013095
Muller_E	4134982	0.104825	0.882081	0.0130936
Muller_E	4136547	0.104676	0.882239	0.0130848
Muller_E	4140224	0.104324	0.882612	0.013064
Muller_E	4140902	0.104259	0.882681	0.0130602
Muller_E	4141485	0.104203	0.88274	0.0130568
Muller_E	4143836	0.103978	0.882978	0.0130435
Muller_E	4144350	0.103929	0.883031	0.0130406
Muller_E	4144848	0.103881	0.883081	0.0130377
Muller_E	4150850	0.103306	0.88369	0.0130034
Muller_E	4151927	0.103203	0.883799	0.0129972
Muller_E	4154621	0.102945	0.884073	0.0129817
Muller_E	4159745	0.102454	0.884594	0.0129521
Muller_E	4159958	0.102434	0.884615	0.0129509
Muller_E	4160923	0.102341	0.884713	0.0129453
Muller_E	4161787	0.102259	0.884801	0.0129403
Muller_E	4162162	0.102223	0.884839	0.0129381
Muller_E	4163984	0.102048	0.885024	0.0129275
Muller_E	4164218	0.102026	0.885048	0.0129261
Muller_E	4164859	0.101964	0.885113	0.0129224
Muller_E	4165033	0.101948	0.885131	0.0129214
Muller_E	4165157	0.101936	0.885144	0.0129207
Muller_E	4165383	0.101914	0.885167	0.0129193
Muller_E	4165808	0.101873	0.88521	0.0129169
Muller_E	4165958	0.101859	0.885225	0.012916
Muller_E	4166062	0.101849	0.885236	0.0129154
Muller_E	4166243	0.101832	0.885254	0.0129143
Muller_E	4166628	0.101795	0.885293	0.0129121
Muller_E	4168755	0.101591	0.88551	0.0128996
Muller_E	4172546	0.101227	0.885895	0.0128774
Muller_E	4172827	0.1012	0.885924	0.0128758
Muller_E	4173860	0.101101	0.886029	0.0128697
Muller_E	4176100	0.100886	0.886257	0.0128565
Muller_E	4176326	0.100865	0.88628	0.0128551
Muller_E	4176826	0.100817	0.886331	0.0128522
Muller_E	4177022	0.100798	0.886351	0.012851
Muller_E	4178339	0.100672	0.886485	0.0128432
Muller_E	4178608	0.100646	0.886513	0.0128417
Muller_E	4179326	0.100577	0.886586	0.0128374
Muller_E	4180712	0.100444	0.886727	0.0128292
Muller_E	4180966	0.10042	0.886753	0.0128277
Muller_E	4184926	0.10004	0.887156	0.0128041
Muller_E	4185178	0.100015	0.887182	0.0128026
Muller_E	4185319	0.100002	0.887196	0.0128018
Muller_E	4185532	0.0999814	0.887218	0.0128005
Muller_E	4187632	0.0997799	0.887432	0.012788
Muller_E	4188227	0.0997227	0.887493	0.0127844
Muller_E	4188670	0.0996802	0.887538	0.0127818
Muller_E	4192621	0.0993009	0.887941	0.0127581
Muller_E	4193546	0.0992121	0.888035	0.0127525
Muller_E	4194407	0.0991294	0.888123	0.0127473
Muller_E	4195783	0.0989973	0.888264	0.0127391
Muller_E	4196010	0.0989755	0.888287	0.0127377
Muller_E	4197440	0.0988381	0.888433	0.012729
Muller_E	4198223	0.0987629	0.888513	0.0127243
Muller_E	4199021	0.0986863	0.888594	0.0127195
Muller_E	4199203	0.0986688	0.888613	0.0127184
Muller_E	4199424	0.0986476	0.888635	0.0127171
Muller_E	4199639	0.0986269	0.888657	0.0127157
Muller_E	4199983	0.0985939	0.888692	0.0127137
Muller_E	4203293	0.0982759	0.889031	0.0126936
Muller_E	4205814	0.0980337	0.889288	0.0126782
Muller_E	4206134	0.0980029	0.889321	0.0126763
Muller_E	4207588	0.0978632	0.889469	0.0126674
Muller_E	4210680	0.097566	0.889785	0.0126485
Muller_E	4210928	0.0975422	0.889811	0.012647
Muller_E	4211312	0.0975053	0.88985	0.0126446
Muller_E	4211755	0.0974627	0.889895	0.0126419
Muller_E	4213444	0.0973003	0.890068	0.0126315
Muller_E	4216650	0.0969921	0.890396	0.0126118
Muller_E	4217058	0.0969528	0.890438	0.0126093
Muller_E	4217453	0.0969149	0.890478	0.0126068
Muller_E	4217565	0.0969041	0.89049	0.0126061
Muller_E	4217669	0.0968941	0.8905	0.0126055
Muller_E	4217825	0.0968791	0.890516	0.0126045
Muller_E	4218923	0.0967735	0.890629	0.0125978
Muller_E	4225215	0.0961683	0.891273	0.0125587
Muller_E	4232774	0.0954409	0.892048	0.0125115
Muller_E	4235298	0.0951979	0.892306	0.0124956
Muller_E	4245993	0.094168	0.893404	0.012428
Muller_E	4252835	0.0935088	0.894107	0.0123843
Muller_E	4253725	0.093423	0.894198	0.0123786
Muller_E	4256197	0.0931847	0.894453	0.0123627
Muller_E	4261234	0.0926991	0.894971	0.0123303
Muller_E	4262892	0.0925393	0.895141	0.0123195
Muller_E	4263238	0.0925059	0.895177	0.0123173
Muller_E	4263588	0.0924722	0.895213	0.012315
Muller_E	4264621	0.0923725	0.895319	0.0123083
Muller_E	4266950	0.0921479	0.895559	0.0122932
Muller_E	4267529	0.0920921	0.895618	0.0122895
Muller_E	4276223	0.0912532	0.896514	0.0122327
Muller_E	4311688	0.0878266	0.900178	0.0119957
Muller_E	4311965	0.0877998	0.900206	0.0119939
Muller_E	4312254	0.0877719	0.900236	0.0119919
Muller_E	4312510	0.0877471	0.900263	0.0119902
Muller_E	4334492	0.0856193	0.902542	0.011839
Muller_E	4352032	0.0839193	0.904365	0.011716
Muller_E	4353438	0.083783	0.904511	0.011706
Muller_E	4356857	0.0834514	0.904867	0.0116818
Muller_E	4360054	0.0831412	0.9052	0.011659
Muller_E	4374783	0.0817115	0.906735	0.0115534
Muller_E	4374946	0.0816957	0.906752	0.0115522
Muller_E	4381350	0.0810736	0.907421	0.0115058
Muller_E	4558836	0.0637297	0.926163	0.0101073
Muller_E	4562012	0.0634175	0.926502	0.0100803
Muller_E	4564083	0.0632139	0.926724	0.0100626
Muller_E	4564194	0.063203	0.926735	0.0100617
Muller_E	4568491	0.0627804	0.927195	0.0100249
Muller_E	4569115	0.062719	0.927261	0.0100196
Muller_E	4569749	0.0626567	0.927329	0.0100141
Muller_E	4570340	0.0625985	0.927392	0.0100091
Muller_E	4571890	0.062446	0.927558	0.00999576
Muller_E	4572624	0.0623738	0.927637	0.00998946
Muller_E	4573491	0.0622885	0.927729	0.009982
Muller_E	4573809	0.0622572	0.927763	0.00997927
Muller_E	4577361	0.0619077	0.928144	0.00994867
Muller_E	4577462	0.0618978	0.928154	0.0099478
Muller_E	4578308	0.0618145	0.928245	0.00994049
Muller_E	4580664	0.0615826	0.928497	0.00992013
Muller_E	4580954	0.061554	0.928528	0.00991762
Muller_E	4581769	0.0614738	0.928616	0.00991057
Muller_E	4581909	0.06146	0.928631	0.00990936
Muller_E	4583019	0.0613507	0.92875	0.00989974
Muller_E	4583393	0.0613139	0.92879	0.0098965
Muller_E	4583516	0.0613018	0.928803	0.00989543
Muller_E	4584473	0.0612076	0.928905	0.00988713
Muller_E	4589180	0.060744	0.92941	0.00984621
Muller_E	4590247	0.0606389	0.929524	0.00983691
Muller_E	4591539	0.0605117	0.929663	0.00982564
Muller_E	4593253	0.0603428	0.929847	0.00981067
Muller_E	4593508	0.0603177	0.929874	0.00980844
Muller_E	4593974	0.0602718	0.929924	0.00980436
Muller_E	4595111	0.0601597	0.930046	0.00979442
Muller_E	4595303	0.0601408	0.930066	0.00979273
Muller_E	4597548	0.107235	0.891524	0.00124091
Muller_E	4597833	0.0598663	0.930354	0.00977929
Muller_E	4600306	0.0594038	0.930763	0.00983327
Muller_E	4607273	0.0581006	0.931914	0.00998526
Muller_E	4607398	0.0580772	0.931935	0.00998799
Muller_E	4610441	0.057508	0.932438	0.0100543
Muller_E	4611041	0.0573958	0.932537	0.0100674
Muller_E	4611562	0.0572983	0.932623	0.0100788
Muller_E	4611697	0.0572731	0.932645	0.0100817
Muller_E	4612447	0.0571328	0.932769	0.0100981
Muller_E	4612733	0.0570793	0.932816	0.0101043
Muller_E	4612927	0.057043	0.932848	0.0101085
Muller_E	4613148	0.0570016	0.932885	0.0101133
Muller_E	4614502	0.0567484	0.933109	0.0101428
Muller_E	4615888	0.0564891	0.933338	0.010173
Muller_E	4616173	0.0564358	0.933385	0.0101792
Muller_E	4616508	0.0563731	0.93344	0.0101865
Muller_E	4616663	0.0563441	0.933466	0.0101899
Muller_E	4618190	0.0560584	0.933718	0.0102232
Muller_E	4619781	0.0557608	0.933981	0.0102578
Muller_E	4622166	0.0553146	0.934376	0.0103097
Muller_E	4626314	0.0545385	0.935061	0.0104
Muller_E	4626864	0.0544356	0.935152	0.010412
Muller_E	4627368	0.0543413	0.935236	0.0104229
Muller_E	4627488	0.0543189	0.935256	0.0104255
Muller_E	4633961	0.0531077	0.936326	0.0105663
Muller_E	4635834	0.0527573	0.936636	0.010607
Muller_E	4636452	0.0526416	0.936738	0.0106204
Muller_E	4637295	0.0524839	0.936877	0.0106387
Muller_E	4640891	0.051811	0.937472	0.0107168
Muller_E	4645727	0.050906	0.938272	0.0108218
Muller_E	4646376	0.0507845	0.93838	0.0108359
Muller_E	4646798	0.0507055	0.938449	0.010845
Muller_E	4653320	0.0494849	0.939529	0.0109865
Muller_E	4656520	0.048886	0.940058	0.0110558
Muller_E	4672665	0.0458637	0.942731	0.0114053
Muller_E	4674140	0.0455876	0.942975	0.0114372
Muller_E	4675745	0.0452871	0.943241	0.0114719
Muller_E	4676485	0.0451486	0.943364	0.0114879
Muller_E	4677110	0.0450316	0.943467	0.0115014
Muller_E	4677655	0.0449295	0.943557	0.0115132
Muller_E	4678986	0.0446803	0.943778	0.011542
Muller_E	4680223	0.0444487	0.943983	0.0115687
Muller_E	4682403	0.0440405	0.944344	0.0116158
Muller_E	4682621	0.0439997	0.94438	0.0116205
Muller_E	4684270	0.043691	0.944653	0.0116561
Muller_E	4685491	0.0434623	0.944855	0.0116824
Muller_E	4686019	0.0433635	0.944943	0.0116938
Muller_E	4687101	0.0431609	0.945122	0.0117172
Muller_E	4689628	0.0426877	0.945541	0.0117717
Muller_E	4690052	0.0426083	0.945611	0.0117809
Muller_E	4690344	0.0425536	0.945659	0.0117872
Muller_E	4690905	0.0424486	0.945752	0.0117993
Muller_E	4691125	0.0424074	0.945789	0.011804
Muller_E	4691712	0.0422974	0.945886	0.0118167
Muller_E	4691999	0.0422437	0.945933	0.0118229
Muller_E	4692111	0.0422227	0.945952	0.0118253
Muller_E	4693234	0.0420124	0.946138	0.0118495
Muller_E	4693620	0.0419401	0.946202	0.0118578
Muller_E	4693753	0.0419152	0.946224	0.0118607
Muller_E	4694021	0.041865	0.946268	0.0118665
Muller_E	4694592	0.0417581	0.946363	0.0118788
Muller_E	4696429	0.0414141	0.946668	0.0119184
Muller_E	4696792	0.0413461	0.946728	0.0119262
Muller_E	4699402	0.0408573	0.94716	0.0119825
Muller_E	4700957	0.0405661	0.947418	0.012016
Muller_E	4702606	0.0402572	0.947691	0.0120515
Muller_E	4708142	0.0392203	0.948609	0.0121707
Muller_E	4712097	0.0384795	0.949265	0.0122558
Muller_E	4713898	0.0381422	0.949563	0.0122945
Muller_E	4714194	0.0380867	0.949612	0.0123009
Muller_E	4717094	0.0375435	0.950093	0.0123632
Muller_E	4717794	0.0374123	0.950209	0.0123783
Muller_E	4720564	0.0368934	0.950669	0.0124378
Muller_E	4722390	0.0365513	0.950972	0.012477
Muller_E	4727534	0.0355876	0.951825	0.0125875
Muller_E	4730688	0.0349966	0.952348	0.0126552
Muller_E	4731377	0.0348675	0.952463	0.0126699
Muller_E	4732944	0.0345739	0.952723	0.0127036
Muller_E	4738342	0.0335624	0.953618	0.0128193
Muller_E	4739398	0.0333646	0.953794	0.0128419
Muller_E	4742492	0.0327848	0.954307	0.0129082
Muller_E	4745718	0.0321802	0.954843	0.0129773
Muller_E	4746457	0.0320417	0.954965	0.0129931
Muller_E	4748015	0.0317497	0.955224	0.0130265
Muller_E	4748352	0.0316865	0.95528	0.0130337
Muller_E	4748630	0.0316344	0.955326	0.0130396
Muller_E	4751071	0.0311769	0.955731	0.0130919
Muller_E	4751685	0.0310619	0.955833	0.013105
Muller_E	4751817	0.0310371	0.955855	0.0131078
Muller_E	4752607	0.030889	0.955986	0.0131247
Muller_E	4752773	0.0308579	0.956014	0.0131283
Muller_E	4753826	0.0306606	0.956189	0.0131508
Muller_E	4754671	0.0305022	0.956329	0.0131689
Muller_E	4756619	0.0301371	0.956652	0.0132105
Muller_E	4759191	0.0296549	0.95708	0.0132655
Muller_E	4761262	0.0292667	0.957424	0.0133097
Muller_E	4761866	0.0291535	0.957524	0.0133227
Muller_E	4761985	0.0291312	0.957544	0.0133252
Muller_E	4763545	0.0288388	0.957803	0.0133585
Muller_E	4764509	0.0286581	0.957963	0.0133791
Muller_E	4765595	0.0284545	0.958143	0.0134023
Muller_E	4766291	0.028324	0.958259	0.0134171
Muller_E	4766501	0.0282846	0.958294	0.0134216
Muller_E	4767354	0.0281247	0.958435	0.0134398
Muller_E	4769627	0.0276986	0.958813	0.0134884
Muller_E	4769950	0.027638	0.958867	0.0134952
Muller_E	4772288	0.0271997	0.959255	0.0135451
Muller_E	4773763	0.0269231	0.9595	0.0135766
Muller_E	4773963	0.0268856	0.959534	0.0135808
Muller_E	4774375	0.0268084	0.959602	0.0135896
Muller_E	4774957	0.0266993	0.959699	0.013602
Muller_E	4775479	0.0266014	0.959785	0.0136132
Muller_E	4776619	0.0263876	0.959975	0.0136375
Muller_E	4779373	0.0258713	0.960433	0.0136962
Muller_E	4781913	0.025395	0.960855	0.0137503
Muller_E	4782620	0.0252624	0.960972	0.0137653
Muller_E	4783326	0.02513	0.96109	0.0137804
Muller_E	4786044	0.0246203	0.961541	0.0138383
Muller_E	4786690	0.0244992	0.961649	0.013852
Muller_E	4789453	0.023981	0.962108	0.0139108
Muller_E	4790377	0.0238077	0.962262	0.0139305
Muller_E	4792360	0.0234358	0.962591	0.0139727
Muller_E	4792549	0.0234004	0.962623	0.0139767
Muller_E	4792702	0.0233717	0.962648	0.0139799
Muller_E	4822723	0.01774	0.967643	0.014617
Muller_E	4832155	0.01597	0.969213	0.0148166
Muller_E	4834924	0.0154504	0.969674	0.0148752
Muller_E	4838041	0.0148654	0.970194	0.014941
Muller_E	4839031	0.0146795	0.970359	0.0149619
Muller_E	4840034	0.0144913	0.970526	0.0149831
Muller_E	4843722	0.0137991	0.97114	0.015061
Muller_E	4844215	0.00214547	0.970106	0.027749
Muller_E	4846930	0.0136315	0.971275	0.0150936
Muller_E	4847984	0.0136023	0.971295	0.0151022
Muller_E	4849699	0.0135549	0.971329	0.0151162
Muller_E	4849916	0.0135489	0.971333	0.0151179
Muller_E	4850646	0.0135287	0.971347	0.0151239
Muller_E	4851102	0.013516	0.971356	0.0151276
Muller_E	4851280	0.0135111	0.97136	0.015129
Muller_E	4852753	0.0134703	0.971389	0.015141
Muller_E	4853630	0.013446	0.971406	0.0151481
Muller_E	4855355	0.0133983	0.97144	0.0151621
Muller_E	4859608	0.0132803	0.971523	0.0151965
Muller_E	4860728	0.0132492	0.971545	0.0152056
Muller_E	4862947	0.0131876	0.971589	0.0152235
Muller_E	4865598	0.013114	0.971641	0.0152448
Muller_E	4865718	0.0131107	0.971644	0.0152457
Muller_E	4866182	0.0130978	0.971653	0.0152494
Muller_E	4867670	0.0130564	0.971682	0.0152614
Muller_E	4869382	0.0130088	0.971716	0.0152751
Muller_E	4875634	0.0128348	0.97184	0.015325
Muller_E	4875860	0.0128285	0.971845	0.0153268
Muller_E	4876983	0.0127972	0.971867	0.0153357
Muller_E	4877350	0.0127869	0.971874	0.0153386
Muller_E	4878065	0.012767	0.971889	0.0153443
Muller_E	4879381	0.0127303	0.971915	0.0153547
Muller_E	4880635	0.0126953	0.97194	0.0153647
Muller_E	4881487	0.0126716	0.971957	0.0153714
Muller_E	4881936	0.012659	0.971966	0.015375
Muller_E	4884468	0.0125883	0.972017	0.015395
