chrom	position	2,0	1,1	0,2
Muller_E	62882	0.124536	0.67459	0.200875
Muller_E	267432	0.113196	0.696554	0.19025
Muller_E	441230	0.103447	0.715424	0.18113
Muller_E	511157	0.0994921	0.723075	0.177433
Muller_E	557879	0.0968392	0.728206	0.174955
Muller_E	581000	0.0955232	0.730751	0.173725
Muller_E	709108	0.0881914	0.744928	0.16688
Muller_E	768129	0.0847901	0.751503	0.163707
Muller_E	785241	0.0838011	0.753414	0.162784
Muller_E	787322	0.0836808	0.753647	0.162672
Muller_E	787424	0.0836749	0.753658	0.162667
Muller_E	788173	0.0836315	0.753742	0.162626
Muller_E	788750	0.0835982	0.753807	0.162595
Muller_E	788860	0.0835918	0.753819	0.162589
Muller_E	791823	0.0834204	0.75415	0.162429
Muller_E	802257	0.0828164	0.755318	0.161866
Muller_E	893794	0.0774968	0.765597	0.156906
Muller_E	894300	0.0774673	0.765654	0.156879
Muller_E	896281	0.0773517	0.765877	0.156771
Muller_E	897287	0.077293	0.765991	0.156716
Muller_E	897987	0.0772522	0.76607	0.156678
Muller_E	901015	0.0770755	0.766411	0.156513
Muller_E	901718	0.0770345	0.76649	0.156475
Muller_E	923408	0.0757676	0.768938	0.155294
Muller_E	923675	0.075752	0.768968	0.15528
Muller_E	924320	0.0757142	0.769041	0.155245
Muller_E	927795	0.0755111	0.769434	0.155055
Muller_E	948021	0.0743272	0.771721	0.153952
Muller_E	948230	0.074315	0.771744	0.153941
Muller_E	958531	0.0737113	0.77291	0.153378
Muller_E	967701	0.0731735	0.773949	0.152877
Muller_E	969142	0.073089	0.774113	0.152798
Muller_E	1033237	0.0693182	0.781396	0.149286
Muller_E	1120573	0.0641478	0.791381	0.144471
Muller_E	1123171	0.0639934	0.791679	0.144328
Muller_E	1146845	0.062585	0.794398	0.143017
Muller_E	1148492	0.0624869	0.794588	0.142925
Muller_E	1168315	0.112212	0.84618	0.0416085
Muller_E	1213395	0.0565043	0.801265	0.14223
Muller_E	1262309	0.0512896	0.806045	0.142666
Muller_E	1275111	0.0499238	0.807297	0.142779
Muller_E	1275707	0.0498602	0.807356	0.142784
Muller_E	1314313	0.0457388	0.811138	0.143124
Muller_E	1318297	0.0453132	0.811528	0.143159
Muller_E	1358440	0.0410232	0.815468	0.143508
Muller_E	1358616	0.0410043	0.815486	0.14351
Muller_E	1378824	0.0388431	0.817472	0.143685
Muller_E	1480336	0.0279687	0.82748	0.144552
Muller_E	1489232	0.0270143	0.828359	0.144627
Muller_E	1645912	0.0101648	0.843915	0.14592
Muller_E	1673398	0.00720073	0.846658	0.146142
Muller_E	1718642	0.000518453	0.767929	0.231553
Muller_E	1746815	0.00156623	0.852433	0.146
Muller_E	1763447	0.00112115	0.853177	0.145702
Muller_E	1765039	0.00107846	0.853248	0.145673
Muller_E	1765159	0.00107524	0.853254	0.145671
Muller_E	1765369	0.0010696	0.853263	0.145667
Muller_E	1771226	0.000169414	0.765693	0.234137
Muller_E	1799036	0.000770136	0.85509	0.14414
Muller_E	1802542	0.00075183	0.855288	0.143961
Muller_E	1802678	0.000751118	0.855295	0.143954
Muller_E	1803039	0.000749228	0.855316	0.143935
Muller_E	1803347	0.000747615	0.855333	0.143919
Muller_E	1805518	0.000736225	0.855456	0.143808
Muller_E	1812938	0.000697053	0.855875	0.143428
Muller_E	1813040	0.000696512	0.855881	0.143423
Muller_E	1815234	0.000684856	0.856005	0.14331
Muller_E	1815907	0.000681274	0.856043	0.143276
Muller_E	1816383	0.000678738	0.85607	0.143251
Muller_E	1831501	0.000597405	0.856928	0.142475
Muller_E	1850978	0.000490311	0.858037	0.141473
Muller_E	1851905	0.000485149	0.85809	0.141425
Muller_E	1852166	0.000483695	0.858105	0.141412
Muller_E	1857635	0.000453111	0.858417	0.14113
Muller_E	1861157	0.000433306	0.858618	0.140948
Muller_E	1861336	0.000432297	0.858628	0.140939
Muller_E	1861880	0.00042923	0.85866	0.140911
Muller_E	1866595	0.00040256	0.858929	0.140668
Muller_E	1870209	0.000382014	0.859136	0.140482
Muller_E	1871973	0.000371953	0.859238	0.14039
Muller_E	1880064	0.00032553	0.859702	0.139973
Muller_E	1889333	0.000271794	0.860235	0.139493
Muller_E	1891195	4.29559e-05	0.772558	0.227399
Muller_E	1894320	0.000260046	0.860669	0.139071
Muller_E	1900363	0.00025815	0.861301	0.138441
Muller_E	1904375	4.07634e-05	0.773945	0.226014
Muller_E	1915469	0.000303259	0.863847	0.13585
Muller_E	1927060	0.000351062	0.866071	0.133578
Muller_E	1932459	0.000373053	0.867107	0.13252
Muller_E	1944351	0.000420871	0.86939	0.130189
Muller_E	1946702	0.000430223	0.869842	0.129728
Muller_E	1961660	0.000488942	0.872716	0.126795
Muller_E	1975567	0.000542312	0.875391	0.124067
Muller_E	2011856	0.000675986	0.882381	0.116943
Muller_E	2013122	0.000680503	0.882625	0.116694
Muller_E	2044597	0.000789582	0.888701	0.11051
Muller_E	2048236	0.000801793	0.889404	0.109794
Muller_E	2048434	0.000802455	0.889442	0.109755
Muller_E	2086567	0.000925339	0.89682	0.102255
Muller_E	2103366	0.000976539	0.900076	0.0989478
Muller_E	2117584	0.00101846	0.902834	0.0961477
Muller_E	2126123	0.00104301	0.904491	0.0944655
Muller_E	2135792	0.00107023	0.90637	0.0925602
Muller_E	2140907	0.00108439	0.907364	0.091552
Muller_E	2141169	0.00108511	0.907415	0.0915004
Muller_E	2142715	0.00108936	0.907715	0.0911956
Muller_E	2145389	0.00109666	0.908235	0.0906685
Muller_E	2146953	0.00110091	0.908539	0.0903602
Muller_E	2147057	0.00110119	0.908559	0.0903397
Muller_E	2201852	0.00123991	0.919232	0.0795281
Muller_E	2204792	0.00124679	0.919806	0.0789475
Muller_E	2219543	0.00128045	0.922686	0.0760337
Muller_E	2220290	0.00128212	0.922832	0.0758861
Muller_E	2241628	0.00132812	0.927003	0.0716687
Muller_E	2243471	0.00133195	0.927364	0.0713043
Muller_E	2531559	0.00296877	0.99409	0.0029412
Muller_E	2693610	0.00102931	0.991491	0.00747953
Muller_E	2696554	0.0010163	0.991626	0.00735789
Muller_E	2706179	0.000973264	0.992067	0.00695973
Muller_E	2713009	0.000942276	0.992381	0.00667675
Muller_E	2716202	0.000927662	0.992528	0.00654432
Muller_E	2721440	0.000903511	0.99277	0.00632691
Muller_E	2735475	0.000837717	0.993419	0.0057433
Muller_E	2763120	0.00122858	0.997581	0.00119047
Muller_E	2777976	0.000565199	0.994984	0.00445083
Muller_E	2779619	0.000549794	0.995015	0.00443543
Muller_E	2787347	0.000477044	0.99516	0.00436268
Muller_E	2788916	0.000462216	0.99519	0.00434785
Muller_E	2795398	0.000400744	0.995313	0.00428638
Muller_E	2798296	0.000373151	0.995368	0.00425879
Muller_E	2799305	0.000363529	0.995387	0.00424916
Muller_E	2800245	0.000354557	0.995405	0.00424019
Muller_E	2800507	0.000352055	0.99541	0.00423769
Muller_E	2800780	0.000349447	0.995415	0.00423508
Muller_E	2800932	0.000347995	0.995418	0.00423363
Muller_E	2801158	0.000345836	0.995423	0.00423147
Muller_E	2805736	0.000302005	0.99551	0.00418764
Muller_E	2807233	0.000287636	0.995539	0.00417327
Muller_E	2807795	5.91211e-05	0.992504	0.00743719
Muller_E	2808363	0.000281391	0.995562	0.00415705
Muller_E	2809031	0.000280392	0.995575	0.00414431
Muller_E	2809272	0.000280031	0.99558	0.00413972
Muller_E	2809909	0.000279075	0.995593	0.00412757
Muller_E	2811470	0.000276718	0.995626	0.00409778
Muller_E	2811776	0.000276253	0.995632	0.00409194
Muller_E	2812117	0.000275735	0.995639	0.00408543
Muller_E	2815676	0.000270268	0.995712	0.00401743
Muller_E	2816259	0.000269363	0.995724	0.00400628
Muller_E	2817070	0.000268099	0.995741	0.00399076
Muller_E	2817616	0.000267246	0.995752	0.00398031
Muller_E	2819402	0.000264436	0.995789	0.00394612
Muller_E	2820166	0.000263226	0.995805	0.00393149
Muller_E	2820386	0.000262877	0.99581	0.00392727
Muller_E	2820775	0.000262259	0.995818	0.00391982
Muller_E	2821135	0.000261685	0.995825	0.00391292
Muller_E	2821440	0.000261199	0.995832	0.00390707
Muller_E	2826939	0.000252296	0.995946	0.00380155
Muller_E	2831172	0.000245278	0.996035	0.00372015
Muller_E	2831515	0.000244703	0.996042	0.00371355
Muller_E	2832336	0.000243323	0.996059	0.00369774
Muller_E	2833070	0.000242084	0.996074	0.00368361
Muller_E	2850717	0.000211	0.996447	0.00334245
Muller_E	2853215	0.000206397	0.9965	0.00329396
Muller_E	2856496	0.000200275	0.99657	0.00323019
Muller_E	2856945	0.00019943	0.996579	0.00322145
Muller_E	2857481	0.00019842	0.996591	0.00321103
Muller_E	2858163	0.000197131	0.996605	0.00319775
Muller_E	2859754	0.00019411	0.996639	0.00316678
Muller_E	2859987	0.000193666	0.996644	0.00316224
Muller_E	2862604	0.000188647	0.9967	0.00311124
Muller_E	2866488	0.000181096	0.996783	0.00303545
Muller_E	2867267	0.000179567	0.9968	0.00302023
Muller_E	2868557	0.000177024	0.996828	0.00299502
Muller_E	2870085	0.000173995	0.996861	0.00296515
Muller_E	2870623	0.000172924	0.996872	0.00295462
Muller_E	2876155	0.000161775	0.996992	0.00284628
Muller_E	2877151	0.000159742	0.997014	0.00282674
Muller_E	2886067	0.000141182	0.997207	0.00265153
Muller_E	2886534	0.000140192	0.997217	0.00264233
Muller_E	2887599	0.000137928	0.997241	0.00262136
Muller_E	2887882	0.000137325	0.997247	0.00261578
Muller_E	2888492	0.000136023	0.99726	0.00260376
Muller_E	2888607	0.000135777	0.997263	0.0026015
Muller_E	2890000	0.000132791	0.997293	0.00257404
Muller_E	2890387	0.000131958	0.997302	0.00256641
Muller_E	2890907	0.000130838	0.997313	0.00255615
Muller_E	2894764	0.00012246	0.997398	0.00248
Muller_E	2899098	0.000112902	0.997493	0.0023943
Muller_E	2901481	0.000107582	0.997545	0.00234711
Muller_E	2901643	0.000107219	0.997549	0.0023439
Muller_E	2902627	0.000105008	0.997571	0.0023244
Muller_E	2903432	0.000103193	0.997588	0.00230845
Muller_E	2904998	9.96472e-05	0.997623	0.00227739
Muller_E	2905994	9.73819e-05	0.997645	0.00225762
Muller_E	2907134	9.47792e-05	0.99767	0.00223499
Muller_E	2908511	9.16214e-05	0.997701	0.00220764
Muller_E	2909452	8.94547e-05	0.997722	0.00218894
Muller_E	2910160	8.78198e-05	0.997737	0.00217487
Muller_E	2911022	8.58237e-05	0.997756	0.00215773
Muller_E	2911252	8.52902e-05	0.997762	0.00215315
Muller_E	2911992	8.35705e-05	0.997778	0.00213843
Muller_E	2914672	7.73054e-05	0.997838	0.00208508
Muller_E	2915489	7.5384e-05	0.997856	0.0020688
Muller_E	2918585	6.80537e-05	0.997925	0.00200708
Muller_E	2919015	6.70295e-05	0.997934	0.0019985
Muller_E	2919728	6.5328e-05	0.99795	0.00198427
Muller_E	2919971	6.47471e-05	0.997956	0.00197942
Muller_E	2921506	6.10669e-05	0.99799	0.00194877
Muller_E	2922564	5.85192e-05	0.998014	0.00192764
Muller_E	2922707	5.81742e-05	0.998017	0.00192478
Muller_E	2924226	5.44988e-05	0.998051	0.00189442
Muller_E	2925108	5.23562e-05	0.998071	0.00187678
Muller_E	2925552	5.12752e-05	0.998081	0.0018679
Muller_E	2928855	4.31836e-05	0.998155	0.00180177
Muller_E	2930674	3.86898e-05	0.998196	0.00176532
Muller_E	2931258	7.69792e-06	0.996852	0.00313998
Muller_E	2931592	3.71608e-05	0.998221	0.00174146
Muller_E	2931798	3.71106e-05	0.998229	0.00173397
Muller_E	2932326	3.69805e-05	0.998248	0.00171475
Muller_E	2945623	3.29609e-05	0.998737	0.00123016
Muller_E	2945753	3.29146e-05	0.998742	0.00122541
Muller_E	2945878	3.28699e-05	0.998746	0.00122085
Muller_E	2946001	3.28258e-05	0.998751	0.00121636
Muller_E	2955783	2.89269e-05	0.999112	0.000858923
Muller_E	2957997	2.79371e-05	0.999194	0.000777915
Muller_E	2959282	4.92577e-05	0.999805	0.000145993
Muller_E	2959697	2.69059e-05	0.999245	0.000728008
Muller_E	2959819	2.67767e-05	0.999246	0.000727163
Muller_E	2960759	2.57773e-05	0.999254	0.00072065
Muller_E	2961667	2.4805e-05	0.999261	0.000714352
Muller_E	2961801	2.4661e-05	0.999262	0.000713422
Muller_E	2963254	3.28837e-06	0.998691	0.00130567
Muller_E	2963568	2.32135e-05	0.999278	0.000699112
Muller_E	2975263	2.72546e-05	0.999431	0.00054151
Muller_E	2976725	2.7682e-05	0.999451	0.000521731
Muller_E	2977784	2.79808e-05	0.999465	0.000507392
Muller_E	2982473	2.91948e-05	0.999527	0.000443797
Muller_E	2984283	2.96158e-05	0.999551	0.000419202
Muller_E	2985483	2.98804e-05	0.999567	0.00040288
Muller_E	2985658	2.9918e-05	0.99957	0.000400499
Muller_E	2985908	2.99713e-05	0.999573	0.000397097
Muller_E	2987685	3.03355e-05	0.999597	0.000372901
Muller_E	2992894	3.1256e-05	0.999667	0.000301825
Muller_E	2993313	3.13205e-05	0.999673	0.000296099
Muller_E	2993798	3.13934e-05	0.999679	0.000289468
Muller_E	2994137	3.14432e-05	0.999684	0.000284832
Muller_E	2994487	3.14937e-05	0.999688	0.000280045
Muller_E	2994615	3.15119e-05	0.99969	0.000278295
Muller_E	2995123	5.98309e-05	0.999911	2.87672e-05
Muller_E	2995701	3.13903e-05	0.999698	0.000270935
Muller_E	2996048	3.12735e-05	0.999698	0.000270688
Muller_E	2996738	3.10381e-05	0.999699	0.000270194
Muller_E	2996880	3.09892e-05	0.999699	0.000270091
Muller_E	2997113	3.09086e-05	0.999699	0.000269923
Muller_E	2999116	3.01976e-05	0.999701	0.000268461
Muller_E	2999459	3.00726e-05	0.999702	0.000268207
Muller_E	3001420	2.93396e-05	0.999704	0.000266738
Muller_E	3001578	2.92792e-05	0.999704	0.000266619
Muller_E	3001696	2.9234e-05	0.999704	0.000266529
Muller_E	3002579	2.88918e-05	0.999705	0.000265856
Muller_E	3003095	2.86889e-05	0.999706	0.000265459
Muller_E	3003540	2.85122e-05	0.999706	0.000265116
Muller_E	3004120	2.82795e-05	0.999707	0.000264665
Muller_E	3005221	2.78302e-05	0.999708	0.000263803
Muller_E	3007967	2.6667e-05	0.999712	0.00026161
Muller_E	3012773	2.44842e-05	0.999718	0.000257624
Muller_E	3013331	2.42186e-05	0.999719	0.000257149
Muller_E	3013618	2.4081e-05	0.999719	0.000256904
Muller_E	3014080	2.38582e-05	0.99972	0.000256508
Muller_E	3014783	3.29528e-06	0.999521	0.000475841
Muller_E	3016296	2.49795e-05	0.999723	0.000252111
Muller_E	3017214	2.58585e-05	0.999724	0.000249802
Muller_E	3018320	2.69086e-05	0.999726	0.000247011
Muller_E	3018982	2.75323e-05	0.999727	0.000245336
Muller_E	3019303	2.78335e-05	0.999728	0.000244522
Muller_E	3019831	2.83271e-05	0.999728	0.000243182
Muller_E	3021834	3.0179e-05	0.999732	0.000238079
Muller_E	3021944	3.02798e-05	0.999732	0.000237797
Muller_E	3023127	3.13572e-05	0.999734	0.000234767
Muller_E	3024474	3.25703e-05	0.999736	0.000231302
Muller_E	3024813	3.28733e-05	0.999737	0.000230428
Muller_E	3029421	3.68994e-05	0.999745	0.000218452
Muller_E	3029834	3.72518e-05	0.999745	0.00021737
Muller_E	3030101	3.74789e-05	0.999746	0.00021667
Muller_E	3033200	4.00729e-05	0.999751	0.000208502
Muller_E	3033901	4.06488e-05	0.999753	0.000206643
Muller_E	3034073	4.07895e-05	0.999753	0.000206187
Muller_E	3036032	7.72828e-05	0.999887	3.54699e-05
Muller_E	3038305	4.28447e-05	0.999754	0.000203322
Muller_E	3041816	4.34875e-05	0.99975	0.000206874
Muller_E	3044683	4.39383e-05	0.999746	0.000209701
Muller_E	3046757	4.4223e-05	0.999744	0.000211704
Muller_E	3046887	4.42397e-05	0.999744	0.000211828
Muller_E	3047900	4.4365e-05	0.999743	0.000212793
Muller_E	3048135	4.43929e-05	0.999743	0.000213015
Muller_E	3050664	1.43131e-05	0.999624	0.000361695
Muller_E	3051698	4.60724e-05	0.999739	0.000215299
Muller_E	3051968	4.64385e-05	0.999738	0.000215276
Muller_E	3052635	4.73405e-05	0.999737	0.000215216
Muller_E	3053197	4.80977e-05	0.999737	0.000215162
Muller_E	3056428	5.24013e-05	0.999733	0.000214806
Muller_E	3056712	5.27755e-05	0.999732	0.00021477
Muller_E	3058398	5.49838e-05	0.99973	0.000214547
Muller_E	3059687	5.66565e-05	0.999729	0.000214361
Muller_E	3061511	5.90006e-05	0.999727	0.000214074
Muller_E	3062406	6.01409e-05	0.999726	0.000213923
Muller_E	3062537	6.03073e-05	0.999726	0.000213901
Muller_E	3100018	0.000102202	0.999696	0.000201737
Muller_E	3100718	0.000102876	0.999696	0.000201401
Muller_E	3112367	0.000113514	0.999691	0.000195239
Muller_E	3112987	0.00011405	0.999691	0.00019488
Muller_E	3113420	0.000114422	0.999691	0.000194628
Muller_E	3116107	0.000116697	0.99969	0.000193028
Muller_E	3119432	0.000119432	0.99969	0.000190967
Muller_E	3119714	0.000119659	0.99969	0.000190788
Muller_E	3120862	0.00012058	0.999689	0.000190053
Muller_E	3122265	0.000121691	0.999689	0.00018914
Muller_E	3123364	0.00012255	0.999689	0.000188414
Muller_E	3124138	0.000123149	0.999689	0.000187897
Muller_E	3127464	0.000125668	0.999689	0.000185619
Muller_E	3128767	0.00012663	0.999689	0.000184702
Muller_E	3128895	0.000126724	0.999689	0.000184611
Muller_E	3129611	0.000127246	0.999689	0.000184101
Muller_E	3129743	0.000127342	0.999689	0.000184006
Muller_E	3130171	0.000127652	0.999689	0.000183699
Muller_E	3131529	0.000128625	0.999689	0.000182713
Muller_E	3137674	0.000132841	0.999689	0.000178067
Muller_E	3139976	0.000134342	0.999689	0.000176248
Muller_E	3143168	0.000136352	0.99969	0.000173654
Muller_E	3169152	0.000149648	0.999701	0.000149475
Muller_E	3170575	0.000284705	0.9997	1.54979e-05
Muller_E	3173857	0.000148134	0.999692	0.000160325
Muller_E	3192801	1.88362e-05	0.999554	0.000427366
Muller_E	3194086	0.000138195	0.99963	0.000231867
Muller_E	3194230	0.000138619	0.999629	0.000232097
Muller_E	3207603	0.000177274	0.99957	0.00025275
Muller_E	3207708	0.000177571	0.99957	0.000252906
Muller_E	3208070	0.000178597	0.999568	0.000253445
Muller_E	3208369	0.000179444	0.999567	0.000253889
Muller_E	3208507	0.000179834	0.999566	0.000254094
Muller_E	3208706	0.000180397	0.999565	0.000254389
Muller_E	3210124	0.000184398	0.999559	0.000256481
Muller_E	3211254	0.000187575	0.999554	0.000258137
Muller_E	3212088	0.000189913	0.999551	0.000259352
Muller_E	3216063	0.00020098	0.999534	0.000265068
Muller_E	3216461	0.000202081	0.999532	0.000265633
Muller_E	3217109	0.000203871	0.99953	0.00026655
Muller_E	3217441	0.000204786	0.999528	0.000267019
Muller_E	3217706	0.000205517	0.999527	0.000267393
Muller_E	3217825	0.000205844	0.999527	0.00026756
Muller_E	3218354	0.0002073	0.999524	0.000268304
Muller_E	3219292	0.000209875	0.999521	0.000269616
Muller_E	3219763	0.000211166	0.999519	0.000270273
Muller_E	3221459	0.000215798	0.999512	0.000272622
Muller_E	3222112	0.000217575	0.999509	0.00027352
Muller_E	3223012	0.000220019	0.999505	0.000274752
Muller_E	3223549	0.000221474	0.999503	0.000275484
Muller_E	3224815	0.000224895	0.999498	0.000277201
Muller_E	3226800	0.000230233	0.99949	0.000279867
Muller_E	3229718	0.000238022	0.999478	0.000283728
Muller_E	3240322	0.000265746	0.999437	0.000297178
Muller_E	3240918	8.56589e-05	0.999414	0.000500327
Muller_E	3241273	0.000270487	0.999432	0.000297916
Muller_E	3247835	0.000329619	0.999372	0.000297898
Muller_E	3251442	0.000361975	0.99934	0.00029774
Muller_E	3252203	0.000368788	0.999334	0.000297693
Muller_E	3254014	0.000384982	0.999317	0.000297563
Muller_E	3254518	0.000389485	0.999313	0.000297522
Muller_E	3255141	0.000395047	0.999307	0.000297468
Muller_E	3255365	0.000397046	0.999306	0.000297448
Muller_E	3259142	0.000430695	0.999272	0.00029705
Muller_E	3259935	0.000437745	0.999265	0.000296952
Muller_E	3262497	7.13819e-05	0.999381	0.000547305
Muller_E	3263708	0.000531323	0.999174	0.000294648
Muller_E	3264644	0.000586065	0.999121	0.000293131
Muller_E	3266132	0.000673077	0.999036	0.000290705
Muller_E	3266579	0.000699212	0.999011	0.000289973
Muller_E	3266806	0.000712484	0.998998	0.000289601
Muller_E	3269029	0.00084243	0.998872	0.000285933
Muller_E	3271700	0.000998513	0.99872	0.000281473
Muller_E	3271881	0.00100909	0.99871	0.000281169
Muller_E	3273894	0.00112668	0.998596	0.000277767
Muller_E	3275081	0.001196	0.998528	0.000275746
Muller_E	3275989	0.00124903	0.998477	0.000274193
Muller_E	3278049	0.0013693	0.99836	0.000270644
Muller_E	3280894	0.00153534	0.998199	0.000265688
Muller_E	3282107	0.00160612	0.99813	0.000263555
Muller_E	3282973	0.00165664	0.998081	0.000262025
Muller_E	3284532	0.00323979	0.996723	3.72227e-05
Muller_E	3291321	0.00195962	0.997761	0.000278883
Muller_E	3291878	0.001977	0.997743	0.000280476
Muller_E	3293351	0.00202295	0.997692	0.000284679
Muller_E	3293759	0.00203568	0.997678	0.00028584
Muller_E	3304917	0.00238316	0.9973	0.00031707
Muller_E	3306663	0.00243744	0.997241	0.000321866
Muller_E	3306880	0.00244418	0.997233	0.00032246
Muller_E	3310127	0.00254506	0.997124	0.000331308
Muller_E	3312301	0.00261256	0.99705	0.000337185
Muller_E	3312718	0.0026255	0.997036	0.000338307
Muller_E	3318766	0.00281305	0.996833	0.000354435
Muller_E	3323588	0.00296236	0.996671	0.000367083
Muller_E	3324201	0.00298133	0.99665	0.000368677
Muller_E	3324656	0.00299541	0.996635	0.000369859
Muller_E	3325091	0.00300887	0.99662	0.000370987
Muller_E	3326084	0.00303958	0.996587	0.000373556
Muller_E	3326190	0.00304286	0.996583	0.00037383
Muller_E	3330218	0.00316737	0.996448	0.000384167
Muller_E	3334866	0.00331087	0.996293	0.000395933
Muller_E	3337545	0.00339351	0.996204	0.000402635
Muller_E	3340268	0.00347744	0.996113	0.000409389
Muller_E	3340480	0.00348397	0.996106	0.000409912
Muller_E	3410593	0.00562456	0.993812	0.000563166
Muller_E	3431230	0.00624715	0.993152	0.000600761
Muller_E	3437416	0.00643311	0.992956	0.000611366
Muller_E	3456916	0.00701731	0.99234	0.000642791
Muller_E	3457694	0.00704056	0.992315	0.000643982
Muller_E	3459001	0.0070796	0.992274	0.000645971
Muller_E	3462300	0.00717808	0.992171	0.000650932
Muller_E	3464519	0.00724427	0.992102	0.00065422
Muller_E	3464673	0.00724887	0.992097	0.000654446
Muller_E	3477602	0.00763375	0.991693	0.000672803
Muller_E	3525631	0.00905191	0.990219	0.000729308
Muller_E	3546828	0.00967199	0.98958	0.000748394
Muller_E	3557059	0.00997002	0.989274	0.000756326
Muller_E	3566467	0.0102433	0.988994	0.000762885
Muller_E	3572057	0.0104054	0.988828	0.000766448
Muller_E	3572168	0.0104086	0.988825	0.000766516
Muller_E	3579272	0.0106142	0.988615	0.00077068
Muller_E	3579502	0.0106209	0.988608	0.000770808
Muller_E	3582419	0.0107052	0.988522	0.000772396
Muller_E	3590131	0.0109277	0.988296	0.000776269
Muller_E	3605233	0.0113622	0.987855	0.000782484
Muller_E	3610748	0.0115204	0.987695	0.000784302
Muller_E	3611776	0.0115499	0.987665	0.000784614
Muller_E	3615071	0.0116443	0.98757	0.000785558
Muller_E	3617701	0.0117196	0.987494	0.000786249
Muller_E	3617818	0.0117229	0.987491	0.000786279
Muller_E	3617948	0.0117266	0.987487	0.000786312
Muller_E	3623404	0.0118826	0.98733	0.000787561
Muller_E	3630035	0.0120719	0.987139	0.000788761
Muller_E	3631532	0.0121145	0.987096	0.000788983
Muller_E	3634067	0.0121868	0.987024	0.00078932
Muller_E	3642157	0.0124169	0.986793	0.000790053
Muller_E	3643438	0.0124533	0.986757	0.000790121
Muller_E	3645674	0.0125169	0.986693	0.000790209
Muller_E	3652519	0.012711	0.986499	0.000790233
Muller_E	3655257	0.0127886	0.986421	0.000790139
Muller_E	3657953	0.0128649	0.986345	0.000789988
Muller_E	3660200	0.0129285	0.986282	0.000789818
Muller_E	3665461	0.0130771	0.986134	0.000789264
Muller_E	3670065	0.0132071	0.986004	0.000788599
Muller_E	3757777	0.0156507	0.983605	0.000743908
Muller_E	3766114	0.0158798	0.983384	0.000736497
Muller_E	3770199	0.0159919	0.983275	0.000732666
Muller_E	3771242	0.0160205	0.983248	0.000731667
Muller_E	3775369	0.0161336	0.983139	0.000727629
Muller_E	3781958	0.0163138	0.982965	0.000720903
Muller_E	3788305	0.0164871	0.982799	0.000714101
Muller_E	3788531	0.0164933	0.982793	0.000713853
Muller_E	3788717	0.0164984	0.982788	0.000713648
Muller_E	3791492	0.016574	0.982715	0.000710565
Muller_E	3791929	0.0165859	0.982704	0.000710074
Muller_E	3794089	0.0166448	0.982648	0.000707625
Muller_E	3798034	0.0167522	0.982545	0.000703058
Muller_E	3805877	0.0169653	0.982341	0.000693612
Muller_E	3808116	0.0170261	0.982283	0.000690827
Muller_E	3837593	0.0178224	0.981527	0.000650478
Muller_E	3889492	0.019208	0.980229	0.00056283
Muller_E	3892070	0.0192763	0.980166	0.000557924
Muller_E	3892768	0.0192948	0.980149	0.000556587
Muller_E	3893846	0.0193233	0.980122	0.000554515
Muller_E	3895236	0.0193601	0.980088	0.000551829
Muller_E	3896701	0.0193989	0.980052	0.000548982
Muller_E	3964144	0.0211648	0.978435	0.00039968
Muller_E	3964249	0.0211676	0.978433	0.000399419
Muller_E	3964701	0.0211793	0.978422	0.000398298
Muller_E	3965335	0.0211957	0.978408	0.000396723
Muller_E	3965537	0.0212009	0.978403	0.00039622
Muller_E	3971184	0.0213472	0.978271	0.00038204
Muller_E	4005791	0.0222379	0.977472	0.00028969
Muller_E	4007537	0.0222826	0.977433	0.000284782
Muller_E	4008073	0.0222963	0.97742	0.000283271
Muller_E	4008732	0.0223132	0.977405	0.00028141
Muller_E	4009275	0.0223271	0.977393	0.000279873
Muller_E	4009794	0.0223404	0.977381	0.000278403
Muller_E	4010462	0.0223575	0.977366	0.000276507
Muller_E	4011246	0.0223775	0.977348	0.000274278
Muller_E	4011350	0.0223802	0.977346	0.000273982
Muller_E	4011743	0.0223902	0.977337	0.000272862
Muller_E	4012926	0.0224204	0.97731	0.000269485
Muller_E	4015010	0.0224737	0.977263	0.000263508
Muller_E	4015956	0.0224978	0.977241	0.000260784
Muller_E	4016731	0.0225176	0.977224	0.000258547
Muller_E	4017133	0.0225279	0.977215	0.000257385
Muller_E	4017640	0.0225408	0.977203	0.000255917
Muller_E	4021078	0.0226285	0.977126	0.000245913
Muller_E	4021876	0.0226488	0.977108	0.000243577
Muller_E	4022513	0.0226651	0.977093	0.000241709
Muller_E	4022928	0.0226756	0.977084	0.000240491
Muller_E	4024532	0.0227165	0.977048	0.000235768
Muller_E	4024639	0.0227192	0.977045	0.000235453
Muller_E	4025270	0.0227353	0.977031	0.000233589
Muller_E	4027169	0.0227836	0.976988	0.000227961
Muller_E	4027437	0.0227904	0.976982	0.000227164
Muller_E	4027764	0.0227988	0.976975	0.000226192
Muller_E	4029270	0.0228371	0.976941	0.000221702
Muller_E	4032202	0.0229116	0.976876	0.000212909
Muller_E	4032327	0.0229148	0.976873	0.000212532
Muller_E	4033521	0.0229451	0.976846	0.000208931
Muller_E	4033797	0.0229521	0.97684	0.000208097
Muller_E	4036360	0.0230171	0.976783	0.000200324
Muller_E	4037138	0.0230369	0.976765	0.000197954
Muller_E	4037610	0.0230489	0.976755	0.000196514
Muller_E	4040496	0.023122	0.97669	0.000187672
Muller_E	4040949	0.0231335	0.97668	0.000186278
Muller_E	4045900	0.0232589	0.97657	0.00017094
Muller_E	4046078	0.0232634	0.976566	0.000170385
Muller_E	4046843	0.0232827	0.976549	0.000167997
Muller_E	4047581	0.0233014	0.976533	0.000165689
Muller_E	4048275	0.0233189	0.976518	0.000163514
Muller_E	4048700	0.0233297	0.976508	0.000162181
Muller_E	4053592	0.0234533	0.9764	0.00014673
Muller_E	4056223	0.0235196	0.976342	0.000138343
Muller_E	4056545	0.0235278	0.976335	0.000137313
Muller_E	4056951	0.023538	0.976326	0.000136013
Muller_E	4057601	0.0235544	0.976312	0.000133929
Muller_E	4057720	0.0235574	0.976309	0.000133547
Muller_E	4058043	0.0235655	0.976302	0.00013251
Muller_E	4058149	0.0235682	0.9763	0.000132169
Muller_E	4058704	0.0235822	0.976287	0.000130385
Muller_E	4059417	0.0236002	0.976272	0.000128089
Muller_E	4059965	0.023614	0.97626	0.000126322
Muller_E	4061381	0.0236496	0.976229	0.000121744
Muller_E	4061745	0.0236588	0.976221	0.000120565
Muller_E	4062020	0.0236657	0.976215	0.000119673
Muller_E	4062507	0.023678	0.976204	0.000118093
Muller_E	4062941	0.0236889	0.976194	0.000116683
Muller_E	4064035	0.0237164	0.97617	0.000113122
Muller_E	4064680	0.0237327	0.976156	0.000111019
Muller_E	4064829	0.0237364	0.976153	0.000110532
Muller_E	4065474	0.0237526	0.976139	0.000108425
Muller_E	4065574	0.0237552	0.976137	0.000108098
Muller_E	4066028	0.0237666	0.976127	0.000106612
Muller_E	4067541	0.0238046	0.976094	0.000101648
Muller_E	4067967	0.0238153	0.976084	0.000100248
Muller_E	4068535	0.0238296	0.976072	9.8378e-05
Muller_E	4069245	0.0238474	0.976057	9.60372e-05
Muller_E	4070105	0.023869	0.976038	9.31966e-05
Muller_E	4071088	0.0238937	0.976016	8.99427e-05
Muller_E	4071641	0.0239076	0.976004	8.81089e-05
Muller_E	4072126	0.0239198	0.975994	8.64986e-05
Muller_E	4072768	0.0239359	0.97598	8.43642e-05
Muller_E	4072973	0.023941	0.975975	8.3682e-05
Muller_E	4073359	0.0239507	0.975967	8.23965e-05
Muller_E	4075135	0.0239953	0.975928	7.6467e-05
Muller_E	4075254	0.0239983	0.975926	7.60688e-05
Muller_E	4076053	0.0240183	0.975908	7.33925e-05
Muller_E	4077160	0.0240461	0.975884	6.96762e-05
Muller_E	4078165	0.0240712	0.975862	6.62941e-05
Muller_E	4078690	0.0240844	0.975851	6.45241e-05
Muller_E	4078900	0.0240897	0.975847	6.38156e-05
Muller_E	4079010	0.0240924	0.975844	6.34443e-05
Muller_E	4079297	0.0240996	0.975838	6.24751e-05
Muller_E	4081728	0.0241605	0.975785	5.424e-05
Muller_E	4082079	0.0241692	0.975778	5.30471e-05
Muller_E	4083988	0.0440697	0.955924	6.49767e-06
Muller_E	4085715	0.0242326	0.975721	4.63203e-05
Muller_E	4089306	0.0242649	0.975689	4.57824e-05
Muller_E	4089803	0.0242693	0.975685	4.56999e-05
Muller_E	4092778	0.024296	0.975659	4.51656e-05
Muller_E	4092894	0.024297	0.975658	4.51433e-05
Muller_E	4098915	0.0243508	0.975605	4.38426e-05
Muller_E	4109650	0.0244459	0.975513	4.08139e-05
Muller_E	4113217	0.0244773	0.975483	3.96063e-05
Muller_E	4113538	0.0244801	0.97548	3.94927e-05
Muller_E	4114422	0.0244879	0.975473	3.91757e-05
Muller_E	4114803	0.0244912	0.97547	3.90371e-05
Muller_E	4115118	0.024494	0.975467	3.89217e-05
Muller_E	4116856	0.0245092	0.975452	3.82709e-05
Muller_E	4117074	0.0245112	0.975451	3.81876e-05
Muller_E	4117473	0.0245147	0.975447	3.80341e-05
Muller_E	4118970	0.0245278	0.975435	3.74471e-05
Muller_E	4121851	0.0245529	0.975411	3.62677e-05
Muller_E	4122071	0.0245549	0.975409	3.6175e-05
Muller_E	4122393	0.0245577	0.975406	3.60386e-05
Muller_E	4122818	0.0245614	0.975403	3.58572e-05
Muller_E	4124318	0.0245744	0.97539	3.52058e-05
Muller_E	4124418	0.0245753	0.97539	3.51617e-05
Muller_E	4126492	0.0245933	0.975372	3.42302e-05
Muller_E	4127527	0.0246023	0.975364	3.37526e-05
Muller_E	4127720	0.024604	0.975362	3.36626e-05
Muller_E	4128101	0.0246073	0.975359	3.34841e-05
Muller_E	4128234	0.0246085	0.975358	3.34216e-05
Muller_E	4130334	0.0246267	0.975341	3.24149e-05
Muller_E	4132221	0.024643	0.975326	3.14807e-05
Muller_E	4134741	0.0246648	0.975305	3.01893e-05
Muller_E	4134982	0.0246669	0.975303	3.00632e-05
Muller_E	4136547	0.0246803	0.97529	2.9233e-05
Muller_E	4140224	0.024712	0.975261	2.72065e-05
Muller_E	4140902	0.0247178	0.975255	2.68212e-05
Muller_E	4141485	0.0247228	0.975251	2.64869e-05
Muller_E	4143836	0.0247429	0.975232	2.5112e-05
Muller_E	4144350	0.0247473	0.975228	2.48055e-05
Muller_E	4144848	0.0247516	0.975224	2.45067e-05
Muller_E	4150850	0.0248028	0.975176	2.07508e-05
Muller_E	4151927	0.0248119	0.975168	2.00468e-05
Muller_E	4154621	0.0248348	0.975147	1.82458e-05
Muller_E	4159745	0.0248781	0.975107	1.46622e-05
Muller_E	4159958	0.0248799	0.975106	1.45088e-05
Muller_E	4160923	0.024888	0.975098	1.38091e-05
Muller_E	4161787	0.0248953	0.975092	1.31764e-05
Muller_E	4162162	0.0248985	0.975089	1.29e-05
Muller_E	4163984	0.0249138	0.975075	1.15412e-05
Muller_E	4164218	0.0249157	0.975073	1.13648e-05
Muller_E	4164859	0.0249211	0.975068	1.08793e-05
Muller_E	4165033	0.0249226	0.975067	1.07469e-05
Muller_E	4165157	0.0249236	0.975066	1.06525e-05
Muller_E	4165383	0.0249255	0.975064	1.048e-05
Muller_E	4165808	0.0249291	0.975061	1.01546e-05
Muller_E	4165958	0.0249304	0.97506	1.00394e-05
Muller_E	4166062	0.0249312	0.975059	9.95944e-06
Muller_E	4166243	0.0249327	0.975057	9.82006e-06
Muller_E	4166628	0.024936	0.975055	9.52272e-06
Muller_E	4168755	0.0249538	0.975038	7.85895e-06
Muller_E	4172546	0.0249854	0.97501	4.80514e-06
Muller_E	4172827	0.0249878	0.975008	4.57427e-06
Muller_E	4173860	0.0450035	0.954996	5.89904e-07
Muller_E	4176100	0.0249874	0.975009	3.63246e-06
Muller_E	4176326	0.0249864	0.97501	3.62141e-06
Muller_E	4176826	0.0249844	0.975012	3.59552e-06
Muller_E	4177022	0.0249836	0.975013	3.58483e-06
Muller_E	4178339	0.0249783	0.975018	3.50516e-06
Muller_E	4178608	0.0249772	0.975019	3.4872e-06
Muller_E	4179326	0.0249743	0.975022	3.43648e-06
Muller_E	4180712	0.0249687	0.975028	3.32704e-06
Muller_E	4180966	0.0249676	0.975029	3.30534e-06
Muller_E	4184926	0.0249514	0.975046	2.90118e-06
Muller_E	4185178	0.0249504	0.975047	2.87127e-06
Muller_E	4185319	0.0249498	0.975047	2.85432e-06
Muller_E	4185532	0.0249489	0.975048	2.82841e-06
Muller_E	4187632	0.0458685	0.954131	3.01207e-07
Muller_E	4188227	0.0249292	0.975068	2.79837e-06
Muller_E	4188670	0.0249209	0.975076	2.97864e-06
Muller_E	4192621	0.0248472	0.975148	4.51801e-06
Muller_E	4193546	0.0248299	0.975165	4.86062e-06
Muller_E	4194407	0.0248139	0.975181	5.17345e-06
Muller_E	4195783	0.0247881	0.975206	5.66127e-06
Muller_E	4196010	0.0247839	0.97521	5.74031e-06
Muller_E	4197440	0.0247572	0.975237	6.22889e-06
Muller_E	4198223	0.0247425	0.975251	6.48958e-06
Muller_E	4199021	0.0247276	0.975266	6.75028e-06
Muller_E	4199203	0.0247242	0.975269	6.80903e-06
Muller_E	4199424	0.02472	0.975273	6.88003e-06
Muller_E	4199639	0.024716	0.975277	6.94873e-06
Muller_E	4199983	0.0247096	0.975283	7.05788e-06
Muller_E	4203293	0.0246475	0.975344	8.06049e-06
Muller_E	4205814	0.0246002	0.975391	8.76612e-06
Muller_E	4206134	0.0245942	0.975397	8.8521e-06
Muller_E	4207588	0.0245669	0.975424	9.2326e-06
Muller_E	4210680	0.0245088	0.975481	9.9863e-06
Muller_E	4210928	0.0245041	0.975486	1.00435e-05
Muller_E	4211312	0.0244969	0.975493	1.01311e-05
Muller_E	4211755	0.0244886	0.975501	1.02307e-05
Muller_E	4213444	0.0244568	0.975533	1.05962e-05
Muller_E	4216650	0.0243963	0.975592	1.12281e-05
Muller_E	4217058	0.0243886	0.9756	1.13027e-05
Muller_E	4217453	0.0243812	0.975607	1.13736e-05
Muller_E	4217565	0.0243791	0.97561	1.13935e-05
Muller_E	4217669	0.00685584	0.993124	2.0024e-05
Muller_E	4217825	0.0243785	0.97561	1.14025e-05
Muller_E	4218923	0.0243881	0.975601	1.13308e-05
Muller_E	4225215	0.024443	0.975546	1.07364e-05
Muller_E	4232774	0.0245086	0.975482	9.60889e-06
Muller_E	4235298	0.0245304	0.975461	9.13197e-06
Muller_E	4245993	0.0246222	0.975371	6.55306e-06
Muller_E	4252835	0.0246804	0.975315	4.42967e-06
Muller_E	4253725	0.024688	0.975308	4.12631e-06
Muller_E	4256197	0.0247089	0.975288	3.2509e-06
Muller_E	4261234	0.0247515	0.975247	1.31791e-06
Muller_E	4262892	0.0460615	0.953938	6.14986e-08
Muller_E	4263238	0.0247638	0.975236	6.43872e-07
Muller_E	4263588	0.0434152	0.956585	1.35295e-07
Muller_E	4264621	0.0247438	0.975255	9.15555e-07
Muller_E	4266950	0.0247022	0.975296	1.48561e-06
Muller_E	4267529	0.0246919	0.975306	1.62068e-06
Muller_E	4276223	0.0245363	0.97546	3.33069e-06
Muller_E	4311688	0.043668	0.956331	5.4433e-07
Muller_E	4311965	0.0238844	0.976111	4.283e-06
Muller_E	4312254	0.023873	0.976123	4.44949e-06
Muller_E	4312510	0.0238629	0.976133	4.59642e-06
Muller_E	4334492	0.0229913	0.976993	1.52862e-05
Muller_E	4352032	0.0222931	0.977686	2.10814e-05
Muller_E	4353438	0.0222371	0.977741	2.14407e-05
Muller_E	4356857	0.0221007	0.977877	2.22495e-05
Muller_E	4360054	0.021973	0.978004	2.29222e-05
Muller_E	4374783	0.021384	0.978591	2.49778e-05
Muller_E	4374946	0.0378406	0.962154	4.90529e-06
Muller_E	4381350	0.0208996	0.979064	3.59369e-05
Muller_E	4558836	0.00752769	0.992261	0.000211317
Muller_E	4562012	0.00728617	0.992502	0.000212189
Muller_E	4564083	0.00712863	0.992659	0.000212714
Muller_E	4564194	0.00712019	0.992667	0.000212742
Muller_E	4568491	0.00679322	0.992993	0.00021372
Muller_E	4569115	0.00674573	0.99304	0.000213849
Muller_E	4569749	0.00669747	0.993089	0.000213978
Muller_E	4570340	0.00665248	0.993133	0.000214095
Muller_E	4571890	0.00653448	0.993251	0.000214389
Muller_E	4572624	0.00647859	0.993307	0.000214521
Muller_E	4573491	0.00641258	0.993373	0.000214672
Muller_E	4573809	0.00638836	0.993397	0.000214726
Muller_E	4577361	0.00611782	0.993667	0.000215273
Muller_E	4577462	0.00611013	0.993675	0.000215287
Muller_E	4578308	0.00604568	0.993739	0.000215402
Muller_E	4580664	0.0109107	0.989061	2.81015e-05
Muller_E	4580954	0.00582473	0.993957	0.000217851
Muller_E	4581769	0.00570831	0.994068	0.000223918
Muller_E	4581909	0.00568831	0.994087	0.000224959
Muller_E	4583019	0.00552974	0.994237	0.000233213
Muller_E	4583393	0.00547631	0.994288	0.000235992
Muller_E	4583516	0.00545873	0.994304	0.000236906
Muller_E	4584473	0.00532201	0.994434	0.000244012
Muller_E	4589180	0.00464943	0.995072	0.000278869
Muller_E	4590247	0.00449695	0.995216	0.000286749
Muller_E	4591539	0.0043123	0.995391	0.00029628
Muller_E	4593253	0.00406733	0.995624	0.000308906
Muller_E	4593508	0.00403088	0.995658	0.000310783
Muller_E	4593974	0.00396427	0.995722	0.000314211
Muller_E	4595111	0.00380175	0.995876	0.00032257
Muller_E	4595303	0.0037743	0.995902	0.000323981
Muller_E	4597548	0.00345337	0.996206	0.000340455
Muller_E	4597833	0.00341262	0.996245	0.000342544
Muller_E	4600306	0.00305905	0.99658	0.000360647
Muller_E	4607273	0.00206273	0.997526	0.000411415
Muller_E	4607398	0.00204485	0.997543	0.000412322
Muller_E	4610441	0.00160957	0.997956	0.000434387
Muller_E	4611041	0.00152374	0.998038	0.00043873
Muller_E	4611562	0.00144921	0.998108	0.000442499
Muller_E	4611697	0.00142989	0.998127	0.000443476
Muller_E	4612447	0.0013226	0.998229	0.000448897
Muller_E	4612733	0.00128168	0.998267	0.000450964
Muller_E	4612927	0.00125392	0.998294	0.000452365
Muller_E	4613148	0.0012223	0.998324	0.000453961
Muller_E	4614502	0.00102858	0.998508	0.000463733
Muller_E	4615888	0.000830262	0.998696	0.000473721
Muller_E	4616173	0.00078948	0.998735	0.000475774
Muller_E	4616508	0.000741544	0.99878	0.000478185
Muller_E	4616663	0.000111519	0.999004	0.000884493
Muller_E	4618190	0.000685683	0.99883	0.000484731
Muller_E	4619781	0.000650571	0.998859	0.000490368
Muller_E	4622166	0.000597898	0.998903	0.000498781
Muller_E	4626314	0.000506179	0.998981	0.000513305
Muller_E	4626864	0.000494008	0.998991	0.00051522
Muller_E	4627368	0.000482852	0.999	0.000516973
Muller_E	4627488	0.000480196	0.999002	0.00051739
Muller_E	4633961	0.000336733	0.999124	0.000539719
Muller_E	4635834	0.000295159	0.999159	0.000546117
Muller_E	4636452	0.000281435	0.99917	0.000548222
Muller_E	4637295	0.00026271	0.999186	0.000551088
Muller_E	4640891	0.00018277	0.999254	0.000563252
Muller_E	4645727	1.18272e-05	0.998921	0.00106715
Muller_E	4646376	1.81907e-05	0.998967	0.00101498
Muller_E	4646798	7.26468e-05	0.999348	0.000579812
Muller_E	4653320	6.89182e-05	0.999356	0.000574959
Muller_E	4656520	6.6963e-05	0.999361	0.000572453
Muller_E	4672665	5.58345e-05	0.999386	0.000558542
Muller_E	4674140	1.16234e-05	0.998993	0.000995525
Muller_E	4675745	5.60533e-05	0.999392	0.000552287
Muller_E	4676485	5.66644e-05	0.999393	0.00055003
Muller_E	4677110	5.7177e-05	0.999395	0.000548121
Muller_E	4677655	5.76215e-05	0.999396	0.000546453
Muller_E	4678986	1.51772e-05	0.999041	0.000944112
Muller_E	4680223	6.35552e-05	0.999402	0.000534882
Muller_E	4682403	7.20872e-05	0.999406	0.000521655
Muller_E	4682621	7.29383e-05	0.999407	0.00052033
Muller_E	4684270	7.93637e-05	0.99941	0.000510297
Muller_E	4685491	8.41073e-05	0.999413	0.000502853
Muller_E	4686019	8.61548e-05	0.999414	0.000499631
Muller_E	4687101	9.03437e-05	0.999417	0.00049302
Muller_E	4689628	0.00010009	0.999422	0.000477544
Muller_E	4690052	0.00010172	0.999423	0.000474942
Muller_E	4690344	0.000102842	0.999424	0.00047315
Muller_E	4690905	0.000104996	0.999425	0.000469704
Muller_E	4691125	0.000105839	0.999426	0.000468352
Muller_E	4691712	0.000108089	0.999427	0.000464742
Muller_E	4691999	0.000109188	0.999428	0.000462977
Muller_E	4692111	0.000109616	0.999428	0.000462287
Muller_E	4693234	0.000113909	0.999431	0.000455371
Muller_E	4693620	0.000115382	0.999432	0.000452991
Muller_E	4693753	0.000115889	0.999432	0.000452171
Muller_E	4694021	0.000116911	0.999433	0.000450518
Muller_E	4694592	0.000119085	0.999434	0.000446993
Muller_E	4696429	0.000126065	0.999438	0.000435637
Muller_E	4696792	0.000127441	0.999439	0.00043339
Muller_E	4699402	0.000137302	0.999445	0.000417201
Muller_E	4700957	0.000143151	0.999449	0.000407529
Muller_E	4702606	0.000149333	0.999453	0.000397252
Muller_E	4708142	0.000169925	0.999467	0.000362588
Muller_E	4712097	0.000184484	0.999478	0.000337673
Muller_E	4713898	0.000191073	0.999483	0.000326285
Muller_E	4714194	0.000192153	0.999483	0.000324411
Muller_E	4717094	0.0002027	0.999491	0.000306012
Muller_E	4717794	0.000205235	0.999493	0.000301561
Muller_E	4720564	0.00021523	0.999501	0.000283908
Muller_E	4722390	0.000221785	0.999506	0.000272238
Muller_E	4727534	0.000240106	0.999521	0.000239216
Muller_E	4730688	0.000251234	0.99953	0.000218863
Muller_E	4731377	0.000253654	0.999532	0.000214407
Muller_E	4732944	0.000259144	0.999537	0.000204256
Muller_E	4738342	0.000277904	0.999553	0.000169139
Muller_E	4739398	0.000281547	0.999556	0.000162241
Muller_E	4742492	0.000292167	0.999566	0.00014198
Muller_E	4745718	0.000303159	0.999576	0.000120773
Muller_E	4746457	0.000305665	0.999578	0.000115903
Muller_E	4748015	0.000310934	0.999583	0.000105621
Muller_E	4748352	0.000312071	0.999585	0.000103395
Muller_E	4748630	0.000313008	0.999585	0.000101557
Muller_E	4751071	0.000321212	0.999593	8.53972e-05
Muller_E	4751685	0.000323268	0.999595	8.13248e-05
Muller_E	4751817	0.00032371	0.999596	8.04489e-05
Muller_E	4752607	0.00032635	0.999598	7.52038e-05
Muller_E	4752773	0.000326904	0.999599	7.4101e-05
Muller_E	4753826	0.000330413	0.999602	6.71005e-05
Muller_E	4754671	0.000333223	0.999605	6.14763e-05
Muller_E	4756619	0.00106893	0.998925	6.31283e-06
Muller_E	4759191	0.000339632	0.999614	4.67936e-05
Muller_E	4761262	0.000339554	0.999615	4.53897e-05
Muller_E	4761866	0.000339525	0.999616	4.49737e-05
Muller_E	4761985	0.000339519	0.999616	4.48914e-05
Muller_E	4763545	0.000339429	0.999617	4.38018e-05
