chrom	position	2,0	1,1	0,2
Muller_E	62882	0.298463	0.555794	0.145743
Muller_E	267432	0.290971	0.57221	0.13682
Muller_E	441230	0.284588	0.586233	0.129179
Muller_E	511157	0.282013	0.591898	0.126088
Muller_E	557879	0.280291	0.595692	0.124017
Muller_E	581000	0.279438	0.597571	0.122991
Muller_E	709108	0.274702	0.608018	0.117281
Muller_E	768129	0.272514	0.61285	0.114637
Muller_E	785241	0.271878	0.614253	0.113869
Muller_E	787322	0.271801	0.614424	0.113775
Muller_E	787424	0.271797	0.614432	0.113771
Muller_E	788173	0.27177	0.614493	0.113737
Muller_E	788750	0.271748	0.614541	0.113711
Muller_E	788860	0.271744	0.61455	0.113706
Muller_E	791823	0.271634	0.614793	0.113573
Muller_E	802257	0.271247	0.615649	0.113104
Muller_E	893794	0.267841	0.62318	0.108979
Muller_E	894300	0.267822	0.623222	0.108956
Muller_E	896281	0.267748	0.623385	0.108866
Muller_E	897287	0.267711	0.623468	0.108821
Muller_E	897987	0.267685	0.623526	0.108789
Muller_E	901015	0.267572	0.623776	0.108653
Muller_E	901718	0.267545	0.623834	0.108621
Muller_E	923408	0.266737	0.625624	0.10764
Muller_E	923675	0.266727	0.625646	0.107627
Muller_E	924320	0.266703	0.625699	0.107598
Muller_E	927795	0.266573	0.625986	0.107441
Muller_E	948021	0.265818	0.627657	0.106525
Muller_E	948230	0.26581	0.627675	0.106515
Muller_E	958531	0.265425	0.628527	0.106048
Muller_E	967701	0.265083	0.629285	0.105632
Muller_E	969142	0.265029	0.629404	0.105567
Muller_E	1033237	0.262631	0.634718	0.102652
Muller_E	1120573	0.259352	0.641987	0.0986612
Muller_E	1123171	0.259255	0.642203	0.0985421
Muller_E	1146845	0.258364	0.64418	0.0974564
Muller_E	1148492	0.258302	0.644318	0.0973808
Muller_E	1168315	0.257555	0.645975	0.0964703
Muller_E	1213395	0.255854	0.64975	0.0943952
Muller_E	1262309	0.254005	0.653858	0.0921366
Muller_E	1275111	0.25352	0.654936	0.0915442
Muller_E	1275707	0.253498	0.654986	0.0915166
Muller_E	1314313	0.252034	0.658239	0.089727
Muller_E	1318297	0.251883	0.658575	0.0895421
Muller_E	1358440	0.250357	0.661967	0.0876756
Muller_E	1358616	0.250351	0.661982	0.0876674
Muller_E	1378824	0.249582	0.663693	0.0867258
Muller_E	1480336	0.245706	0.672319	0.0819752
Muller_E	1489232	0.245365	0.673078	0.0815572
Muller_E	1645912	0.239337	0.686514	0.0741495
Muller_E	1673398	0.238273	0.688886	0.0728408
Muller_E	1718642	0.236519	0.692801	0.0706804
Muller_E	1746815	0.235424	0.695245	0.0693312
Muller_E	1763447	0.234776	0.69669	0.0685333
Muller_E	1765039	0.234714	0.696829	0.0684569
Muller_E	1765159	0.23471	0.696839	0.0684511
Muller_E	1765369	0.234702	0.696857	0.0684411
Muller_E	1771226	0.234473	0.697367	0.0681598
Muller_E	1799036	0.233389	0.699789	0.0668224
Muller_E	1802542	0.233252	0.700094	0.0666536
Muller_E	1802678	0.233247	0.700106	0.066647
Muller_E	1803039	0.233233	0.700138	0.0666296
Muller_E	1803347	0.233221	0.700165	0.0666148
Muller_E	1805518	0.233136	0.700354	0.0665102
Muller_E	1812938	0.232846	0.701001	0.0661527
Muller_E	1813040	0.232842	0.70101	0.0661478
Muller_E	1815234	0.232756	0.701202	0.066042
Muller_E	1815907	0.23273	0.70126	0.0660096
Muller_E	1816383	0.232711	0.701302	0.0659866
Muller_E	1831501	0.23212	0.702622	0.0652573
Muller_E	1850978	0.231358	0.704326	0.0643163
Muller_E	1851905	0.231322	0.704407	0.0642715
Muller_E	1852166	0.231311	0.70443	0.0642589
Muller_E	1857635	0.231097	0.704908	0.0639944
Muller_E	1861157	0.230959	0.705217	0.063824
Muller_E	1861336	0.230952	0.705233	0.0638153
Muller_E	1861880	0.230931	0.70528	0.063789
Muller_E	1866595	0.230746	0.705693	0.0635608
Muller_E	1870209	0.230604	0.70601	0.0633858
Muller_E	1871973	0.230535	0.706165	0.0633004
Muller_E	1880064	0.230218	0.706874	0.0629083
Muller_E	1889333	0.229854	0.707687	0.0624589
Muller_E	1891195	0.229781	0.707851	0.0623686
Muller_E	1894320	0.229658	0.708125	0.062217
Muller_E	1900363	0.22942	0.708656	0.0619237
Muller_E	1904375	0.229263	0.709008	0.0617289
Muller_E	1915469	0.228827	0.709984	0.0611899
Muller_E	1927060	0.22837	0.711003	0.0606262
Muller_E	1932459	0.228158	0.711479	0.0603634
Muller_E	1944351	0.227689	0.712527	0.0597842
Muller_E	1946702	0.227596	0.712734	0.0596696
Muller_E	1961660	0.227006	0.714053	0.0589402
Muller_E	1975567	0.226457	0.715282	0.0582611
Muller_E	2011856	0.225022	0.718493	0.0564853
Muller_E	2013122	0.224972	0.718605	0.0564233
Muller_E	2044597	0.223723	0.721398	0.0548784
Muller_E	2048236	0.223579	0.721722	0.0546996
Muller_E	2048434	0.223571	0.721739	0.0546898
Muller_E	2086567	0.222054	0.725134	0.0528119
Muller_E	2103366	0.221385	0.726632	0.0519826
Muller_E	2117584	0.220818	0.727902	0.0512797
Muller_E	2126123	0.220477	0.728666	0.0508572
Muller_E	2135792	0.22009	0.729531	0.0503784
Muller_E	2140907	0.219886	0.729989	0.0501249
Muller_E	2141169	0.219875	0.730013	0.0501119
Muller_E	2142715	0.219814	0.730151	0.0500353
Muller_E	2145389	0.219707	0.730391	0.0499027
Muller_E	2146953	0.219644	0.730531	0.0498251
Muller_E	2147057	0.21964	0.73054	0.04982
Muller_E	2201852	0.217443	0.735461	0.0470958
Muller_E	2204792	0.217325	0.735726	0.0469492
Muller_E	2219543	0.216732	0.737055	0.0462134
Muller_E	2220290	0.216702	0.737122	0.0461761
Muller_E	2241628	0.215842	0.739048	0.0451098
Muller_E	2243471	0.215768	0.739214	0.0450176
Muller_E	2531559	0.204018	0.765572	0.0304098
Muller_E	2693610	0.197279	0.780708	0.0220127
Muller_E	2696554	0.197156	0.780985	0.0218589
Muller_E	2706179	0.196753	0.781892	0.0213557
Muller_E	2713009	0.196466	0.782536	0.0209983
Muller_E	2716202	0.196332	0.782837	0.0208312
Muller_E	2721440	0.196112	0.783331	0.0205569
Muller_E	2735475	0.195522	0.784656	0.0198211
Muller_E	2763120	0.194359	0.787273	0.0183689
Muller_E	2777976	0.193732	0.788681	0.0175868
Muller_E	2779619	0.193662	0.788837	0.0175002
Muller_E	2787347	0.193336	0.789571	0.0170928
Muller_E	2788916	0.19327	0.78972	0.0170101
Muller_E	2795398	0.192996	0.790336	0.0166681
Muller_E	2798296	0.192873	0.790612	0.0165151
Muller_E	2799305	0.19283	0.790708	0.0164618
Muller_E	2800245	0.192791	0.790797	0.0164122
Muller_E	2800507	0.19278	0.790822	0.0163983
Muller_E	2800780	0.192768	0.790848	0.0163839
Muller_E	2800932	0.192762	0.790863	0.0163759
Muller_E	2801158	0.192752	0.790884	0.016364
Muller_E	2805736	0.192558	0.79132	0.0161221
Muller_E	2807233	0.192495	0.791462	0.016043
Muller_E	2807795	0.192471	0.791516	0.0160133
Muller_E	2808363	0.192447	0.79157	0.0159833
Muller_E	2809031	0.192419	0.791633	0.015948
Muller_E	2809272	0.192409	0.791656	0.0159353
Muller_E	2809909	0.192382	0.791717	0.0159016
Muller_E	2811470	0.192316	0.791865	0.0158191
Muller_E	2811776	0.192303	0.791895	0.0158029
Muller_E	2812117	0.192288	0.791927	0.0157849
Muller_E	2815676	0.192137	0.792266	0.0155967
Muller_E	2816259	0.192113	0.792321	0.0155658
Muller_E	2817070	0.192078	0.792399	0.0155229
Muller_E	2817616	0.192055	0.792451	0.015494
Muller_E	2819402	0.19198	0.792621	0.0153996
Muller_E	2820166	0.191947	0.792694	0.0153591
Muller_E	2820386	0.191938	0.792715	0.0153475
Muller_E	2820775	0.191921	0.792752	0.0153269
Muller_E	2821135	0.191906	0.792786	0.0153079
Muller_E	2821440	0.191893	0.792815	0.0152917
Muller_E	2826939	0.19166	0.793339	0.0150006
Muller_E	2831172	0.19148	0.793743	0.0147764
Muller_E	2831515	0.191466	0.793776	0.0147582
Muller_E	2832336	0.191431	0.793854	0.0147147
Muller_E	2833070	0.1914	0.793924	0.0146759
Muller_E	2850717	0.19065	0.79561	0.01374
Muller_E	2853215	0.190544	0.795849	0.0136074
Muller_E	2856496	0.190405	0.796162	0.0134331
Muller_E	2856945	0.190386	0.796205	0.0134093
Muller_E	2857481	0.190363	0.796256	0.0133808
Muller_E	2858163	0.190334	0.796322	0.0133446
Muller_E	2859754	0.190266	0.796474	0.01326
Muller_E	2859987	0.190256	0.796496	0.0132477
Muller_E	2862604	0.190145	0.796747	0.0131086
Muller_E	2866488	0.189979	0.797118	0.0129021
Muller_E	2867267	0.189946	0.797193	0.0128607
Muller_E	2868557	0.189891	0.797317	0.0127921
Muller_E	2870085	0.189826	0.797463	0.0127108
Muller_E	2870623	0.189803	0.797514	0.0126822
Muller_E	2876155	0.189568	0.798044	0.0123879
Muller_E	2877151	0.189525	0.79814	0.0123349
Muller_E	2886067	0.189145	0.798995	0.0118601
Muller_E	2886534	0.189125	0.79904	0.0118352
Muller_E	2887599	0.18908	0.799142	0.0117784
Muller_E	2887882	0.189068	0.799169	0.0117633
Muller_E	2888492	0.189042	0.799228	0.0117308
Muller_E	2888607	0.189037	0.799239	0.0117247
Muller_E	2890000	0.188977	0.799372	0.0116505
Muller_E	2890387	0.188961	0.799409	0.0116298
Muller_E	2890907	0.188939	0.799459	0.0116021
Muller_E	2894764	0.188774	0.79983	0.0113965
Muller_E	2899098	0.188589	0.800246	0.0111653
Muller_E	2901481	0.188487	0.800475	0.0110382
Muller_E	2901643	0.18848	0.80049	0.0110295
Muller_E	2902627	0.188438	0.800585	0.010977
Muller_E	2903432	0.188404	0.800662	0.010934
Muller_E	2904998	0.188337	0.800813	0.0108505
Muller_E	2905994	0.188294	0.800908	0.0107973
Muller_E	2907134	0.188246	0.801018	0.0107364
Muller_E	2908511	0.188187	0.80115	0.0106629
Muller_E	2909452	0.188147	0.801241	0.0106126
Muller_E	2910160	0.188116	0.801309	0.0105748
Muller_E	2911022	0.188079	0.801392	0.0105288
Muller_E	2911252	0.18807	0.801414	0.0105165
Muller_E	2911992	0.188038	0.801485	0.010477
Muller_E	2914672	0.187923	0.801743	0.0103338
Muller_E	2915489	0.187888	0.801822	0.0102901
Muller_E	2918585	0.187756	0.802119	0.0101246
Muller_E	2919015	0.187737	0.802161	0.0101016
Muller_E	2919728	0.187707	0.80223	0.0100635
Muller_E	2919971	0.187697	0.802253	0.0100505
Muller_E	2921506	0.187631	0.802401	0.00996844
Muller_E	2922564	0.0397813	0.939122	0.0210965
Muller_E	2922707	0.187593	0.802509	0.00989784
Muller_E	2924226	0.187673	0.802578	0.00974894
Muller_E	2925108	0.187719	0.802619	0.00966248
Muller_E	2925552	0.187742	0.802639	0.00961896
Muller_E	2928855	0.187915	0.802789	0.00929519
Muller_E	2930674	0.188011	0.802872	0.00911689
Muller_E	2931258	0.188041	0.802899	0.00905965
Muller_E	2931592	0.188059	0.802914	0.00902691
Muller_E	2931798	0.18807	0.802924	0.00900672
Muller_E	2932326	0.188097	0.802948	0.00895497
Muller_E	2945623	0.188795	0.803554	0.00765175
Muller_E	2945753	0.188802	0.803559	0.00763901
Muller_E	2945878	0.188808	0.803565	0.00762676
Muller_E	2946001	0.188815	0.803571	0.00761471
Muller_E	2955783	0.189328	0.804016	0.00665613
Muller_E	2957997	0.189444	0.804117	0.00643919
Muller_E	2959282	0.189512	0.804175	0.00631328
Muller_E	2959697	0.189533	0.804194	0.00627261
Muller_E	2959819	0.18954	0.8042	0.00626066
Muller_E	2960759	0.189589	0.804242	0.00616855
Muller_E	2961667	0.189637	0.804284	0.00607959
Muller_E	2961801	0.189644	0.80429	0.00606646
Muller_E	2963254	0.18972	0.804356	0.00592409
Muller_E	2963568	0.189737	0.80437	0.00589333
Muller_E	2975263	0.190351	0.804902	0.00474754
Muller_E	2976725	0.190428	0.804968	0.00460431
Muller_E	2977784	0.190483	0.805016	0.00450057
Muller_E	2982473	0.19073	0.805229	0.00404123
Muller_E	2984283	0.190825	0.805311	0.00386393
Muller_E	2985483	0.190888	0.805366	0.00374638
Muller_E	2985658	0.190897	0.805374	0.00372924
Muller_E	2985908	0.19091	0.805385	0.00370475
Muller_E	2987685	0.310085	0.689601	0.000313724
Muller_E	2992894	0.191077	0.805439	0.00348348
Muller_E	2993313	0.191083	0.805437	0.00347968
Muller_E	2993798	0.19109	0.805435	0.00347527
Muller_E	2994137	0.191095	0.805433	0.00347219
Muller_E	2994487	0.1911	0.805431	0.00346901
Muller_E	2994615	0.191101	0.805431	0.00346785
Muller_E	2995123	0.191108	0.805428	0.00346323
Muller_E	2995701	0.191117	0.805425	0.00345798
Muller_E	2996048	0.191121	0.805424	0.00345482
Muller_E	2996738	0.191131	0.80542	0.00344854
Muller_E	2996880	0.191133	0.80542	0.00344725
Muller_E	2997113	0.191136	0.805418	0.00344513
Muller_E	2999116	0.191165	0.805409	0.00342688
Muller_E	2999459	0.191169	0.805407	0.00342375
Muller_E	3001420	0.191197	0.805397	0.00340586
Muller_E	3001578	0.191199	0.805396	0.00340442
Muller_E	3001696	0.191201	0.805396	0.00340334
Muller_E	3002579	0.191213	0.805392	0.00339528
Muller_E	3003095	0.19122	0.805389	0.00339056
Muller_E	3003540	0.191227	0.805387	0.00338649
Muller_E	3004120	0.191235	0.805384	0.00338119
Muller_E	3005221	0.19125	0.805379	0.00337112
Muller_E	3007967	0.191289	0.805365	0.00334596
Muller_E	3012773	0.191356	0.805342	0.00330182
Muller_E	3013331	0.191364	0.80534	0.00329669
Muller_E	3013618	0.191368	0.805338	0.00329405
Muller_E	3014080	0.191374	0.805336	0.00328979
Muller_E	3014783	0.191384	0.805333	0.00328332
Muller_E	3016296	0.191405	0.805326	0.00326938
Muller_E	3017214	0.191418	0.805321	0.00326091
Muller_E	3018320	0.191433	0.805316	0.0032507
Muller_E	3018982	0.191443	0.805313	0.00324459
Muller_E	3019303	0.191447	0.805311	0.00324162
Muller_E	3019831	0.191454	0.805309	0.00323675
Muller_E	3021834	0.191482	0.805299	0.00321822
Muller_E	3021944	0.191484	0.805299	0.00321721
Muller_E	3023127	0.1915	0.805293	0.00320625
Muller_E	3024474	0.191519	0.805287	0.00319377
Muller_E	3024813	0.191524	0.805286	0.00319063
Muller_E	3029421	0.191588	0.805264	0.00314784
Muller_E	3029834	0.191594	0.805262	0.003144
Muller_E	3030101	0.191597	0.805261	0.00314152
Muller_E	3033200	0.19164	0.805247	0.00311266
Muller_E	3033901	0.19165	0.805244	0.00310612
Muller_E	3034073	0.191653	0.805243	0.00310452
Muller_E	3036032	0.19168	0.805234	0.00308623
Muller_E	3038305	0.191711	0.805224	0.00306499
Muller_E	3041816	0.19176	0.805208	0.00303211
Muller_E	3044683	0.1918	0.805195	0.00300521
Muller_E	3046757	0.191828	0.805186	0.00298572
Muller_E	3046887	0.19183	0.805185	0.0029845
Muller_E	3047900	0.191844	0.805181	0.00297497
Muller_E	3048135	0.191847	0.80518	0.00297276
Muller_E	3050664	0.191882	0.805169	0.00294893
Muller_E	3051698	0.302436	0.697107	0.000457199
Muller_E	3051968	0.191892	0.805168	0.00294007
Muller_E	3052635	0.191881	0.805177	0.00294226
Muller_E	3053197	0.191872	0.805184	0.0029441
Muller_E	3056428	0.191818	0.805228	0.00295466
Muller_E	3056712	0.191813	0.805231	0.00295559
Muller_E	3058398	0.191785	0.805254	0.00296107
Muller_E	3059687	0.191763	0.805271	0.00296525
Muller_E	3061511	0.191733	0.805296	0.00297114
Muller_E	3062406	0.191718	0.805308	0.00297403
Muller_E	3062537	0.191716	0.80531	0.00297445
Muller_E	3100018	0.191088	0.805822	0.00309076
Muller_E	3100718	0.191076	0.805831	0.00309285
Muller_E	3112367	0.190879	0.805994	0.00312716
Muller_E	3112987	0.190869	0.806002	0.00312896
Muller_E	3113420	0.190861	0.806009	0.00313022
Muller_E	3116107	0.190816	0.806046	0.003138
Muller_E	3119432	0.190759	0.806093	0.00314756
Muller_E	3119714	0.190755	0.806097	0.00314837
Muller_E	3120862	0.190735	0.806113	0.00315165
Muller_E	3122265	0.190711	0.806133	0.00315565
Muller_E	3123364	0.190693	0.806148	0.00315878
Muller_E	3124138	0.19068	0.806159	0.00316097
Muller_E	3127464	0.190623	0.806206	0.00317037
Muller_E	3128767	0.190601	0.806225	0.00317403
Muller_E	3128895	0.190599	0.806227	0.00317439
Muller_E	3129611	0.190587	0.806237	0.0031764
Muller_E	3129743	0.190584	0.806239	0.00317677
Muller_E	3130171	0.190577	0.806245	0.00317797
Muller_E	3131529	0.190554	0.806264	0.00318176
Muller_E	3137674	0.19045	0.806352	0.00319879
Muller_E	3139976	0.19041	0.806385	0.0032051
Muller_E	3143168	0.190356	0.80643	0.00321381
Muller_E	3169152	0.189911	0.806807	0.00328229
Muller_E	3170575	0.189887	0.806828	0.00328592
Muller_E	3173857	0.18983	0.806876	0.00329424
Muller_E	3192801	0.189503	0.807156	0.00334096
Muller_E	3194086	0.189481	0.807175	0.00334404
Muller_E	3194230	0.189479	0.807177	0.00334439
Muller_E	3207603	0.189247	0.807377	0.00337589
Muller_E	3207708	0.189245	0.807379	0.00337614
Muller_E	3208070	0.189239	0.807384	0.00337697
Muller_E	3208369	0.189234	0.807389	0.00337766
Muller_E	3208507	0.189231	0.807391	0.00337798
Muller_E	3208706	0.189228	0.807394	0.00337844
Muller_E	3210124	0.189203	0.807415	0.00338171
Muller_E	3211254	0.189183	0.807432	0.0033843
Muller_E	3212088	0.189169	0.807445	0.00338621
Muller_E	3216063	0.1891	0.807505	0.00339525
Muller_E	3216461	0.189093	0.807511	0.00339615
Muller_E	3217109	0.189082	0.807521	0.00339761
Muller_E	3217441	0.189076	0.807526	0.00339836
Muller_E	3217706	0.189071	0.80753	0.00339895
Muller_E	3217825	0.189069	0.807532	0.00339922
Muller_E	3218354	0.18906	0.80754	0.00340041
Muller_E	3219292	0.189044	0.807554	0.00340251
Muller_E	3219763	0.189035	0.807561	0.00340357
Muller_E	3221459	0.189006	0.807587	0.00340736
Muller_E	3222112	0.188994	0.807597	0.00340881
Muller_E	3223012	0.188979	0.80761	0.00341081
Muller_E	3223549	0.188969	0.807619	0.003412
Muller_E	3224815	0.188947	0.807638	0.0034148
Muller_E	3226800	0.188913	0.807668	0.00341916
Muller_E	3229718	0.188862	0.807713	0.00342554
Muller_E	3240322	0.188676	0.807876	0.00344826
Muller_E	3240918	0.188666	0.807885	0.00344951
Muller_E	3241273	0.188659	0.80789	0.00345026
Muller_E	3247835	0.188544	0.807992	0.00346393
Muller_E	3251442	0.188481	0.808048	0.00347132
Muller_E	3252203	0.188468	0.808059	0.00347287
Muller_E	3254014	0.188436	0.808088	0.00347655
Muller_E	3254518	0.188427	0.808095	0.00347757
Muller_E	3255141	0.188416	0.808105	0.00347882
Muller_E	3255365	0.188412	0.808109	0.00347928
Muller_E	3259142	0.188346	0.808168	0.00348684
Muller_E	3259935	0.188332	0.80818	0.00348842
Muller_E	3262497	0.188286	0.80822	0.00349349
Muller_E	3263708	0.188265	0.808239	0.00349587
Muller_E	3264644	0.188249	0.808254	0.0034977
Muller_E	3266132	0.188222	0.808277	0.00350061
Muller_E	3266579	0.188214	0.808284	0.00350148
Muller_E	3266806	0.18821	0.808288	0.00350192
Muller_E	3269029	0.188171	0.808323	0.00350622
Muller_E	3271700	0.188124	0.808365	0.00351135
Muller_E	3271881	0.188121	0.808367	0.0035117
Muller_E	3273894	0.188085	0.808399	0.00351554
Muller_E	3275081	0.188064	0.808418	0.00351779
Muller_E	3275989	0.188048	0.808432	0.0035195
Muller_E	3278049	0.188012	0.808465	0.00352337
Muller_E	3280894	0.187961	0.80851	0.00352867
Muller_E	3282107	0.18794	0.808529	0.00353092
Muller_E	3282973	0.187925	0.808543	0.00353252
Muller_E	3284532	0.187897	0.808568	0.00353538
Muller_E	3291321	0.187776	0.808676	0.00354768
Muller_E	3291878	0.187767	0.808685	0.00354867
Muller_E	3293351	0.18774	0.808708	0.0035513
Muller_E	3293759	0.187733	0.808715	0.00355202
Muller_E	3304917	0.187534	0.808894	0.00357143
Muller_E	3306663	0.187503	0.808922	0.00357439
Muller_E	3306880	0.187499	0.808926	0.00357476
Muller_E	3310127	0.187442	0.808978	0.00358022
Muller_E	3312301	0.187403	0.809013	0.00358384
Muller_E	3312718	0.187395	0.80902	0.00358453
Muller_E	3318766	0.187287	0.809118	0.00359443
Muller_E	3323588	0.187201	0.809197	0.00360216
Muller_E	3324201	0.18719	0.809207	0.00360313
Muller_E	3324656	0.187182	0.809215	0.00360385
Muller_E	3325091	0.187174	0.809222	0.00360453
Muller_E	3326084	0.187156	0.809238	0.0036061
Muller_E	3326190	0.187154	0.80924	0.00360626
Muller_E	3330218	0.187082	0.809306	0.00361254
Muller_E	3334866	0.186998	0.809382	0.00361966
Muller_E	3337545	0.18695	0.809426	0.0036237
Muller_E	3340268	0.186901	0.809471	0.00362776
Muller_E	3340480	0.186897	0.809475	0.00362807
Muller_E	3410593	0.185624	0.81066	0.00371647
Muller_E	3431230	0.185244	0.811019	0.0037366
Muller_E	3437416	0.18513	0.811128	0.00374211
Muller_E	3456916	0.184769	0.811473	0.0037579
Muller_E	3457694	0.184755	0.811487	0.00375848
Muller_E	3459001	0.18473	0.81151	0.00375945
Muller_E	3462300	0.184669	0.811569	0.00376184
Muller_E	3464519	0.184628	0.811609	0.00376341
Muller_E	3464673	0.184625	0.811611	0.00376352
Muller_E	3477602	0.184384	0.811844	0.00377204
Muller_E	3525631	0.183482	0.812723	0.00379444
Muller_E	3546828	0.183081	0.81312	0.0037997
Muller_E	3557059	0.182886	0.813313	0.00380121
Muller_E	3566467	0.182707	0.813491	0.00380203
Muller_E	3572057	0.1826	0.813598	0.00380225
Muller_E	3572168	0.182598	0.8136	0.00380225
Muller_E	3579272	0.182462	0.813736	0.00380223
Muller_E	3579502	0.182458	0.81374	0.00380223
Muller_E	3582419	0.182402	0.813796	0.00380213
Muller_E	3590131	0.182254	0.813945	0.0038016
Muller_E	3605233	0.181963	0.814238	0.00379947
Muller_E	3610748	0.181857	0.814345	0.00379833
Muller_E	3611776	0.181837	0.814365	0.0037981
Muller_E	3615071	0.181773	0.81443	0.0037973
Muller_E	3617701	0.181722	0.814481	0.00379662
Muller_E	3617818	0.18172	0.814483	0.00379659
Muller_E	3617948	0.181717	0.814486	0.00379655
Muller_E	3623404	0.181612	0.814593	0.00379499
Muller_E	3630035	0.181483	0.814724	0.00379283
Muller_E	3631532	0.181454	0.814753	0.00379231
Muller_E	3634067	0.181405	0.814804	0.00379139
Muller_E	3642157	0.181248	0.814964	0.00378817
Muller_E	3643438	0.181223	0.81499	0.00378763
Muller_E	3645674	0.181179	0.815034	0.00378665
Muller_E	3652519	0.181046	0.815171	0.00378345
Muller_E	3655257	0.180992	0.815226	0.00378209
Muller_E	3657953	0.18094	0.81528	0.0037807
Muller_E	3660200	0.180896	0.815325	0.00377951
Muller_E	3665461	0.180793	0.815431	0.00377659
Muller_E	3670065	0.180703	0.815523	0.0037739
Muller_E	3757777	0.178965	0.817339	0.00369679
Muller_E	3766114	0.178797	0.817516	0.00368691
Muller_E	3770199	0.178715	0.817603	0.00368191
Muller_E	3771242	0.178694	0.817625	0.00368061
Muller_E	3775369	0.178611	0.817713	0.00367542
Muller_E	3781958	0.178479	0.817854	0.00366691
Muller_E	3788305	0.178351	0.817991	0.00365845
Muller_E	3788531	0.178346	0.817996	0.00365815
Muller_E	3788717	0.178342	0.818	0.00365789
Muller_E	3791492	0.178286	0.81806	0.00365411
Muller_E	3791929	0.178278	0.818069	0.00365351
Muller_E	3794089	0.178234	0.818116	0.00365052
Muller_E	3798034	0.178154	0.818201	0.00364499
Muller_E	3805877	0.177995	0.818371	0.00363369
Muller_E	3808116	0.17795	0.81842	0.00363039
Muller_E	3837593	0.17735	0.819066	0.003584
Muller_E	3889492	0.176283	0.820228	0.00348881
Muller_E	3892070	0.17623	0.820287	0.00348363
Muller_E	3892768	0.176215	0.820303	0.00348222
Muller_E	3893846	0.176193	0.820327	0.00348003
Muller_E	3895236	0.176164	0.820359	0.00347721
Muller_E	3896701	0.176134	0.820392	0.00347422
Muller_E	3964144	0.174724	0.821954	0.00332158
Muller_E	3964249	0.174722	0.821956	0.00332132
Muller_E	3964701	0.174713	0.821967	0.0033202
Muller_E	3965335	0.174699	0.821982	0.00331862
Muller_E	3965537	0.174695	0.821987	0.00331812
Muller_E	3971184	0.174576	0.82212	0.00330396
Muller_E	4005791	0.173843	0.822945	0.00321271
Muller_E	4007537	0.173806	0.822987	0.0032079
Muller_E	4008073	0.173794	0.822999	0.00320642
Muller_E	4008732	0.17378	0.823015	0.0032046
Muller_E	4009275	0.173769	0.823028	0.0032031
Muller_E	4009794	0.173758	0.823041	0.00320166
Muller_E	4010462	0.173743	0.823057	0.0031998
Muller_E	4011246	0.173727	0.823076	0.00319762
Muller_E	4011350	0.173724	0.823078	0.00319733
Muller_E	4011743	0.173716	0.823088	0.00319624
Muller_E	4012926	0.173691	0.823116	0.00319294
Muller_E	4015010	0.173646	0.823166	0.0031871
Muller_E	4015956	0.173626	0.823189	0.00318444
Muller_E	4016731	0.17361	0.823208	0.00318226
Muller_E	4017133	0.173601	0.823218	0.00318112
Muller_E	4017640	0.17359	0.82323	0.00317969
Muller_E	4021078	0.173517	0.823313	0.00316994
Muller_E	4021876	0.1735	0.823332	0.00316767
Muller_E	4022513	0.173486	0.823348	0.00316585
Muller_E	4022928	0.173477	0.823358	0.00316467
Muller_E	4024532	0.173443	0.823397	0.00316007
Muller_E	4024639	0.173441	0.823399	0.00315977
Muller_E	4025270	0.173427	0.823415	0.00315795
Muller_E	4027169	0.173387	0.823461	0.00315248
Muller_E	4027437	0.173381	0.823467	0.00315171
Muller_E	4027764	0.173374	0.823475	0.00315077
Muller_E	4029270	0.173342	0.823512	0.00314641
Muller_E	4032202	0.173279	0.823583	0.00313788
Muller_E	4032327	0.173276	0.823586	0.00313751
Muller_E	4033521	0.173251	0.823615	0.00313402
Muller_E	4033797	0.173245	0.823622	0.00313321
Muller_E	4036360	0.17319	0.823684	0.00312568
Muller_E	4037138	0.173173	0.823703	0.00312339
Muller_E	4037610	0.173163	0.823715	0.003122
Muller_E	4040496	0.173101	0.823785	0.00311345
Muller_E	4040949	0.173092	0.823796	0.0031121
Muller_E	4045900	0.172985	0.823917	0.00309729
Muller_E	4046078	0.172982	0.823922	0.00309676
Muller_E	4046843	0.172965	0.82394	0.00309445
Muller_E	4047581	0.172949	0.823959	0.00309223
Muller_E	4048275	0.172934	0.823976	0.00309013
Muller_E	4048700	0.172925	0.823986	0.00308885
Muller_E	4053592	0.17282	0.824106	0.00307397
Muller_E	4056223	0.172763	0.824171	0.0030659
Muller_E	4056545	0.172756	0.824179	0.00306491
Muller_E	4056951	0.172748	0.824189	0.00306366
Muller_E	4057601	0.172734	0.824205	0.00306166
Muller_E	4057720	0.172731	0.824208	0.0030613
Muller_E	4058043	0.172724	0.824216	0.0030603
Muller_E	4058149	0.172722	0.824218	0.00305997
Muller_E	4058704	0.17271	0.824232	0.00305826
Muller_E	4059417	0.172695	0.824249	0.00305605
Muller_E	4059965	0.172683	0.824263	0.00305436
Muller_E	4061381	0.172652	0.824298	0.00304996
Muller_E	4061745	0.172644	0.824307	0.00304883
Muller_E	4062020	0.172638	0.824314	0.00304798
Muller_E	4062507	0.172628	0.824326	0.00304646
Muller_E	4062941	0.172619	0.824336	0.00304511
Muller_E	4064035	0.172595	0.824363	0.00304169
Muller_E	4064680	0.172581	0.824379	0.00303968
Muller_E	4064829	0.172578	0.824383	0.00303921
Muller_E	4065474	0.172564	0.824399	0.00303719
Muller_E	4065574	0.172562	0.824401	0.00303688
Muller_E	4066028	0.172552	0.824413	0.00303545
Muller_E	4067541	0.172519	0.82445	0.0030307
Muller_E	4067967	0.17251	0.82446	0.00302936
Muller_E	4068535	0.172498	0.824475	0.00302757
Muller_E	4069245	0.172483	0.824492	0.00302533
Muller_E	4070105	0.172464	0.824513	0.00302261
Muller_E	4071088	0.172443	0.824538	0.0030195
Muller_E	4071641	0.172431	0.824551	0.00301774
Muller_E	4072126	0.17242	0.824563	0.0030162
Muller_E	4072768	0.172406	0.824579	0.00301416
Muller_E	4072973	0.172402	0.824584	0.00301351
Muller_E	4073359	0.172394	0.824594	0.00301228
Muller_E	4075135	0.172355	0.824638	0.00300662
Muller_E	4075254	0.172353	0.824641	0.00300624
Muller_E	4076053	0.172335	0.824661	0.00300368
Muller_E	4077160	0.172311	0.824688	0.00300013
Muller_E	4078165	0.17229	0.824713	0.0029969
Muller_E	4078690	0.172278	0.824726	0.00299521
Muller_E	4078900	0.172274	0.824732	0.00299454
Muller_E	4079010	0.172271	0.824734	0.00299418
Muller_E	4079297	0.172265	0.824742	0.00299326
Muller_E	4081728	0.172213	0.824802	0.0029854
Muller_E	4082079	0.172205	0.824811	0.00298427
Muller_E	4083988	0.172164	0.824858	0.00297807
Muller_E	4085715	0.172126	0.824901	0.00297244
Muller_E	4089306	0.172048	0.824991	0.00296067
Muller_E	4089803	0.172037	0.825003	0.00295904
Muller_E	4092778	0.171973	0.825078	0.00294922
Muller_E	4092894	0.17197	0.825081	0.00294884
Muller_E	4098915	0.17184	0.825232	0.00292878
Muller_E	4109650	0.171606	0.825502	0.00289245
Muller_E	4113217	0.171528	0.825592	0.00288021
Muller_E	4113538	0.171521	0.8256	0.0028791
Muller_E	4114422	0.171502	0.825622	0.00287606
Muller_E	4114803	0.171493	0.825632	0.00287474
Muller_E	4115118	0.171486	0.82564	0.00287365
Muller_E	4116856	0.171449	0.825684	0.00286764
Muller_E	4117074	0.171444	0.825689	0.00286688
Muller_E	4117473	0.171435	0.825699	0.0028655
Muller_E	4118970	0.171402	0.825737	0.0028603
Muller_E	4121851	0.171339	0.82581	0.00285024
Muller_E	4122071	0.171335	0.825816	0.00284947
Muller_E	4122393	0.171327	0.825824	0.00284835
Muller_E	4122818	0.171318	0.825835	0.00284686
Muller_E	4124318	0.171285	0.825873	0.00284159
Muller_E	4124418	0.171283	0.825876	0.00284124
Muller_E	4126492	0.171238	0.825928	0.00283394
Muller_E	4127527	0.171215	0.825955	0.00283028
Muller_E	4127720	0.171211	0.825959	0.0028296
Muller_E	4128101	0.171203	0.825969	0.00282825
Muller_E	4128234	0.1712	0.825973	0.00282778
Muller_E	4130334	0.171154	0.826026	0.00282033
Muller_E	4132221	0.171112	0.826074	0.00281361
Muller_E	4134741	0.171057	0.826138	0.00280461
Muller_E	4134982	0.171052	0.826144	0.00280374
Muller_E	4136547	0.171017	0.826184	0.00279813
Muller_E	4140224	0.170937	0.826278	0.00278487
Muller_E	4140902	0.170922	0.826296	0.00278241
Muller_E	4141485	0.170909	0.826311	0.0027803
Muller_E	4143836	0.170857	0.826371	0.00277176
Muller_E	4144350	0.170846	0.826384	0.00276988
Muller_E	4144848	0.170835	0.826397	0.00276807
Muller_E	4150850	0.170703	0.826551	0.00274606
Muller_E	4151927	0.170679	0.826579	0.00274208
Muller_E	4154621	0.17062	0.826648	0.00273211
Muller_E	4159745	0.170507	0.82678	0.002713
Muller_E	4159958	0.170502	0.826785	0.00271221
Muller_E	4160923	0.170481	0.82681	0.00270859
Muller_E	4161787	0.170462	0.826833	0.00270534
Muller_E	4162162	0.170454	0.826842	0.00270393
Muller_E	4163984	0.170414	0.826889	0.00269707
Muller_E	4164218	0.170408	0.826895	0.00269619
Muller_E	4164859	0.170394	0.826912	0.00269377
Muller_E	4165033	0.17039	0.826917	0.00269311
Muller_E	4165157	0.170388	0.82692	0.00269264
Muller_E	4165383	0.170383	0.826926	0.00269179
Muller_E	4165808	0.170373	0.826937	0.00269018
Muller_E	4165958	0.17037	0.82694	0.00268961
Muller_E	4166062	0.170368	0.826943	0.00268922
Muller_E	4166243	0.170364	0.826948	0.00268853
Muller_E	4166628	0.170355	0.826958	0.00268708
Muller_E	4168755	0.170308	0.827013	0.002679
Muller_E	4172546	0.170224	0.827111	0.00266454
Muller_E	4172827	0.170218	0.827118	0.00266346
Muller_E	4173860	0.170195	0.827145	0.0026595
Muller_E	4176100	0.170146	0.827204	0.00265089
Muller_E	4176326	0.170141	0.827209	0.00265002
Muller_E	4176826	0.17013	0.827222	0.00264809
Muller_E	4177022	0.170125	0.827227	0.00264734
Muller_E	4178339	0.170096	0.827262	0.00264225
Muller_E	4178608	0.17009	0.827269	0.00264121
Muller_E	4179326	0.170074	0.827287	0.00263843
Muller_E	4180712	0.170043	0.827324	0.00263306
Muller_E	4180966	0.170038	0.82733	0.00263207
Muller_E	4184926	0.16995	0.827433	0.00261665
Muller_E	4185178	0.169944	0.82744	0.00261566
Muller_E	4185319	0.169941	0.827444	0.00261511
Muller_E	4185532	0.169936	0.827449	0.00261428
Muller_E	4187632	0.16989	0.827504	0.00260605
Muller_E	4188227	0.169877	0.82752	0.00260371
Muller_E	4188670	0.169867	0.827531	0.00260197
Muller_E	4192621	0.169779	0.827635	0.00258638
Muller_E	4193546	0.169758	0.827659	0.00258272
Muller_E	4194407	0.169739	0.827681	0.0025793
Muller_E	4195783	0.169709	0.827717	0.00257383
Muller_E	4196010	0.169704	0.827723	0.00257293
Muller_E	4197440	0.169672	0.827761	0.00256723
Muller_E	4198223	0.169654	0.827781	0.0025641
Muller_E	4199021	0.169637	0.827802	0.00256091
Muller_E	4199203	0.169633	0.827807	0.00256018
Muller_E	4199424	0.169628	0.827813	0.0025593
Muller_E	4199639	0.169623	0.827819	0.00255844
Muller_E	4199983	0.169615	0.827828	0.00255706
Muller_E	4203293	0.169542	0.827915	0.00254376
Muller_E	4205814	0.169485	0.827981	0.00253359
Muller_E	4206134	0.169478	0.82799	0.00253229
Muller_E	4207588	0.169446	0.828028	0.0025264
Muller_E	4210680	0.169377	0.828109	0.00251383
Muller_E	4210928	0.169371	0.828116	0.00251282
Muller_E	4211312	0.169363	0.828126	0.00251125
Muller_E	4211755	0.169353	0.828138	0.00250945
Muller_E	4213444	0.169315	0.828182	0.00250254
Muller_E	4216650	0.169243	0.828267	0.00248938
Muller_E	4217058	0.169234	0.828278	0.0024877
Muller_E	4217453	0.169225	0.828288	0.00248607
Muller_E	4217565	0.169223	0.828291	0.00248561
Muller_E	4217669	0.169221	0.828294	0.00248518
Muller_E	4217825	0.169217	0.828298	0.00248454
Muller_E	4218923	0.169193	0.828327	0.00248001
Muller_E	4225215	0.169052	0.828494	0.0024539
Muller_E	4232774	0.168882	0.828696	0.00242218
Muller_E	4235298	0.168826	0.828763	0.00241151
Muller_E	4245993	0.168585	0.829049	0.00236583
Muller_E	4252835	0.168431	0.829233	0.00233621
Muller_E	4253725	0.168411	0.829257	0.00233233
Muller_E	4256197	0.168355	0.829323	0.00232154
Muller_E	4261234	0.168242	0.829459	0.00229943
Muller_E	4262892	0.168204	0.829504	0.00229212
Muller_E	4263238	0.168196	0.829513	0.00229059
Muller_E	4263588	0.168188	0.829522	0.00228904
Muller_E	4264621	0.168165	0.82955	0.00228447
Muller_E	4266950	0.168112	0.829613	0.00227414
Muller_E	4267529	0.168099	0.829629	0.00227157
Muller_E	4276223	0.167903	0.829865	0.00223266
Muller_E	4311688	0.167096	0.830836	0.00206881
Muller_E	4311965	0.167089	0.830843	0.0020675
Muller_E	4312254	0.167083	0.830851	0.00206613
Muller_E	4312510	0.167077	0.830858	0.00206492
Muller_E	4334492	0.166573	0.831468	0.0019591
Muller_E	4352032	0.16617	0.831958	0.0018724
Muller_E	4353438	0.166137	0.831998	0.00186536
Muller_E	4356857	0.166058	0.832094	0.0018482
Muller_E	4360054	0.165984	0.832184	0.00183207
Muller_E	4374783	0.165644	0.832599	0.00175693
Muller_E	4374946	0.16564	0.832604	0.00175609
Muller_E	4381350	0.165491	0.832786	0.00172297
Muller_E	4558836	0.161288	0.838014	0.000697203
Muller_E	4562012	0.161212	0.838111	0.000676947
Muller_E	4564083	0.161161	0.838175	0.000663702
Muller_E	4564194	0.161159	0.838178	0.000662991
Muller_E	4568491	0.161055	0.83831	0.000635416
Muller_E	4569115	0.16104	0.838329	0.000631401
Muller_E	4569749	0.161024	0.838348	0.000627319
Muller_E	4570340	0.16101	0.838366	0.000623512
Muller_E	4571890	0.160973	0.838414	0.000613516
Muller_E	4572624	0.160955	0.838436	0.000608777
Muller_E	4573491	0.160934	0.838463	0.000603174
Muller_E	4573809	0.160926	0.838473	0.000601118
Muller_E	4577361	0.16084	0.838582	0.000578105
Muller_E	4577462	0.160838	0.838585	0.000577449
Muller_E	4578308	0.160817	0.838611	0.000571955
Muller_E	4580664	0.16076	0.838684	0.00055663
Muller_E	4580954	0.160753	0.838692	0.000554741
Muller_E	4581769	0.160733	0.838718	0.000549429
Muller_E	4581909	0.16073	0.838722	0.000548516
Muller_E	4583019	0.160703	0.838756	0.000541274
Muller_E	4583393	0.160694	0.838768	0.000538832
Muller_E	4583516	0.160691	0.838771	0.000538028
Muller_E	4584473	0.160667	0.838801	0.000531774
Muller_E	4589180	0.263441	0.736501	5.75754e-05
Muller_E	4590247	0.160484	0.839014	0.000502003
Muller_E	4591539	0.160401	0.839096	0.000503298
Muller_E	4593253	0.160291	0.839204	0.000504998
Muller_E	4593508	0.160274	0.83922	0.00050525
Muller_E	4593974	0.160244	0.83925	0.000505708
Muller_E	4595111	0.160171	0.839322	0.00050682
Muller_E	4595303	0.160159	0.839334	0.000507007
Muller_E	4597548	0.160014	0.839477	0.000509174
Muller_E	4597833	0.159996	0.839495	0.000509447
Muller_E	4600306	0.159837	0.839652	0.000511791
Muller_E	4607273	0.159388	0.840094	0.000518176
Muller_E	4607398	0.15938	0.840102	0.000518288
Muller_E	4610441	0.159184	0.840295	0.000520973
Muller_E	4611041	0.159145	0.840334	0.000521496
Muller_E	4611562	0.159111	0.840367	0.000521947
Muller_E	4611697	0.159103	0.840375	0.000522064
Muller_E	4612447	0.159054	0.840423	0.00052271
Muller_E	4612733	0.159036	0.840441	0.000522956
Muller_E	4612927	0.159023	0.840454	0.000523122
Muller_E	4613148	0.159009	0.840468	0.000523311
Muller_E	4614502	0.158922	0.840554	0.000524462
Muller_E	4615888	0.158832	0.840642	0.000525627
Muller_E	4616173	0.158814	0.84066	0.000525865
Muller_E	4616508	0.158792	0.840682	0.000526144
Muller_E	4616663	0.158782	0.840691	0.000526273
Muller_E	4618190	0.158684	0.840789	0.000527535
Muller_E	4619781	0.158581	0.84089	0.000528833
Muller_E	4622166	0.158427	0.841042	0.000530747
Muller_E	4626314	0.15816	0.841306	0.000533985
Muller_E	4626864	0.158124	0.841342	0.000534406
Muller_E	4627368	0.158092	0.841374	0.00053479
Muller_E	4627488	0.158084	0.841381	0.000534881
Muller_E	4633961	0.157666	0.841795	0.000539657
Muller_E	4635834	0.157545	0.841914	0.000540986
Muller_E	4636452	0.157505	0.841954	0.00054142
Muller_E	4637295	0.15745	0.842008	0.000542007
Muller_E	4640891	0.157218	0.842237	0.00054446
Muller_E	4645727	0.156905	0.842547	0.000547622
Muller_E	4646376	0.156863	0.842588	0.000548035
Muller_E	4646798	0.156836	0.842616	0.000548302
Muller_E	4653320	0.156414	0.843033	0.000552273
Muller_E	4656520	0.156207	0.843239	0.000554118
Muller_E	4672665	0.155162	0.844276	0.000562385
Muller_E	4674140	0.155066	0.844371	0.000563053
Muller_E	4675745	0.154962	0.844474	0.000563764
Muller_E	4676485	0.154914	0.844522	0.000564086
Muller_E	4677110	0.154874	0.844562	0.000564355
Muller_E	4677655	0.154838	0.844597	0.000564588
Muller_E	4678986	0.154752	0.844683	0.000565147
Muller_E	4680223	0.154672	0.844762	0.000565656
Muller_E	4682403	0.15453	0.844903	0.000566529
Muller_E	4682621	0.154516	0.844917	0.000566614
Muller_E	4684270	0.154409	0.845023	0.000567251
Muller_E	4685491	0.15433	0.845102	0.00056771
Muller_E	4686019	0.154296	0.845136	0.000567906
Muller_E	4687101	0.154226	0.845206	0.000568301
Muller_E	4689628	0.154062	0.845369	0.000569193
Muller_E	4690052	0.154034	0.845396	0.000569339
Muller_E	4690344	0.154015	0.845415	0.000569438
Muller_E	4690905	0.153979	0.845451	0.000569628
Muller_E	4691125	0.153965	0.845466	0.000569702
Muller_E	4691712	0.153927	0.845504	0.000569897
Muller_E	4691999	0.153908	0.845522	0.000569992
Muller_E	4692111	0.153901	0.845529	0.000570028
Muller_E	4693234	0.153828	0.845602	0.000570393
Muller_E	4693620	0.153803	0.845627	0.000570516
Muller_E	4693753	0.153794	0.845635	0.000570558
Muller_E	4694021	0.153777	0.845653	0.000570643
Muller_E	4694592	0.15374	0.84569	0.000570822
Muller_E	4696429	0.15362	0.845808	0.000571382
Muller_E	4696792	0.153597	0.845832	0.00057149
Muller_E	4699402	0.153427	0.846001	0.000572242
Muller_E	4700957	0.153326	0.846101	0.000572668
Muller_E	4702606	0.153219	0.846208	0.000573102
Muller_E	4708142	0.152859	0.846566	0.000574425
Muller_E	4712097	0.152602	0.846822	0.000575245
Muller_E	4713898	0.152485	0.846939	0.000575583
Muller_E	4714194	0.152466	0.846958	0.000575637
Muller_E	4717094	0.152277	0.847147	0.00057613
Muller_E	4717794	0.152232	0.847192	0.000576241
Muller_E	4720564	0.152052	0.847372	0.000576646
Muller_E	4722390	0.151933	0.84749	0.000576885
Muller_E	4727534	0.151598	0.847825	0.000577439
Muller_E	4730688	0.151393	0.84803	0.00057769
Muller_E	4731377	0.151348	0.848075	0.000577736
Muller_E	4732944	0.151246	0.848176	0.000577828
Muller_E	4738342	0.150894	0.848528	0.000578021
Muller_E	4739398	0.150825	0.848597	0.000578035
Muller_E	4742492	0.150624	0.848798	0.000578035
Muller_E	4745718	0.150413	0.849009	0.000577966
Muller_E	4746457	0.150365	0.849057	0.000577941
Muller_E	4748015	0.150263	0.849159	0.000577875
Muller_E	4748352	0.150241	0.849181	0.000577858
Muller_E	4748630	0.150223	0.849199	0.000577844
Muller_E	4751071	0.150064	0.849358	0.000577697
Muller_E	4751685	0.150024	0.849398	0.000577654
Muller_E	4751817	0.150015	0.849407	0.000577644
Muller_E	4752607	0.149964	0.849458	0.000577584
Muller_E	4752773	0.149953	0.849469	0.000577571
Muller_E	4753826	0.149884	0.849538	0.000577483
Muller_E	4754671	0.149829	0.849593	0.000577408
Muller_E	4756619	0.149702	0.849721	0.000577214
Muller_E	4759191	0.149534	0.849889	0.00057692
Muller_E	4761262	0.149399	0.850024	0.000576651
Muller_E	4761866	0.14936	0.850064	0.000576567
Muller_E	4761985	0.149352	0.850072	0.00057655
Muller_E	4763545	0.14925	0.850174	0.00057632
Muller_E	4764509	0.149187	0.850237	0.00057617
Muller_E	4765595	0.149116	0.850308	0.000575993
Muller_E	4766291	0.149071	0.850353	0.000575876
Muller_E	4766501	0.149057	0.850367	0.00057584
Muller_E	4767354	0.149001	0.850423	0.00057569
Muller_E	4769627	0.148853	0.850572	0.000575268
Muller_E	4769950	0.148832	0.850593	0.000575205
Muller_E	4772288	0.148679	0.850746	0.000574729
Muller_E	4773763	0.148582	0.850843	0.000574409
Muller_E	4773963	0.148569	0.850856	0.000574365
Muller_E	4774375	0.148542	0.850883	0.000574272
Muller_E	4774957	0.148504	0.850921	0.00057414
Muller_E	4775479	0.14847	0.850956	0.000574019
Muller_E	4776619	0.148396	0.85103	0.000573749
Muller_E	4779373	0.148216	0.851211	0.00057306
Muller_E	4781913	0.14805	0.851378	0.000572379
Muller_E	4782620	0.148003	0.851424	0.000572181
Muller_E	4783326	0.147957	0.851471	0.000571981
Muller_E	4786044	0.147779	0.851649	0.000571178
Muller_E	4786690	0.147737	0.851692	0.00057098
Muller_E	4789453	0.147556	0.851874	0.0005701
Muller_E	4790377	0.147496	0.851934	0.000569794
Muller_E	4792360	0.147366	0.852065	0.000569118
Muller_E	4792549	0.147354	0.852077	0.000569053
Muller_E	4792702	0.147344	0.852087	0.000568999
Muller_E	4822723	0.145376	0.854069	0.00055544
Muller_E	4832155	0.144757	0.854693	0.000549916
Muller_E	4834924	0.144575	0.854877	0.000548179
Muller_E	4838041	0.14437	0.855084	0.000546161
Muller_E	4839031	0.144305	0.85515	0.000545506
Muller_E	4840034	0.144239	0.855216	0.000544836
Muller_E	4843722	0.143996	0.855461	0.000542313
Muller_E	4844215	0.143964	0.855494	0.000541969
Muller_E	4846930	0.143785	0.855674	0.000540043
Muller_E	4847984	0.143716	0.855745	0.000539282
Muller_E	4849699	0.143603	0.855859	0.000538028
Muller_E	4849916	0.143589	0.855873	0.000537868
Muller_E	4850646	0.143541	0.855922	0.000537326
Muller_E	4851102	0.143511	0.855952	0.000536986
Muller_E	4851280	0.143499	0.855964	0.000536853
Muller_E	4852753	0.143402	0.856062	0.000535744
Muller_E	4853630	0.143345	0.85612	0.000535076
Muller_E	4855355	0.143231	0.856235	0.000533748
Muller_E	4859608	0.142951	0.856518	0.000530385
Muller_E	4860728	0.142877	0.856593	0.000529479
Muller_E	4862947	0.142731	0.856741	0.000527659
Muller_E	4865598	0.142557	0.856918	0.00052544
Muller_E	4865718	0.142549	0.856926	0.000525339
