chrom	position	2,0	1,1	0,2
Muller_E	62882	0.847489	0.13217	0.0203412
Muller_E	267432	0.853051	0.128799	0.0181501
Muller_E	441230	0.858086	0.125539	0.0163749
Muller_E	511157	0.860193	0.124124	0.0156833
Muller_E	557879	0.861626	0.123145	0.0152285
Muller_E	581000	0.862343	0.122651	0.0150055
Muller_E	709108	0.866408	0.119795	0.0137964
Muller_E	768129	0.868334	0.118411	0.0132542
Muller_E	785241	0.868899	0.118002	0.0130988
Muller_E	787322	0.868968	0.117952	0.01308
Muller_E	787424	0.868971	0.11795	0.013079
Muller_E	788173	0.868996	0.117932	0.0130723
Muller_E	788750	0.869015	0.117918	0.013067
Muller_E	788860	0.869019	0.117915	0.013066
Muller_E	791823	0.869117	0.117844	0.0130392
Muller_E	802257	0.869463	0.117592	0.0129451
Muller_E	893794	0.872547	0.115321	0.0121315
Muller_E	894300	0.872564	0.115309	0.0121271
Muller_E	896281	0.872632	0.115258	0.0121097
Muller_E	897287	0.872666	0.115233	0.0121009
Muller_E	897987	0.87269	0.115215	0.0120948
Muller_E	901015	0.872794	0.115138	0.0120683
Muller_E	901718	0.872818	0.11512	0.0120621
Muller_E	923408	0.873562	0.114565	0.0118732
Muller_E	923675	0.873571	0.114558	0.0118709
Muller_E	924320	0.873594	0.114541	0.0118653
Muller_E	927795	0.873713	0.114452	0.0118352
Muller_E	948021	0.874412	0.113927	0.0116604
Muller_E	948230	0.874419	0.113922	0.0116586
Muller_E	958531	0.874777	0.113653	0.01157
Muller_E	967701	0.875096	0.113412	0.0114914
Muller_E	969142	0.875146	0.113374	0.0114791
Muller_E	1033237	0.877401	0.111662	0.0109365
Muller_E	1120573	0.880538	0.109246	0.0102155
Muller_E	1123171	0.880633	0.109173	0.0101944
Muller_E	1146845	0.881497	0.1085	0.0100028
Muller_E	1148492	0.881557	0.108453	0.00998951
Muller_E	1168315	0.882285	0.107884	0.00983039
Muller_E	1213395	0.883955	0.106572	0.00947268
Muller_E	1262309	0.88579	0.105119	0.00909104
Muller_E	1275111	0.886274	0.104734	0.00899228
Muller_E	1275707	0.886297	0.104716	0.0089877
Muller_E	1314313	0.887767	0.10354	0.00869277
Muller_E	1318297	0.887919	0.103418	0.00866258
Muller_E	1358440	0.889465	0.102174	0.0083609
Muller_E	1358616	0.889472	0.102168	0.00835958
Muller_E	1378824	0.890256	0.101534	0.00820948
Muller_E	1480336	0.894259	0.0982679	0.00747331
Muller_E	1489232	0.894615	0.0979753	0.00741022
Muller_E	1645912	0.901011	0.0926521	0.00633719
Muller_E	1673398	0.902159	0.091685	0.00615644
Muller_E	1718642	0.904065	0.0900713	0.00586383
Muller_E	1746815	0.905262	0.0890528	0.00568473
Muller_E	1763447	0.905973	0.0884465	0.00558012
Muller_E	1765039	0.906042	0.0883883	0.00557015
Muller_E	1765159	0.906047	0.0883839	0.0055694
Muller_E	1765369	0.906056	0.0883762	0.00556809
Muller_E	1771226	0.906307	0.0881617	0.00553148
Muller_E	1799036	0.907504	0.0871368	0.00535908
Muller_E	1802542	0.907656	0.0870069	0.00533752
Muller_E	1802678	0.907661	0.0870018	0.00533668
Muller_E	1803039	0.907677	0.0869885	0.00533446
Muller_E	1803347	0.90769	0.086977	0.00533257
Muller_E	1805518	0.907784	0.0868965	0.00531924
Muller_E	1812938	0.908106	0.0866206	0.00527378
Muller_E	1813040	0.90811	0.0866168	0.00527316
Muller_E	1815234	0.908205	0.0865351	0.00525975
Muller_E	1815907	0.908234	0.0865101	0.00525564
Muller_E	1816383	0.908255	0.0864923	0.00525274
Muller_E	1831501	0.908912	0.0859273	0.0051608
Muller_E	1850978	0.909762	0.0851949	0.00504338
Muller_E	1851905	0.909802	0.08516	0.00503782
Muller_E	1852166	0.909814	0.0851501	0.00503626
Muller_E	1857635	0.910053	0.0849434	0.00500352
Muller_E	1861157	0.910207	0.0848101	0.00498248
Muller_E	1861336	0.910215	0.0848034	0.00498141
Muller_E	1861880	0.910239	0.0847828	0.00497817
Muller_E	1866595	0.910446	0.084604	0.00495007
Muller_E	1870209	0.910605	0.0844668	0.00492859
Muller_E	1871973	0.910682	0.0843997	0.00491811
Muller_E	1880064	0.911038	0.0840917	0.0048702
Muller_E	1889333	0.911447	0.0837377	0.00481555
Muller_E	1891195	0.911529	0.0836665	0.00480461
Muller_E	1894320	0.911667	0.0835468	0.00478626
Muller_E	1900363	0.911934	0.083315	0.00475087
Muller_E	1904375	0.912112	0.0831609	0.00472743
Muller_E	1915469	0.912604	0.0827334	0.00466289
Muller_E	1927060	0.913119	0.0822851	0.00459586
Muller_E	1932459	0.91336	0.0820756	0.00456478
Muller_E	1944351	0.913891	0.0816128	0.00449664
Muller_E	1946702	0.913996	0.0815211	0.00448322
Muller_E	1961660	0.914666	0.0809358	0.00439824
Muller_E	1975567	0.915291	0.080389	0.00431985
Muller_E	2011856	0.916932	0.0789496	0.00411814
Muller_E	2013122	0.91699	0.078899	0.00411118
Muller_E	2044597	0.918425	0.0776355	0.00393968
Muller_E	2048236	0.918591	0.0774885	0.00392006
Muller_E	2048434	0.9186	0.0774805	0.00391899
Muller_E	2086567	0.920355	0.0759295	0.00371584
Muller_E	2103366	0.921132	0.0752399	0.00362781
Muller_E	2117584	0.921793	0.0746532	0.00355399
Muller_E	2126123	0.92219	0.0742995	0.00350997
Muller_E	2135792	0.922642	0.0738978	0.0034604
Muller_E	2140907	0.922881	0.0736848	0.0034343
Muller_E	2141169	0.922893	0.0736739	0.00343296
Muller_E	2142715	0.922965	0.0736094	0.00342509
Muller_E	2145389	0.923091	0.0734978	0.00341149
Muller_E	2146953	0.923164	0.0734325	0.00340355
Muller_E	2147057	0.923169	0.0734282	0.00340302
Muller_E	2201852	0.925752	0.0711187	0.00312971
Muller_E	2204792	0.925891	0.0709936	0.00311532
Muller_E	2219543	0.926592	0.0703642	0.00304353
Muller_E	2220290	0.926628	0.0703322	0.00303991
Muller_E	2241628	0.927647	0.0694161	0.00293735
Muller_E	2243471	0.927735	0.0693367	0.00292856
Muller_E	2531559	0.941975	0.0563335	0.00169156
Muller_E	2693610	0.950385	0.0484971	0.00111818
Muller_E	2696554	0.95054	0.0483512	0.0011086
Muller_E	2706179	0.951049	0.0478733	0.00107748
Muller_E	2713009	0.951411	0.0475334	0.0010556
Muller_E	2716202	0.95158	0.0473743	0.00104542
Muller_E	2721440	0.951858	0.0471129	0.00102881
Muller_E	2735475	0.952605	0.0464105	0.000984759
Muller_E	2763120	0.954082	0.0450185	0.000900012
Muller_E	2777976	0.954879	0.0442658	0.000855578
Muller_E	2779619	0.954967	0.0441823	0.000850711
Muller_E	2787347	0.955383	0.0437893	0.000827948
Muller_E	2788916	0.955467	0.0437094	0.000823353
Muller_E	2795398	0.955817	0.0433789	0.000804458
Muller_E	2798296	0.955973	0.043231	0.000796058
Muller_E	2799305	0.956027	0.0431794	0.000793141
Muller_E	2800245	0.956078	0.0431314	0.000790426
Muller_E	2800507	0.956092	0.043118	0.00078967
Muller_E	2800780	0.956107	0.0431041	0.000788882
Muller_E	2800932	0.956115	0.0430963	0.000788444
Muller_E	2801158	0.956127	0.0430847	0.000787792
Muller_E	2805736	0.956375	0.0428506	0.00077463
Muller_E	2807233	0.956456	0.0427739	0.000770342
Muller_E	2807795	0.956486	0.0427451	0.000768735
Muller_E	2808363	0.956517	0.042716	0.000767111
Muller_E	2809031	0.956553	0.0426818	0.000765203
Muller_E	2809272	0.956566	0.0426695	0.000764515
Muller_E	2809909	0.9566	0.0426368	0.000762697
Muller_E	2811470	0.956685	0.0425568	0.000758249
Muller_E	2811776	0.956701	0.0425411	0.000757378
Muller_E	2812117	0.95672	0.0425236	0.000756408
Muller_E	2815676	0.956913	0.042341	0.000746307
Muller_E	2816259	0.956944	0.0423111	0.000744657
Muller_E	2817070	0.956988	0.0422695	0.000742363
Muller_E	2817616	0.957018	0.0422414	0.00074082
Muller_E	2819402	0.957115	0.0421497	0.00073578
Muller_E	2820166	0.957156	0.0421104	0.000733628
Muller_E	2820386	0.957168	0.0420991	0.000733008
Muller_E	2820775	0.957189	0.0420791	0.000731914
Muller_E	2821135	0.957209	0.0420606	0.000730901
Muller_E	2821440	0.957225	0.0420449	0.000730043
Muller_E	2826939	0.957523	0.0417619	0.000714637
Muller_E	2831172	0.957753	0.0415438	0.000702851
Muller_E	2831515	0.957772	0.0415261	0.000701898
Muller_E	2832336	0.957817	0.0414838	0.000699621
Muller_E	2833070	0.957857	0.0414459	0.000697587
Muller_E	2850717	0.958818	0.0405332	0.000649256
Muller_E	2853215	0.958954	0.0404036	0.000642504
Muller_E	2856496	0.959133	0.0402333	0.000633669
Muller_E	2856945	0.959158	0.0402099	0.000632463
Muller_E	2857481	0.959187	0.0401821	0.000631024
Muller_E	2858163	0.959224	0.0401466	0.000629195
Muller_E	2859754	0.959311	0.040064	0.000624935
Muller_E	2859987	0.959324	0.0400518	0.000624311
Muller_E	2862604	0.959467	0.0399157	0.000617325
Muller_E	2866488	0.959679	0.0397135	0.000607001
Muller_E	2867267	0.959722	0.0396729	0.000604937
Muller_E	2868557	0.959793	0.0396057	0.000601524
Muller_E	2870085	0.959876	0.0395261	0.000597488
Muller_E	2870623	0.959906	0.039498	0.000596069
Muller_E	2876155	0.960209	0.0392093	0.00058154
Muller_E	2877151	0.960264	0.0391573	0.000578935
Muller_E	2886067	0.960753	0.0386908	0.00055578
Muller_E	2886534	0.960779	0.0386664	0.000554575
Muller_E	2887599	0.960838	0.0386106	0.00055183
Muller_E	2887882	0.960853	0.0385957	0.000551102
Muller_E	2888492	0.960887	0.0385638	0.000549532
Muller_E	2888607	0.960893	0.0385577	0.000549236
Muller_E	2890000	0.96097	0.0384847	0.000545657
Muller_E	2890387	0.960991	0.0384644	0.000544664
Muller_E	2890907	0.96102	0.0384371	0.00054333
Muller_E	2894764	0.961232	0.0382347	0.000533468
Muller_E	2899098	0.961471	0.038007	0.000522451
Muller_E	2901481	0.961602	0.0378817	0.000516422
Muller_E	2901643	0.961611	0.0378731	0.000516013
Muller_E	2902627	0.961665	0.0378214	0.00051353
Muller_E	2903432	0.96171	0.037779	0.000511501
Muller_E	2904998	0.961796	0.0376965	0.000507561
Muller_E	2905994	0.961851	0.0376441	0.00050506
Muller_E	2907134	0.961914	0.037584	0.000502201
Muller_E	2908511	0.96199	0.0375114	0.000498755
Muller_E	2909452	0.962042	0.0374618	0.000496403
Muller_E	2910160	0.962081	0.0374245	0.000494636
Muller_E	2911022	0.962129	0.037379	0.000492487
Muller_E	2911252	0.962141	0.0373669	0.000491914
Muller_E	2911992	0.962182	0.0373278	0.000490072
Muller_E	2914672	0.96233	0.0371864	0.000483418
Muller_E	2915489	0.962375	0.0371432	0.000481394
Muller_E	2918585	0.962547	0.0369796	0.000473748
Muller_E	2919015	0.96257	0.0369569	0.000472688
Muller_E	2919728	0.96261	0.0369192	0.000470933
Muller_E	2919971	0.962623	0.0369063	0.000470336
Muller_E	2921506	0.962708	0.0368251	0.000466565
Muller_E	2922564	0.962767	0.0367691	0.000463971
Muller_E	2922707	0.962775	0.0367616	0.000463621
Muller_E	2924226	0.962859	0.0366811	0.000459905
Muller_E	2925108	0.962908	0.0366344	0.00045775
Muller_E	2925552	0.962932	0.0366109	0.000456667
Muller_E	2928855	0.963116	0.0364359	0.000448631
Muller_E	2930674	0.963216	0.0363394	0.000444222
Muller_E	2931258	0.963249	0.0363084	0.000442809
Muller_E	2931592	0.963267	0.0362907	0.000442001
Muller_E	2931798	0.963279	0.0362797	0.000441503
Muller_E	2932326	0.963308	0.0362517	0.000440228
Muller_E	2945623	0.964047	0.0355447	0.00040844
Muller_E	2945753	0.964054	0.0355377	0.000408133
Muller_E	2945878	0.964061	0.0355311	0.000407837
Muller_E	2946001	0.964068	0.0355245	0.000407546
Muller_E	2955783	0.964613	0.0350026	0.000384583
Muller_E	2957997	0.964736	0.0348843	0.000379434
Muller_E	2959282	0.964808	0.0348156	0.000376454
Muller_E	2959697	0.964831	0.0347934	0.000375493
Muller_E	2959819	0.964838	0.0347869	0.00037521
Muller_E	2960759	0.96489	0.0347366	0.000373036
Muller_E	2961667	0.964941	0.034688	0.000370938
Muller_E	2961801	0.964949	0.0346808	0.000370629
Muller_E	2963254	0.96503	0.0346031	0.000367279
Muller_E	2963568	0.965047	0.0345863	0.000366557
Muller_E	2975263	0.965701	0.033959	0.00033989
Muller_E	2976725	0.965783	0.0338805	0.000336591
Muller_E	2977784	0.965842	0.0338235	0.000334207
Muller_E	2982473	0.966105	0.0335713	0.000323698
Muller_E	2984283	0.966206	0.0334738	0.000319662
Muller_E	2985483	0.966274	0.0334092	0.000316994
Muller_E	2985658	0.966284	0.0333998	0.000316605
Muller_E	2985908	0.966298	0.0333863	0.00031605
Muller_E	2987685	0.966397	0.0332905	0.00031211
Muller_E	2992894	0.96669	0.0330095	0.000300629
Muller_E	2993313	0.966713	0.0329869	0.00029971
Muller_E	2993798	0.966741	0.0329607	0.000298646
Muller_E	2994137	0.96676	0.0329424	0.000297904
Muller_E	2994487	0.966779	0.0329235	0.000297138
Muller_E	2994615	0.966787	0.0329166	0.000296857
Muller_E	2995123	0.966815	0.0328892	0.000295746
Muller_E	2995701	0.966848	0.0328579	0.000294483
Muller_E	2996048	0.966867	0.0328392	0.000293725
Muller_E	2996738	0.966906	0.0328019	0.00029222
Muller_E	2996880	0.966914	0.0327942	0.00029191
Muller_E	2997113	0.966927	0.0327816	0.000291402
Muller_E	2999116	0.96704	0.0326733	0.000287045
Muller_E	2999459	0.967059	0.0326548	0.0002863
Muller_E	3001420	0.967169	0.0325487	0.00028205
Muller_E	3001578	0.967178	0.0325401	0.000281708
Muller_E	3001696	0.967185	0.0325337	0.000281453
Muller_E	3002579	0.967235	0.032486	0.000279545
Muller_E	3003095	0.967264	0.032458	0.000278431
Muller_E	3003540	0.967289	0.0324339	0.000277472
Muller_E	3004120	0.967321	0.0324025	0.000276222
Muller_E	3005221	0.967383	0.0323429	0.000273853
Muller_E	3007967	0.967538	0.0321941	0.000267964
Muller_E	3012773	0.967809	0.0319333	0.000257724
Muller_E	3013331	0.96784	0.031903	0.00025654
Muller_E	3013618	0.967857	0.0318874	0.000255932
Muller_E	3014080	0.967883	0.0318624	0.000254953
Muller_E	3014783	0.967922	0.0318242	0.000253466
Muller_E	3016296	0.968008	0.031742	0.000250271
Muller_E	3017214	0.96806	0.0316921	0.000248336
Muller_E	3018320	0.968122	0.031632	0.00024601
Muller_E	3018982	0.968159	0.031596	0.000244619
Muller_E	3019303	0.968178	0.0315785	0.000243945
Muller_E	3019831	0.968207	0.0315498	0.000242838
Muller_E	3021834	0.968321	0.0314408	0.000238647
Muller_E	3021944	0.968327	0.0314348	0.000238417
Muller_E	3023127	0.968394	0.0313704	0.000235949
Muller_E	3024474	0.96847	0.0312971	0.000233146
Muller_E	3024813	0.968489	0.0312786	0.000232441
Muller_E	3029421	0.96875	0.0310274	0.000222906
Muller_E	3029834	0.968773	0.0310049	0.000222055
Muller_E	3030101	0.968788	0.0309903	0.000221505
Muller_E	3033200	0.968964	0.0308212	0.000215144
Muller_E	3033901	0.969003	0.0307829	0.00021371
Muller_E	3034073	0.969013	0.0307735	0.000213358
Muller_E	3036032	0.969124	0.0306665	0.000209361
Muller_E	3038305	0.969253	0.0305423	0.000204742
Muller_E	3041816	0.969452	0.0303502	0.000197644
Muller_E	3044683	0.969615	0.0301933	0.000191881
Muller_E	3046757	0.969733	0.0300796	0.000187731
Muller_E	3046887	0.96974	0.0300725	0.000187471
Muller_E	3047900	0.969798	0.030017	0.000185451
Muller_E	3048135	0.969811	0.0300041	0.000184983
Muller_E	3050664	0.969955	0.0298654	0.000179957
Muller_E	3051698	0.970013	0.0298087	0.000177908
Muller_E	3051968	0.970029	0.0297938	0.000177374
Muller_E	3052635	0.970067	0.0297572	0.000176056
Muller_E	3053197	0.970099	0.0297264	0.000174946
Muller_E	3056428	0.970283	0.0295489	0.00016859
Muller_E	3056712	0.970299	0.0295333	0.000168033
Muller_E	3058398	0.970395	0.0294406	0.000164733
Muller_E	3059687	0.970468	0.0293697	0.000162217
Muller_E	3061511	0.970572	0.0292694	0.000158668
Muller_E	3062406	0.970623	0.0292201	0.00015693
Muller_E	3062537	0.97063	0.0292129	0.000156676
Muller_E	3100018	0.972774	0.0271391	8.66085e-05
Muller_E	3100718	0.972815	0.0271001	8.53495e-05
Muller_E	3112367	0.973484	0.0264511	6.46659e-05
Muller_E	3112987	0.97352	0.0264165	6.35792e-05
Muller_E	3113420	0.973545	0.0263923	6.28212e-05
Muller_E	3116107	0.9737	0.0262422	5.81326e-05
Muller_E	3119432	0.973891	0.0260564	5.2368e-05
Muller_E	3119714	0.973907	0.0260406	5.1881e-05
Muller_E	3120862	0.973974	0.0259764	4.99015e-05
Muller_E	3122265	0.974055	0.0258979	4.74889e-05
Muller_E	3123364	0.974118	0.0258364	4.56043e-05
Muller_E	3124138	0.974163	0.0257931	4.42797e-05
Muller_E	3127464	0.974355	0.0256068	3.86131e-05
Muller_E	3128767	0.97443	0.0255338	3.64045e-05
Muller_E	3128895	0.974437	0.0255266	3.61878e-05
Muller_E	3129611	0.974479	0.0254864	3.49772e-05
Muller_E	3129743	0.974486	0.025479	3.47543e-05
Muller_E	3130171	0.974511	0.025455	3.40317e-05
Muller_E	3131529	0.974589	0.0253789	3.17437e-05
Muller_E	3137674	0.974945	0.0250338	2.14767e-05
Muller_E	3139976	0.986592	0.0134073	1.14636e-06
Muller_E	3143168	0.975169	0.0248138	1.70603e-05
Muller_E	3169152	0.987233	0.012766	5.95196e-07
Muller_E	3170575	0.97593	0.0240573	1.22113e-05
Muller_E	3173857	0.975967	0.0240211	1.23667e-05
Muller_E	3192801	0.976176	0.0238105	1.32287e-05
Muller_E	3194086	0.976191	0.0237961	1.32851e-05
Muller_E	3194230	0.976192	0.0237945	1.32914e-05
Muller_E	3207603	0.976342	0.0236441	1.38614e-05
Muller_E	3207708	0.976343	0.0236429	1.38658e-05
Muller_E	3208070	0.976347	0.0236388	1.38808e-05
Muller_E	3208369	0.976351	0.0236354	1.38932e-05
Muller_E	3208507	0.976352	0.0236339	1.38989e-05
Muller_E	3208706	0.976354	0.0236316	1.39071e-05
Muller_E	3210124	0.97637	0.0236156	1.39656e-05
Muller_E	3211254	0.976383	0.0236028	1.4012e-05
Muller_E	3212088	0.976393	0.0235933	1.40461e-05
Muller_E	3216063	0.976438	0.0235482	1.42071e-05
Muller_E	3216461	0.976442	0.0235437	1.42231e-05
Muller_E	3217109	0.976449	0.0235363	1.4249e-05
Muller_E	3217441	0.976453	0.0235326	1.42623e-05
Muller_E	3217706	0.976456	0.0235295	1.42729e-05
Muller_E	3217825	0.976458	0.0235282	1.42776e-05
Muller_E	3218354	0.976464	0.0235222	1.42987e-05
Muller_E	3219292	0.976474	0.0235115	1.4336e-05
Muller_E	3219763	0.97648	0.0235061	1.43547e-05
Muller_E	3221459	0.976499	0.0234868	1.44216e-05
Muller_E	3222112	0.976506	0.0234793	1.44472e-05
Muller_E	3223012	0.976516	0.0234691	1.44824e-05
Muller_E	3223549	0.976523	0.0234629	1.45034e-05
Muller_E	3224815	0.976537	0.0234485	1.45526e-05
Muller_E	3226800	0.97656	0.0234258	1.46293e-05
Muller_E	3229718	0.976593	0.0233923	1.47408e-05
Muller_E	3240322	0.976715	0.0232703	1.51349e-05
Muller_E	3240918	0.976721	0.0232634	1.51566e-05
Muller_E	3241273	0.976726	0.0232593	1.51694e-05
Muller_E	3247835	0.976801	0.0231833	1.54035e-05
Muller_E	3251442	0.976843	0.0231414	1.55292e-05
Muller_E	3252203	0.976852	0.0231326	1.55555e-05
Muller_E	3254014	0.976873	0.0231115	1.56177e-05
Muller_E	3254518	0.976879	0.0231056	1.56349e-05
Muller_E	3255141	0.976886	0.0230983	1.56561e-05
Muller_E	3255365	0.976889	0.0230957	1.56637e-05
Muller_E	3259142	0.976933	0.0230516	1.5791e-05
Muller_E	3259935	0.976942	0.0230424	1.58174e-05
Muller_E	3262497	0.976972	0.0230124	1.59022e-05
Muller_E	3263708	0.976986	0.0229982	1.59419e-05
Muller_E	3264644	0.976997	0.0229872	1.59724e-05
Muller_E	3266132	0.977014	0.0229697	1.60207e-05
Muller_E	3266579	0.977019	0.0229645	1.60351e-05
Muller_E	3266806	0.977022	0.0229618	1.60424e-05
Muller_E	3269029	0.977048	0.0229357	1.61137e-05
Muller_E	3271700	0.97708	0.0229042	1.61983e-05
Muller_E	3271881	0.977082	0.0229021	1.6204e-05
Muller_E	3273894	0.977105	0.0228783	1.6267e-05
Muller_E	3275081	0.977119	0.0228643	1.63038e-05
Muller_E	3275989	0.97713	0.0228536	1.63319e-05
Muller_E	3278049	0.977154	0.0228292	1.6395e-05
Muller_E	3280894	0.977188	0.0227955	1.64812e-05
Muller_E	3282107	0.977202	0.0227811	1.65176e-05
Muller_E	3282973	0.977213	0.0227709	1.65434e-05
Muller_E	3284532	0.977231	0.0227523	1.65896e-05
Muller_E	3291321	0.977312	0.0226715	1.67866e-05
Muller_E	3291878	0.977318	0.0226648	1.68025e-05
Muller_E	3293351	0.977336	0.0226472	1.68442e-05
Muller_E	3293759	0.977341	0.0226424	1.68557e-05
Muller_E	3304917	0.977474	0.0225085	1.71604e-05
Muller_E	3306663	0.977495	0.0224875	1.72064e-05
Muller_E	3306880	0.977498	0.0224849	1.72121e-05
Muller_E	3310127	0.977537	0.0224457	1.72964e-05
Muller_E	3312301	0.977563	0.0224194	1.73519e-05
Muller_E	3312718	0.977568	0.0224143	1.73625e-05
Muller_E	3318766	0.977641	0.022341	1.75131e-05
Muller_E	3323588	0.9777	0.0222824	1.76293e-05
Muller_E	3324201	0.977707	0.0222749	1.76438e-05
Muller_E	3324656	0.977713	0.0222694	1.76546e-05
Muller_E	3325091	0.977718	0.0222641	1.76648e-05
Muller_E	3326084	0.97773	0.0222519	1.76881e-05
Muller_E	3326190	0.977732	0.0222507	1.76906e-05
Muller_E	3330218	0.977781	0.0222014	1.77836e-05
Muller_E	3334866	0.977838	0.0221445	1.78879e-05
Muller_E	3337545	0.97787	0.0221116	1.79467e-05
Muller_E	3340268	0.977904	0.0220781	1.80054e-05
Muller_E	3340480	0.977906	0.0220755	1.80099e-05
Muller_E	3410593	0.978787	0.0211936	1.91633e-05
Muller_E	3431230	0.979054	0.0209268	1.9377e-05
Muller_E	3437416	0.979134	0.0208462	1.94303e-05
Muller_E	3456916	0.97939	0.0205902	1.95667e-05
Muller_E	3457694	0.9794	0.02058	1.95712e-05
Muller_E	3459001	0.979418	0.0205627	1.95785e-05
Muller_E	3462300	0.979461	0.020519	1.9596e-05
Muller_E	3464519	0.979491	0.0204896	1.9607e-05
Muller_E	3464673	0.979493	0.0204876	1.96077e-05
Muller_E	3477602	0.979665	0.0203155	1.96597e-05
Muller_E	3525631	0.980315	0.0196649	1.96782e-05
Muller_E	3546828	0.980608	0.0193721	1.96022e-05
Muller_E	3557059	0.980751	0.0192295	1.95478e-05
Muller_E	3566467	0.980883	0.0190977	1.94878e-05
Muller_E	3572057	0.980962	0.019019	1.94477e-05
Muller_E	3572168	0.980963	0.0190175	1.94469e-05
Muller_E	3579272	0.981063	0.0189172	1.93911e-05
Muller_E	3579502	0.981067	0.0189139	1.93892e-05
Muller_E	3582419	0.981108	0.0188726	1.93647e-05
Muller_E	3590131	0.981218	0.0187631	1.92956e-05
Muller_E	3605233	0.981434	0.0185473	1.91429e-05
Muller_E	3610748	0.981513	0.0184681	1.90814e-05
Muller_E	3611776	0.981528	0.0184533	1.90697e-05
Muller_E	3615071	0.981575	0.0184058	1.90312e-05
Muller_E	3617701	0.981613	0.0183678	1.89997e-05
Muller_E	3617818	0.981615	0.0183662	1.89983e-05
Muller_E	3617948	0.981617	0.0183643	1.89967e-05
Muller_E	3623404	0.981696	0.0182853	1.89291e-05
Muller_E	3630035	0.981792	0.0181891	1.88431e-05
Muller_E	3631532	0.981814	0.0181673	1.88231e-05
Muller_E	3634067	0.981851	0.0181304	1.87887e-05
Muller_E	3642157	0.981969	0.0180123	1.86751e-05
Muller_E	3643438	0.981988	0.0179935	1.86565e-05
Muller_E	3645674	0.982021	0.0179608	1.86237e-05
Muller_E	3652519	0.982121	0.0178602	1.85206e-05
Muller_E	3655257	0.982162	0.0178199	1.84781e-05
Muller_E	3657953	0.982201	0.0177802	1.84356e-05
Muller_E	3660200	0.982235	0.017747	1.83997e-05
Muller_E	3665461	0.982313	0.0176692	1.83139e-05
Muller_E	3670065	0.982381	0.0176009	1.82367e-05
Muller_E	3757777	0.983715	0.0162684	1.64307e-05
Muller_E	3766114	0.983845	0.0161386	1.62282e-05
Muller_E	3770199	0.983909	0.0160748	1.61272e-05
Muller_E	3771242	0.983925	0.0160585	1.61012e-05
Muller_E	3775369	0.98399	0.0159939	1.59977e-05
Muller_E	3781958	0.984094	0.0158904	1.58301e-05
Muller_E	3788305	0.984194	0.0157905	1.56658e-05
Muller_E	3788531	0.984197	0.0157869	1.56599e-05
Muller_E	3788717	0.9842	0.015784	1.5655e-05
Muller_E	3791492	0.984244	0.0157402	1.55823e-05
Muller_E	3791929	0.984251	0.0157333	1.55708e-05
Muller_E	3794089	0.984285	0.0156991	1.55138e-05
Muller_E	3798034	0.984348	0.0156366	1.54088e-05
Muller_E	3805877	0.984473	0.0155121	1.51972e-05
Muller_E	3808116	0.984508	0.0154764	1.51361e-05
Muller_E	3837593	0.984982	0.0150035	1.43031e-05
Muller_E	3889492	0.985833	0.0141542	1.27202e-05
Muller_E	3892070	0.985876	0.0141114	1.2638e-05
Muller_E	3892768	0.985888	0.0140998	1.26158e-05
Muller_E	3893846	0.985905	0.014082	1.25813e-05
Muller_E	3895236	0.985929	0.0140589	1.25368e-05
Muller_E	3896701	0.985953	0.0140345	1.24898e-05
Muller_E	3964144	0.987095	0.0128952	1.02318e-05
Muller_E	3964249	0.987096	0.0128934	1.02282e-05
Muller_E	3964701	0.987104	0.0128856	1.02125e-05
Muller_E	3965335	0.987115	0.0128748	1.01905e-05
Muller_E	3965537	0.987119	0.0128713	1.01835e-05
Muller_E	3971184	0.987216	0.0127742	9.98692e-06
Muller_E	4005791	0.987818	0.0121737	8.76303e-06
Muller_E	4007537	0.987848	0.0121431	8.7005e-06
Muller_E	4008073	0.987858	0.0121337	8.68129e-06
Muller_E	4008732	0.987869	0.0121222	8.65767e-06
Muller_E	4009275	0.987879	0.0121127	8.63819e-06
Muller_E	4009794	0.987888	0.0121036	8.61957e-06
Muller_E	4010462	0.9879	0.0120919	8.5956e-06
Muller_E	4011246	0.987913	0.0120781	8.56745e-06
Muller_E	4011350	0.987915	0.0120763	8.56372e-06
Muller_E	4011743	0.987922	0.0120694	8.5496e-06
Muller_E	4012926	0.987943	0.0120487	8.50709e-06
Muller_E	4015010	0.987979	0.0120121	8.43214e-06
Muller_E	4015956	0.987996	0.0119955	8.39808e-06
Muller_E	4016731	0.98801	0.0119818	8.37017e-06
Muller_E	4017133	0.988017	0.0119748	8.35569e-06
Muller_E	4017640	0.988026	0.0119659	8.33741e-06
Muller_E	4021078	0.988086	0.0119053	8.21339e-06
Muller_E	4021876	0.988101	0.0118913	8.18457e-06
Muller_E	4022513	0.988112	0.0118801	8.16155e-06
Muller_E	4022928	0.988119	0.0118727	8.14655e-06
Muller_E	4024532	0.988147	0.0118445	8.08856e-06
Muller_E	4024639	0.988149	0.0118426	8.08469e-06
Muller_E	4025270	0.98816	0.0118314	8.06186e-06
Muller_E	4027169	0.988194	0.0117979	7.9931e-06
Muller_E	4027437	0.988199	0.0117932	7.9834e-06
Muller_E	4027764	0.988205	0.0117874	7.97155e-06
Muller_E	4029270	0.988231	0.0117608	7.91697e-06
Muller_E	4032202	0.988283	0.0117089	7.81059e-06
Muller_E	4032327	0.988285	0.0117067	7.80605e-06
Muller_E	4033521	0.988307	0.0116856	7.76268e-06
Muller_E	4033797	0.988312	0.0116807	7.75266e-06
Muller_E	4036360	0.988357	0.0116353	7.65948e-06
Muller_E	4037138	0.988371	0.0116215	7.63118e-06
Muller_E	4037610	0.988379	0.0116131	7.614e-06
Muller_E	4040496	0.988431	0.0115618	7.50891e-06
Muller_E	4040949	0.988439	0.0115538	7.4924e-06
Muller_E	4045900	0.988527	0.0114657	7.31179e-06
Muller_E	4046078	0.98853	0.0114625	7.30529e-06
Muller_E	4046843	0.988544	0.0114489	7.27735e-06
Muller_E	4047581	0.988557	0.0114358	7.25038e-06
Muller_E	4048275	0.988569	0.0114234	7.22502e-06
Muller_E	4048700	0.988577	0.0114158	7.20949e-06
Muller_E	4053592	0.988664	0.0113285	7.03053e-06
Muller_E	4056223	0.988712	0.0112814	6.93415e-06
Muller_E	4056545	0.988717	0.0112757	6.92235e-06
Muller_E	4056951	0.988725	0.0112684	6.90747e-06
Muller_E	4057601	0.988736	0.0112568	6.88365e-06
Muller_E	4057720	0.988738	0.0112546	6.87928e-06
Muller_E	4058043	0.988744	0.0112489	6.86744e-06
Muller_E	4058149	0.988746	0.011247	6.86356e-06
Muller_E	4058704	0.988756	0.011237	6.8432e-06
Muller_E	4059417	0.988769	0.0112242	6.81705e-06
Muller_E	4059965	0.988779	0.0112144	6.79695e-06
Muller_E	4061381	0.988804	0.011189	6.74499e-06
Muller_E	4061745	0.988811	0.0111825	6.73163e-06
Muller_E	4062020	0.988816	0.0111776	6.72154e-06
Muller_E	4062507	0.988824	0.0111688	6.70366e-06
Muller_E	4062941	0.988832	0.011161	6.68773e-06
Muller_E	4064035	0.988852	0.0111414	6.64755e-06
Muller_E	4064680	0.988864	0.0111298	6.62386e-06
Muller_E	4064829	0.988866	0.0111272	6.61839e-06
Muller_E	4065474	0.988878	0.0111156	6.59469e-06
Muller_E	4065574	0.98888	0.0111138	6.59102e-06
Muller_E	4066028	0.988888	0.0111056	6.57434e-06
Muller_E	4067541	0.988915	0.0110784	6.51873e-06
Muller_E	4067967	0.988923	0.0110707	6.50307e-06
Muller_E	4068535	0.988933	0.0110605	6.48219e-06
Muller_E	4069245	0.988946	0.0110478	6.45608e-06
Muller_E	4070105	0.988961	0.0110323	6.42445e-06
Muller_E	4071088	0.988979	0.0110146	6.38829e-06
Muller_E	4071641	0.988989	0.0110046	6.36794e-06
Muller_E	4072126	0.988998	0.0109959	6.35009e-06
Muller_E	4072768	0.989009	0.0109843	6.32647e-06
Muller_E	4072973	0.989013	0.0109806	6.31892e-06
Muller_E	4073359	0.98902	0.0109736	6.30471e-06
Muller_E	4075135	0.989052	0.0109416	6.23933e-06
Muller_E	4075254	0.989054	0.0109395	6.23495e-06
Muller_E	4076053	0.989069	0.010925	6.20552e-06
Muller_E	4077160	0.989089	0.0109051	6.16475e-06
Muller_E	4078165	0.989107	0.0108869	6.12773e-06
Muller_E	4078690	0.989116	0.0108774	6.10838e-06
Muller_E	4078900	0.98912	0.0108736	6.10064e-06
Muller_E	4079010	0.989122	0.0108716	6.09659e-06
Muller_E	4079297	0.989127	0.0108664	6.08602e-06
Muller_E	4081728	0.989172	0.0108225	5.99641e-06
Muller_E	4082079	0.989178	0.0108161	5.98347e-06
Muller_E	4083988	0.989213	0.0107816	5.91308e-06
Muller_E	4085715	0.989244	0.0107503	5.84938e-06
Muller_E	4089306	0.989309	0.0106851	5.71689e-06
Muller_E	4089803	0.989318	0.0106761	5.69855e-06
Muller_E	4092778	0.989372	0.010622	5.58874e-06
Muller_E	4092894	0.989375	0.0106199	5.58445e-06
Muller_E	4098915	0.989484	0.0105103	5.36212e-06
Muller_E	4109650	0.989681	0.0103141	4.96555e-06
Muller_E	4113217	0.989746	0.0102487	4.83378e-06
Muller_E	4113538	0.989752	0.0102428	4.82192e-06
Muller_E	4114422	0.989769	0.0102266	4.78926e-06
Muller_E	4114803	0.989776	0.0102196	4.77519e-06
Muller_E	4115118	0.989781	0.0102138	4.76355e-06
Muller_E	4116856	0.989813	0.0101818	4.69935e-06
Muller_E	4117074	0.989817	0.0101778	4.6913e-06
Muller_E	4117473	0.989825	0.0101705	4.67656e-06
Muller_E	4118970	0.989852	0.010143	4.62127e-06
Muller_E	4121851	0.989906	0.0100899	4.51488e-06
Muller_E	4122071	0.98991	0.0100859	4.50676e-06
Muller_E	4122393	0.989916	0.01008	4.49487e-06
Muller_E	4122818	0.989923	0.0100721	4.47918e-06
Muller_E	4124318	0.989951	0.0100445	4.4238e-06
Muller_E	4124418	0.989953	0.0100426	4.42011e-06
Muller_E	4126492	0.989991	0.0100044	4.34356e-06
Muller_E	4127527	0.99001	0.00998527	4.30536e-06
Muller_E	4127720	0.990014	0.00998171	4.29824e-06
Muller_E	4128101	0.990021	0.00997468	4.28418e-06
Muller_E	4128234	0.990024	0.00997222	4.27927e-06
Muller_E	4130334	0.990062	0.00993342	4.20179e-06
Muller_E	4132221	0.990097	0.00989852	4.13218e-06
Muller_E	4134741	0.990144	0.00985187	4.03926e-06
Muller_E	4134982	0.990149	0.00984741	4.03038e-06
Muller_E	4136547	0.990178	0.00981841	3.97269e-06
Muller_E	4140224	0.990246	0.0097502	3.83722e-06
Muller_E	4140902	0.990259	0.00973761	3.81225e-06
Muller_E	4141485	0.990269	0.00972678	3.79078e-06
Muller_E	4143836	0.990313	0.00968308	3.70423e-06
Muller_E	4144350	0.990323	0.00967353	3.68531e-06
Muller_E	4144848	0.990332	0.00966426	3.66699e-06
Muller_E	4150850	0.990444	0.00955246	3.4463e-06
Muller_E	4151927	0.990464	0.00953237	3.40673e-06
Muller_E	4154621	0.990515	0.00948207	3.30781e-06
Muller_E	4159745	0.990611	0.00938625	3.11987e-06
Muller_E	4159958	0.990615	0.00938226	3.11207e-06
Muller_E	4160923	0.990633	0.00936419	3.07671e-06
Muller_E	4161787	0.990649	0.009348	3.04506e-06
Muller_E	4162162	0.990656	0.00934097	3.03133e-06
Muller_E	4163984	0.99069	0.00930681	2.96462e-06
Muller_E	4164218	0.990695	0.00930242	2.95606e-06
Muller_E	4164859	0.990707	0.00929039	2.93261e-06
Muller_E	4165033	0.99071	0.00928713	2.92624e-06
Muller_E	4165157	0.990712	0.0092848	2.9217e-06
Muller_E	4165383	0.990717	0.00928056	2.91344e-06
Muller_E	4165808	0.990725	0.00927258	2.89789e-06
Muller_E	4165958	0.990727	0.00926977	2.8924e-06
Muller_E	4166062	0.990729	0.00926782	2.8886e-06
Muller_E	4166243	0.990733	0.00926442	2.88198e-06
Muller_E	4166628	0.99074	0.00925719	2.8679e-06
Muller_E	4168755	0.99078	0.00921723	2.79016e-06
Muller_E	4172546	0.990851	0.00914592	2.65175e-06
Muller_E	4172827	0.990857	0.00914063	2.6415e-06
Muller_E	4173860	0.990876	0.00912118	2.60383e-06
Muller_E	4176100	0.990919	0.00907896	2.52219e-06
Muller_E	4176326	0.990923	0.0090747	2.51395e-06
Muller_E	4176826	0.994944	0.00505563	2.77866e-07
Muller_E	4177022	0.990934	0.00906365	2.49654e-06
Muller_E	4178339	0.990945	0.00905269	2.50186e-06
Muller_E	4178608	0.990947	0.00905046	2.50294e-06
Muller_E	4179326	0.990953	0.00904448	2.50578e-06
Muller_E	4180712	0.990965	0.00903293	2.51119e-06
Muller_E	4180966	0.990967	0.00903081	2.51217e-06
Muller_E	4184926	0.991	0.00899772	2.52694e-06
Muller_E	4185178	0.991002	0.00899561	2.52785e-06
Muller_E	4185319	0.991003	0.00899443	2.52835e-06
Muller_E	4185532	0.991005	0.00899265	2.52912e-06
Muller_E	4187632	0.991022	0.00897504	2.5365e-06
Muller_E	4188227	0.991027	0.00897004	2.53855e-06
Muller_E	4188670	0.991031	0.00896632	2.54006e-06
Muller_E	4192621	0.991064	0.00893307	2.55301e-06
Muller_E	4193546	0.991072	0.00892526	2.55592e-06
Muller_E	4194407	0.991079	0.00891799	2.55857e-06
Muller_E	4195783	0.991091	0.00890636	2.56273e-06
Muller_E	4196010	0.991093	0.00890444	2.56341e-06
Muller_E	4197440	0.991105	0.00889234	2.56759e-06
Muller_E	4198223	0.991112	0.0088857	2.56984e-06
Muller_E	4199021	0.991118	0.00887893	2.57209e-06
Muller_E	4199203	0.99112	0.00887739	2.57259e-06
Muller_E	4199424	0.991122	0.00887552	2.57321e-06
Muller_E	4199639	0.991124	0.00887369	2.5738e-06
Muller_E	4199983	0.991127	0.00887077	2.57475e-06
Muller_E	4203293	0.991155	0.00884262	2.58351e-06
Muller_E	4205814	0.991176	0.00882112	2.58977e-06
Muller_E	4206134	0.991179	0.00881839	2.59054e-06
Muller_E	4207588	0.991191	0.00880597	2.59396e-06
Muller_E	4210680	0.991218	0.00877949	2.60083e-06
Muller_E	4210928	0.99122	0.00877736	2.60136e-06
Muller_E	4211312	0.991223	0.00877407	2.60217e-06
Muller_E	4211755	0.991227	0.00877027	2.6031e-06
Muller_E	4213444	0.991242	0.00875576	2.60652e-06
Muller_E	4216650	0.991269	0.00872815	2.61259e-06
Muller_E	4217058	0.991273	0.00872463	2.61333e-06
Muller_E	4217453	0.991276	0.00872123	2.61403e-06
Muller_E	4217565	0.991277	0.00872026	2.61422e-06
Muller_E	4217669	0.991278	0.00871936	2.6144e-06
Muller_E	4217825	0.991279	0.00871802	2.61468e-06
Muller_E	4218923	0.991289	0.00870853	2.61655e-06
Muller_E	4225215	0.991343	0.00865401	2.62603e-06
Muller_E	4232774	0.991409	0.00858809	2.63456e-06
Muller_E	4235298	0.991431	0.00856598	2.63673e-06
Muller_E	4245993	0.991526	0.00847172	2.64215e-06
Muller_E	4252835	0.991586	0.00841095	2.64247e-06
Muller_E	4253725	0.991594	0.00840302	2.64234e-06
Muller_E	4256197	0.991616	0.00838095	2.64175e-06
Muller_E	4261234	0.991662	0.00833584	2.63958e-06
Muller_E	4262892	0.991676	0.00832094	2.63858e-06
Muller_E	4263238	0.99168	0.00831783	2.63836e-06
Muller_E	4263588	0.991683	0.00831469	2.63813e-06
Muller_E	4264621	0.991692	0.00830539	2.6374e-06
Muller_E	4266950	0.991713	0.0082844	2.63556e-06
Muller_E	4267529	0.991718	0.00827918	2.63507e-06
Muller_E	4276223	0.991797	0.0082004	2.62559e-06
Muller_E	4311688	0.992125	0.00787286	2.54936e-06
Muller_E	4311965	0.992127	0.00787026	2.54854e-06
Muller_E	4312254	0.99213	0.00786755	2.54768e-06
Muller_E	4312510	0.992132	0.00786515	2.54691e-06
Muller_E	4334492	0.992341	0.00765697	2.47016e-06
Muller_E	4352032	0.99251	0.0074881	2.39418e-06
Muller_E	4353438	0.992523	0.00747446	2.38755e-06
Muller_E	4356857	0.992556	0.00744122	2.37108e-06
Muller_E	4360054	0.992588	0.00741005	2.35526e-06
Muller_E	4374783	0.992732	0.00726541	2.27726e-06
Muller_E	4374946	0.992734	0.0072638	2.27635e-06
Muller_E	4381350	0.992797	0.00720037	2.23983e-06
Muller_E	4558836	0.994687	0.005312	7.43212e-07
Muller_E	4562012	0.994723	0.00527591	7.10224e-07
Muller_E	4564083	0.994747	0.00525233	6.88641e-07
Muller_E	4564194	0.994748	0.00525107	6.87482e-07
Muller_E	4568491	0.994797	0.00520204	6.42514e-07
Muller_E	4569115	0.994804	0.0051949	6.35965e-07
Muller_E	4569749	0.994812	0.00518765	6.29305e-07
Muller_E	4570340	0.994818	0.00518089	6.23093e-07
Muller_E	4571890	0.994836	0.00516315	6.06779e-07
Muller_E	4572624	0.994845	0.00515474	5.99044e-07
Muller_E	4573491	0.994855	0.0051448	5.89899e-07
Muller_E	4573809	0.994858	0.00514115	5.86542e-07
Muller_E	4577361	0.994899	0.00510036	5.4897e-07
Muller_E	4577462	0.9949	0.0050992	5.479e-07
Muller_E	4578308	0.99491	0.00508946	5.38929e-07
Muller_E	4580664	0.994937	0.00506233	5.13904e-07
Muller_E	4580954	0.994941	0.00505899	5.10819e-07
Muller_E	4581769	0.99495	0.00504959	5.02146e-07
Muller_E	4581909	0.994952	0.00504798	5.00655e-07
Muller_E	4583019	0.994964	0.00503517	4.88829e-07
Muller_E	4583393	0.994969	0.00503085	4.84842e-07
Muller_E	4583516	0.99497	0.00502943	4.8353e-07
Muller_E	4584473	0.994981	0.00501837	4.73319e-07
Muller_E	4589180	0.997338	0.00266195	2.96962e-08
Muller_E	4590247	0.99504	0.00495942	4.27383e-07
Muller_E	4591539	0.995046	0.00495401	4.32685e-07
Muller_E	4593253	0.995053	0.0049468	4.3963e-07
Muller_E	4593508	0.995054	0.00494572	4.40655e-07
Muller_E	4593974	0.995056	0.00494376	4.42521e-07
Muller_E	4595111	0.995061	0.00493895	4.47044e-07
Muller_E	4595303	0.995061	0.00493814	4.47803e-07
Muller_E	4597548	0.995071	0.00492863	4.56587e-07
Muller_E	4597833	0.995072	0.00492742	4.5769e-07
Muller_E	4600306	0.995083	0.00491688	4.67141e-07
Muller_E	4607273	0.995113	0.00488694	4.92644e-07
Muller_E	4607398	0.995113	0.0048864	4.93086e-07
Muller_E	4610441	0.995126	0.0048732	5.03695e-07
Muller_E	4611041	0.995129	0.00487059	5.0575e-07
Muller_E	4611562	0.995131	0.00486832	5.07524e-07
Muller_E	4611697	0.995132	0.00486773	5.07983e-07
Muller_E	4612447	0.995135	0.00486446	5.10518e-07
Muller_E	4612733	0.995136	0.00486321	5.11479e-07
Muller_E	4612927	0.995137	0.00486236	5.1213e-07
Muller_E	4613148	0.995138	0.0048614	5.1287e-07
Muller_E	4614502	0.995144	0.00485547	5.17367e-07
Muller_E	4615888	0.99515	0.00484939	5.21906e-07
Muller_E	4616173	0.995151	0.00484814	5.22831e-07
Muller_E	4616508	0.995153	0.00484666	5.23916e-07
Muller_E	4616663	0.995153	0.00484598	5.24416e-07
Muller_E	4618190	0.99516	0.00483925	5.29304e-07
Muller_E	4619781	0.995167	0.00483222	5.34313e-07
Muller_E	4622166	0.995178	0.00482165	5.41665e-07
Muller_E	4626314	0.995196	0.00480314	5.54004e-07
Muller_E	4626864	0.995199	0.00480068	5.55598e-07
Muller_E	4627368	0.995201	0.00479842	5.57049e-07
Muller_E	4627488	0.995202	0.00479788	5.57394e-07
Muller_E	4633961	0.995231	0.00476867	5.75272e-07
Muller_E	4635834	0.995239	0.00476016	5.80191e-07
Muller_E	4636452	0.995242	0.00475734	5.81789e-07
Muller_E	4637295	0.995246	0.0047535	5.83949e-07
Muller_E	4640891	0.995262	0.00473703	5.92906e-07
Muller_E	4645727	0.995285	0.00471472	6.04298e-07
Muller_E	4646376	0.995288	0.00471171	6.0577e-07
Muller_E	4646798	0.99529	0.00470975	6.0672e-07
Muller_E	4653320	0.99532	0.00467932	6.20687e-07
Muller_E	4656520	0.995335	0.00466426	6.27051e-07
Muller_E	4672665	0.995412	0.00458703	6.54328e-07
Muller_E	4674140	0.995419	0.00457987	6.56423e-07
Muller_E	4675745	0.995427	0.00457206	6.58629e-07
Muller_E	4676485	0.995431	0.00456845	6.59619e-07
Muller_E	4677110	0.995434	0.0045654	6.60443e-07
Muller_E	4677655	0.995437	0.00456274	6.61152e-07
Muller_E	4678986	0.995443	0.00455623	6.62846e-07
Muller_E	4680223	0.995449	0.00455016	6.64373e-07
Muller_E	4682403	0.99546	0.00453944	6.66953e-07
Muller_E	4682621	0.995461	0.00453837	6.67203e-07
Muller_E	4684270	0.995469	0.00453023	6.6905e-07
Muller_E	4685491	0.995475	0.00452419	6.70366e-07
Muller_E	4686019	0.995478	0.00452158	6.70922e-07
Muller_E	4687101	0.995483	0.00451621	6.72035e-07
Muller_E	4689628	0.995496	0.00450364	6.74499e-07
Muller_E	4690052	0.995498	0.00450153	6.74894e-07
Muller_E	4690344	0.995499	0.00450007	6.75163e-07
Muller_E	4690905	0.995502	0.00449727	6.75674e-07
Muller_E	4691125	0.995503	0.00449617	6.75871e-07
Muller_E	4691712	0.995506	0.00449324	6.76391e-07
Muller_E	4691999	0.995508	0.0044918	6.76642e-07
Muller_E	4692111	0.995508	0.00449124	6.76739e-07
Muller_E	4693234	0.995514	0.00448562	6.77693e-07
Muller_E	4693620	0.995516	0.00448368	6.78013e-07
Muller_E	4693753	0.995516	0.00448302	6.78122e-07
Muller_E	4694021	0.995518	0.00448167	6.7834e-07
Muller_E	4694592	0.995521	0.00447881	6.78798e-07
Muller_E	4696429	0.99553	0.00446956	6.80208e-07
Muller_E	4696792	0.995532	0.00446773	6.80475e-07
Muller_E	4699402	0.995545	0.00445455	6.82283e-07
Muller_E	4700957	0.995553	0.00444667	6.83268e-07
Muller_E	4702606	0.995561	0.00443829	6.84237e-07
Muller_E	4708142	0.995589	0.00441	6.86926e-07
Muller_E	4712097	0.99561	0.00438964	6.88319e-07
Muller_E	4713898	0.995619	0.00438033	6.88809e-07
Muller_E	4714194	0.995621	0.0043788	6.8888e-07
Muller_E	4717094	0.995636	0.00436374	6.89456e-07
Muller_E	4717794	0.995639	0.0043601	6.89561e-07
Muller_E	4720564	0.995654	0.00434564	6.89841e-07
Muller_E	4722390	0.995663	0.00433607	6.89912e-07
Muller_E	4727534	0.99569	0.00430898	6.89624e-07
Muller_E	4730688	0.995707	0.00429226	6.89095e-07
Muller_E	4731377	0.995711	0.0042886	6.88944e-07
Muller_E	4732944	0.995719	0.00428026	6.88554e-07
Muller_E	4738342	0.995748	0.00425137	6.86714e-07
Muller_E	4739398	0.995754	0.00424569	6.86264e-07
Muller_E	4742492	0.99577	0.004229	6.84779e-07
Muller_E	4745718	0.995788	0.00421151	6.82967e-07
Muller_E	4746457	0.995792	0.0042075	6.82515e-07
Muller_E	4748015	0.9958	0.00419901	6.81514e-07
Muller_E	4748352	0.995802	0.00419718	6.8129e-07
Muller_E	4748630	0.995804	0.00419566	6.81102e-07
Muller_E	4751071	0.995817	0.00418232	6.79372e-07
Muller_E	4751685	0.99582	0.00417895	6.78913e-07
Muller_E	4751817	0.995821	0.00417823	6.78813e-07
Muller_E	4752607	0.995825	0.0041739	6.78206e-07
Muller_E	4752773	0.995826	0.00417299	6.78077e-07
Muller_E	4753826	0.995832	0.0041672	6.77239e-07
Muller_E	4754671	0.995837	0.00416255	6.76546e-07
Muller_E	4756619	0.995848	0.00415181	6.74881e-07
Muller_E	4759191	0.995862	0.00413759	6.72537e-07
Muller_E	4761262	0.995873	0.0041261	6.7053e-07
Muller_E	4761866	0.995877	0.00412274	6.69925e-07
Muller_E	4761985	0.995877	0.00412208	6.69805e-07
Muller_E	4763545	0.995886	0.00411339	6.68196e-07
Muller_E	4764509	0.995891	0.00410801	6.67172e-07
Muller_E	4765595	0.995897	0.00410194	6.65991e-07
Muller_E	4766291	0.995901	0.00409805	6.6522e-07
Muller_E	4766501	0.995902	0.00409687	6.64984e-07
Muller_E	4767354	0.995907	0.00409209	6.64018e-07
Muller_E	4769627	0.99592	0.00407933	6.61357e-07
Muller_E	4769950	0.995922	0.00407751	6.60969e-07
Muller_E	4772288	0.995935	0.00406433	6.58084e-07
Muller_E	4773763	0.995943	0.004056	6.56196e-07
