chrom	position	2,0	1,1	0,2
Muller_E	62882	0.0196605	0.130704	0.849636
Muller_E	267432	0.0174904	0.127264	0.855246
Muller_E	441230	0.0157335	0.123944	0.860323
Muller_E	511157	0.0150493	0.122505	0.862446
Muller_E	557879	0.0145995	0.12151	0.863891
Muller_E	581000	0.0143791	0.121007	0.864614
Muller_E	709108	0.0131839	0.118105	0.868711
Muller_E	768129	0.0126483	0.1167	0.870652
Muller_E	785241	0.0124948	0.116284	0.871221
Muller_E	787322	0.0124762	0.116234	0.87129
Muller_E	787424	0.0124753	0.116231	0.871294
Muller_E	788173	0.0124686	0.116213	0.871319
Muller_E	788750	0.0124634	0.116199	0.871338
Muller_E	788860	0.0124625	0.116196	0.871342
Muller_E	791823	0.012436	0.116124	0.871441
Muller_E	802257	0.012343	0.115868	0.87179
Muller_E	893794	0.0115397	0.113563	0.874897
Muller_E	894300	0.0115353	0.11355	0.874914
Muller_E	896281	0.0115182	0.113499	0.874982
Muller_E	897287	0.0115095	0.113473	0.875017
Muller_E	897987	0.0115035	0.113455	0.875041
Muller_E	901015	0.0114773	0.113377	0.875145
Muller_E	901718	0.0114713	0.113359	0.87517
Muller_E	923408	0.0112848	0.112796	0.87592
Muller_E	923675	0.0112825	0.112789	0.875929
Muller_E	924320	0.011277	0.112772	0.875951
Muller_E	927795	0.0112472	0.112681	0.876072
Muller_E	948021	0.0110748	0.112149	0.876776
Muller_E	948230	0.011073	0.112144	0.876783
Muller_E	958531	0.0109856	0.111871	0.877144
Muller_E	967701	0.010908	0.111627	0.877465
Muller_E	969142	0.0108959	0.111588	0.877516
Muller_E	1033237	0.0103606	0.109852	0.879788
Muller_E	1120573	0.00964982	0.107402	0.882948
Muller_E	1123171	0.009629	0.107328	0.883043
Muller_E	1146845	0.0094402	0.106646	0.883914
Muller_E	1148492	0.00942712	0.106598	0.883975
Muller_E	1168315	0.00927035	0.106022	0.884708
Muller_E	1213395	0.00891797	0.104692	0.88639
Muller_E	1262309	0.00854217	0.10322	0.888238
Muller_E	1275111	0.00844495	0.102829	0.888726
Muller_E	1275707	0.00844043	0.102811	0.888749
Muller_E	1314313	0.00815016	0.10162	0.890229
Muller_E	1318297	0.00812045	0.101496	0.890383
Muller_E	1358440	0.00782363	0.100236	0.89194
Muller_E	1358616	0.00782234	0.10023	0.891947
Muller_E	1378824	0.00767469	0.0995881	0.892737
Muller_E	1480336	0.00695101	0.0962807	0.896768
Muller_E	1489232	0.00688902	0.0959845	0.897127
Muller_E	1645912	0.00583569	0.0905964	0.903568
Muller_E	1673398	0.00565845	0.0896178	0.904724
Muller_E	1718642	0.00537165	0.0879849	0.906643
Muller_E	1746815	0.00519619	0.0869544	0.907849
Muller_E	1763447	0.00509374	0.086341	0.908565
Muller_E	1765039	0.00508398	0.0862821	0.908634
Muller_E	1765159	0.00508324	0.0862777	0.908639
Muller_E	1765369	0.00508195	0.0862699	0.908648
Muller_E	1771226	0.00504611	0.0860529	0.908901
Muller_E	1799036	0.00487734	0.0850161	0.910107
Muller_E	1802542	0.00485623	0.0848846	0.910259
Muller_E	1802678	0.00485541	0.0848795	0.910265
Muller_E	1803039	0.00485324	0.084866	0.910281
Muller_E	1803347	0.00485139	0.0848544	0.910294
Muller_E	1805518	0.00483834	0.0847729	0.910389
Muller_E	1812938	0.00479385	0.0844939	0.910712
Muller_E	1813040	0.00479324	0.08449	0.910717
Muller_E	1815234	0.00478012	0.0844074	0.910812
Muller_E	1815907	0.0047761	0.084382	0.910842
Muller_E	1816383	0.00477326	0.0843641	0.910863
Muller_E	1831501	0.00468331	0.0837926	0.911524
Muller_E	1850978	0.00456845	0.0830517	0.91238
Muller_E	1851905	0.00456301	0.0830164	0.912421
Muller_E	1852166	0.00456148	0.0830064	0.912432
Muller_E	1857635	0.00452946	0.0827974	0.912673
Muller_E	1861157	0.00450889	0.0826625	0.912829
Muller_E	1861336	0.00450785	0.0826557	0.912836
Muller_E	1861880	0.00450467	0.0826348	0.91286
Muller_E	1866595	0.0044772	0.082454	0.913069
Muller_E	1870209	0.00445619	0.0823152	0.913229
Muller_E	1871973	0.00444595	0.0822474	0.913307
Muller_E	1880064	0.00439911	0.0819359	0.913665
Muller_E	1889333	0.00434569	0.0815779	0.914076
Muller_E	1891195	0.00433499	0.0815058	0.914159
Muller_E	1894320	0.00431706	0.0813848	0.914298
Muller_E	1900363	0.00428247	0.0811503	0.914567
Muller_E	1904375	0.00425957	0.0809944	0.914746
Muller_E	1915469	0.0041965	0.0805621	0.915241
Muller_E	1927060	0.00413102	0.0801087	0.91576
Muller_E	1932459	0.00410066	0.0798968	0.916003
Muller_E	1944351	0.0040341	0.0794289	0.916537
Muller_E	1946702	0.004021	0.0793361	0.916643
Muller_E	1961660	0.00393803	0.0787442	0.917318
Muller_E	1975567	0.00386151	0.0781912	0.917947
Muller_E	2011856	0.0036647	0.0767357	0.9196
Muller_E	2013122	0.00365791	0.0766846	0.919657
Muller_E	2044597	0.00349069	0.075407	0.921102
Muller_E	2048236	0.00347156	0.0752584	0.92127
Muller_E	2048434	0.00347052	0.0752504	0.921279
Muller_E	2086567	0.00327259	0.0736822	0.923045
Muller_E	2103366	0.00318686	0.0729851	0.923828
Muller_E	2117584	0.003115	0.0723919	0.924493
Muller_E	2126123	0.00307216	0.0720344	0.924893
Muller_E	2135792	0.00302392	0.0716283	0.925348
Muller_E	2140907	0.00299853	0.0714129	0.925589
Muller_E	2141169	0.00299723	0.0714019	0.925601
Muller_E	2142715	0.00298957	0.0713367	0.925674
Muller_E	2145389	0.00297635	0.0712239	0.9258
Muller_E	2146953	0.00296862	0.0711579	0.925873
Muller_E	2147057	0.00296811	0.0711535	0.925878
Muller_E	2201852	0.00270243	0.068819	0.928479
Muller_E	2204792	0.00268845	0.0686926	0.928619
Muller_E	2219543	0.00261872	0.0680564	0.929325
Muller_E	2220290	0.00261521	0.0680241	0.929361
Muller_E	2241628	0.00251565	0.0670981	0.930386
Muller_E	2243471	0.00250712	0.0670179	0.930475
Muller_E	2531559	0.00131179	0.0538783	0.94481
Muller_E	2693610	0.000762813	0.0459625	0.953275
Muller_E	2696554	0.000753682	0.0458151	0.953431
Muller_E	2706179	0.00072404	0.0453324	0.953944
Muller_E	2713009	0.000703203	0.0449891	0.954308
Muller_E	2716202	0.000693517	0.0448284	0.954478
Muller_E	2721440	0.000677707	0.0445644	0.954758
Muller_E	2735475	0.000635818	0.0438549	0.955509
Muller_E	2763120	0.000555339	0.0424491	0.956996
Muller_E	2777976	0.000513207	0.0416889	0.957798
Muller_E	2779619	0.000508596	0.0416046	0.957887
Muller_E	2787347	0.000487033	0.0412077	0.958305
Muller_E	2788916	0.000482682	0.041127	0.95839
Muller_E	2795398	0.000464796	0.0407932	0.958742
Muller_E	2798296	0.000456848	0.0406438	0.958899
Muller_E	2799305	0.000454087	0.0405918	0.958954
Muller_E	2800245	0.000451519	0.0405433	0.959005
Muller_E	2800507	0.000450804	0.0405297	0.959019
Muller_E	2800780	0.000450059	0.0405157	0.959034
Muller_E	2800932	0.000449644	0.0405078	0.959043
Muller_E	2801158	0.000449027	0.0404961	0.959055
Muller_E	2805736	0.000436579	0.0402596	0.959304
Muller_E	2807233	0.000432525	0.0401822	0.959385
Muller_E	2807795	0.000431005	0.0401532	0.959416
Muller_E	2808363	0.00042947	0.0401238	0.959447
Muller_E	2809031	0.000427666	0.0400892	0.959483
Muller_E	2809272	0.000427015	0.0400768	0.959496
Muller_E	2809909	0.000425297	0.0400438	0.959531
Muller_E	2811470	0.000421093	0.039963	0.959616
Muller_E	2811776	0.00042027	0.0399472	0.959633
Muller_E	2812117	0.000419353	0.0399295	0.959651
Muller_E	2815676	0.000409808	0.0397451	0.959845
Muller_E	2816259	0.000408249	0.0397149	0.959877
Muller_E	2817070	0.000406082	0.0396728	0.959921
Muller_E	2817616	0.000404624	0.0396445	0.959951
Muller_E	2819402	0.000399864	0.0395518	0.960048
Muller_E	2820166	0.000397831	0.0395122	0.96009
Muller_E	2820386	0.000397246	0.0395008	0.960102
Muller_E	2820775	0.000396212	0.0394806	0.960123
Muller_E	2821135	0.000395256	0.0394619	0.960143
Muller_E	2821440	0.000394446	0.039446	0.96016
Muller_E	2826939	0.0003799	0.0391603	0.96046
Muller_E	2831172	0.000368777	0.03894	0.960691
Muller_E	2831515	0.000367879	0.0389221	0.96071
Muller_E	2832336	0.00036573	0.0388794	0.960755
Muller_E	2833070	0.000363811	0.0388411	0.960795
Muller_E	2850717	0.000318251	0.0379194	0.961762
Muller_E	2853215	0.000311892	0.0377885	0.9619
Muller_E	2856496	0.000303574	0.0376165	0.96208
Muller_E	2856945	0.000302439	0.037593	0.962105
Muller_E	2857481	0.000301084	0.0375648	0.962134
Muller_E	2858163	0.000299363	0.0375291	0.962172
Muller_E	2859754	0.000295353	0.0374456	0.962259
Muller_E	2859987	0.000294766	0.0374333	0.962272
Muller_E	2862604	0.000288192	0.0372959	0.962416
Muller_E	2866488	0.000278481	0.0370917	0.96263
Muller_E	2867267	0.00027654	0.0370507	0.962673
Muller_E	2868557	0.00027333	0.0369828	0.962744
Muller_E	2870085	0.000269536	0.0369024	0.962828
Muller_E	2870623	0.000268202	0.0368741	0.962858
Muller_E	2876155	0.000254546	0.0365825	0.963163
Muller_E	2877151	0.000252099	0.03653	0.963218
Muller_E	2886067	0.000230355	0.036059	0.963711
Muller_E	2886534	0.000229224	0.0360342	0.963737
Muller_E	2887599	0.000226647	0.0359779	0.963795
Muller_E	2887882	0.000225963	0.0359629	0.963811
Muller_E	2888492	0.00022449	0.0359306	0.963845
Muller_E	2888607	0.000224212	0.0359246	0.963851
Muller_E	2890000	0.000220854	0.0358508	0.963928
Muller_E	2890387	0.000219922	0.0358303	0.96395
Muller_E	2890907	0.000218671	0.0358028	0.963979
Muller_E	2894764	0.000209421	0.0355984	0.964192
Muller_E	2899098	0.000199091	0.0353684	0.964432
Muller_E	2901481	0.00019344	0.0352419	0.964565
Muller_E	2901643	0.000193057	0.0352332	0.964574
Muller_E	2902627	0.00019073	0.035181	0.964628
Muller_E	2903432	0.000188829	0.0351382	0.964673
Muller_E	2904998	0.000185138	0.0350549	0.96476
Muller_E	2905994	0.000182795	0.0350019	0.964815
Muller_E	2907134	0.000180118	0.0349413	0.964879
Muller_E	2908511	0.00017689	0.034868	0.964955
Muller_E	2909452	0.000174688	0.0348179	0.965007
Muller_E	2910160	0.000173034	0.0347802	0.965047
Muller_E	2911022	0.000171022	0.0347343	0.965095
Muller_E	2911252	0.000170486	0.034722	0.965107
Muller_E	2911992	1.9674e-05	0.019636	0.980344
Muller_E	2914672	0.000167603	0.0346084	0.965224
Muller_E	2915489	0.00016725	0.0345858	0.965247
Muller_E	2918585	0.000165914	0.0345	0.965334
Muller_E	2919015	0.000165729	0.0344881	0.965346
Muller_E	2919728	0.000165422	0.0344683	0.965366
Muller_E	2919971	0.000165317	0.0344616	0.965373
Muller_E	2921506	0.000164655	0.034419	0.965416
Muller_E	2922564	0.0001642	0.0343896	0.965446
Muller_E	2922707	0.000164138	0.0343856	0.96545
Muller_E	2924226	0.000163485	0.0343435	0.965493
Muller_E	2925108	0.000163105	0.034319	0.965518
Muller_E	2925552	0.000162914	0.0343066	0.96553
Muller_E	2928855	0.000161495	0.0342148	0.965624
Muller_E	2930674	0.000160714	0.0341642	0.965675
Muller_E	2931258	0.000160464	0.0341479	0.965692
Muller_E	2931592	0.00016032	0.0341387	0.965701
Muller_E	2931798	0.000160232	0.0341329	0.965707
Muller_E	2932326	0.000160005	0.0341182	0.965722
Muller_E	2945623	0.00015432	0.0337473	0.966098
Muller_E	2945753	0.000154265	0.0337437	0.966102
Muller_E	2945878	0.000154211	0.0337402	0.966106
Muller_E	2946001	0.000154159	0.0337368	0.966109
Muller_E	2955783	0.000149998	0.0334629	0.966387
Muller_E	2957997	0.000149059	0.0334009	0.96645
Muller_E	2959282	0.000148514	0.0333648	0.966487
Muller_E	2959697	0.000148339	0.0333532	0.966498
Muller_E	2959819	0.000148287	0.0333497	0.966502
Muller_E	2960759	0.000147889	0.0333234	0.966529
Muller_E	2961667	0.000147504	0.0332979	0.966555
Muller_E	2961801	0.000147448	0.0332941	0.966558
Muller_E	2963254	0.000146833	0.0332533	0.9666
Muller_E	2963568	0.0001467	0.0332445	0.966609
Muller_E	2975263	0.000141767	0.0329153	0.966943
Muller_E	2976725	0.000141152	0.0328741	0.966985
Muller_E	2977784	0.000140707	0.0328442	0.967015
Muller_E	2982473	0.000138739	0.0327119	0.967149
Muller_E	2984283	0.000137981	0.0326607	0.967201
Muller_E	2985483	0.000137478	0.0326268	0.967236
Muller_E	2985658	0.000137405	0.0326218	0.967241
Muller_E	2985908	0.0001373	0.0326148	0.967248
Muller_E	2987685	0.000136557	0.0325645	0.967299
Muller_E	2992894	0.000134381	0.032417	0.967449
Muller_E	2993313	0.000134206	0.0324051	0.967461
Muller_E	2993798	0.000134004	0.0323914	0.967475
Muller_E	2994137	0.000133863	0.0323818	0.967484
Muller_E	2994487	0.000133717	0.0323719	0.967494
Muller_E	2994615	0.000133663	0.0323682	0.967498
Muller_E	2995123	0.000133452	0.0323538	0.967513
Muller_E	2995701	0.000133211	0.0323374	0.967529
Muller_E	2996048	0.000133066	0.0323276	0.967539
Muller_E	2996738	0.000132779	0.032308	0.967559
Muller_E	2996880	0.00013272	0.032304	0.967563
Muller_E	2997113	0.000132623	0.0322974	0.96757
Muller_E	2999116	0.000131789	0.0322405	0.967628
Muller_E	2999459	0.000131647	0.0322308	0.967638
Muller_E	3001420	0.000130832	0.0321751	0.967694
Muller_E	3001578	0.000130766	0.0321706	0.967699
Muller_E	3001696	0.000130717	0.0321673	0.967702
Muller_E	3002579	0.00013035	0.0321422	0.967727
Muller_E	3003095	0.000130136	0.0321275	0.967742
Muller_E	3003540	0.000129952	0.0321149	0.967755
Muller_E	3004120	0.000129711	0.0320984	0.967772
Muller_E	3005221	0.000129254	0.0320671	0.967804
Muller_E	3007967	0.000128116	0.031989	0.967883
Muller_E	3012773	0.000126129	0.0318521	0.968022
Muller_E	3013331	0.000125898	0.0318362	0.968038
Muller_E	3013618	0.00012578	0.031828	0.968046
Muller_E	3014080	0.000125589	0.0318148	0.96806
Muller_E	3014783	0.000125299	0.0317948	0.96808
Muller_E	3016296	0.000124675	0.0317516	0.968124
Muller_E	3017214	0.000124296	0.0317254	0.96815
Muller_E	3018320	0.000123841	0.0316939	0.968182
Muller_E	3018982	0.000123568	0.031675	0.968201
Muller_E	3019303	0.000123436	0.0316658	0.968211
Muller_E	3019831	0.000123219	0.0316507	0.968226
Muller_E	3021834	0.000122395	0.0315935	0.968284
Muller_E	3021944	0.000122349	0.0315904	0.968287
Muller_E	3023127	0.000121863	0.0315565	0.968322
Muller_E	3024474	0.00012131	0.031518	0.968361
Muller_E	3024813	0.000121171	0.0315083	0.96837
Muller_E	3029421	0.000119281	0.0313765	0.968504
Muller_E	3029834	0.000119112	0.0313646	0.968516
Muller_E	3030101	0.000119003	0.031357	0.968524
Muller_E	3033200	0.000117735	0.0312682	0.968614
Muller_E	3033901	0.000117449	0.0312481	0.968634
Muller_E	3034073	0.000117378	0.0312431	0.968639
Muller_E	3036032	0.000116579	0.031187	0.968696
Muller_E	3038305	0.000115652	0.0311217	0.968763
Muller_E	3041816	0.000114222	0.0310209	0.968865
Muller_E	3044683	0.000113056	0.0309384	0.968949
Muller_E	3046757	0.000112214	0.0308787	0.969009
Muller_E	3046887	0.000112161	0.030875	0.969013
Muller_E	3047900	0.000111751	0.0308458	0.969042
Muller_E	3048135	0.000111655	0.0308391	0.969049
Muller_E	3050664	0.000110631	0.0307662	0.969123
Muller_E	3051698	0.000110212	0.0307364	0.969153
Muller_E	3051968	0.000110103	0.0307287	0.969161
Muller_E	3052635	0.000109833	0.0307094	0.969181
Muller_E	3053197	0.000109606	0.0306932	0.969197
Muller_E	3056428	0.0001083	0.0306	0.969292
Muller_E	3056712	0.000108186	0.0305918	0.9693
Muller_E	3058398	0.000107506	0.0305431	0.969349
Muller_E	3059687	0.000106986	0.0305059	0.969387
Muller_E	3061511	0.000106252	0.0304532	0.969441
Muller_E	3062406	0.000105892	0.0304273	0.969467
Muller_E	3062537	0.000105839	0.0304235	0.969471
Muller_E	3100018	9.09247e-05	0.029334	0.970575
Muller_E	3100718	9.06493e-05	0.0293136	0.970596
Muller_E	3112367	8.60836e-05	0.0289725	0.970941
Muller_E	3112987	8.58415e-05	0.0289543	0.97096
Muller_E	3113420	8.56725e-05	0.0289416	0.970973
Muller_E	3116107	8.46247e-05	0.0288628	0.971053
Muller_E	3119432	8.33306e-05	0.0287651	0.971152
Muller_E	3119714	8.3221e-05	0.0287568	0.97116
Muller_E	3120862	8.27749e-05	0.0287231	0.971194
Muller_E	3122265	8.22301e-05	0.0286818	0.971236
Muller_E	3123364	8.18037e-05	0.0286495	0.971269
Muller_E	3124138	8.15036e-05	0.0286267	0.971292
Muller_E	3127464	8.02157e-05	0.0285288	0.971391
Muller_E	3128767	7.97119e-05	0.0284904	0.97143
Muller_E	3128895	7.96625e-05	0.0284866	0.971434
Muller_E	3129611	7.93858e-05	0.0284655	0.971455
Muller_E	3129743	7.93348e-05	0.0284616	0.971459
Muller_E	3130171	7.91695e-05	0.028449	0.971472
Muller_E	3131529	7.86454e-05	0.028409	0.971512
Muller_E	3137674	7.62794e-05	0.0282276	0.971696
Muller_E	3139976	7.53956e-05	0.0281596	0.971765
Muller_E	3143168	7.41722e-05	0.0280652	0.971861
Muller_E	3169152	6.43111e-05	0.0272936	0.972642
Muller_E	3170575	6.37761e-05	0.0272512	0.972685
Muller_E	3173857	6.25444e-05	0.0271533	0.972784
Muller_E	3192801	5.54908e-05	0.0265865	0.973358
Muller_E	3194086	5.50159e-05	0.0265479	0.973397
Muller_E	3194230	5.49627e-05	0.0265436	0.973401
Muller_E	3207603	5.00474e-05	0.0261415	0.973808
Muller_E	3207708	5.0009e-05	0.0261383	0.973812
Muller_E	3208070	4.98767e-05	0.0261274	0.973823
Muller_E	3208369	4.97674e-05	0.0261184	0.973832
Muller_E	3208507	4.97169e-05	0.0261142	0.973836
Muller_E	3208706	4.96442e-05	0.0261082	0.973842
Muller_E	3210124	4.91264e-05	0.0260655	0.973885
Muller_E	3211254	4.87141e-05	0.0260314	0.97392
Muller_E	3212088	4.841e-05	0.0260063	0.973945
Muller_E	3216063	4.69635e-05	0.0258863	0.974067
Muller_E	3216461	4.68189e-05	0.0258743	0.974079
Muller_E	3217109	4.65836e-05	0.0258547	0.974099
Muller_E	3217441	4.64631e-05	0.0258447	0.974109
Muller_E	3217706	4.63669e-05	0.0258367	0.974117
Muller_E	3217825	4.63238e-05	0.0258331	0.974121
Muller_E	3218354	4.61319e-05	0.0258171	0.974137
Muller_E	3219292	4.57918e-05	0.0257887	0.974165
Muller_E	3219763	4.56211e-05	0.0257745	0.97418
Muller_E	3221459	4.5007e-05	0.0257232	0.974232
Muller_E	3222112	4.47708e-05	0.0257035	0.974252
Muller_E	3223012	4.44455e-05	0.0256762	0.974279
Muller_E	3223549	4.42515e-05	0.02566	0.974296
Muller_E	3224815	4.37944e-05	0.0256217	0.974335
Muller_E	3226800	4.30786e-05	0.0255616	0.974395
Muller_E	3229718	4.20284e-05	0.0254731	0.974485
Muller_E	3240322	3.82327e-05	0.0251512	0.974811
Muller_E	3240918	7.33002e-06	0.0151188	0.984874
Muller_E	3241273	3.79903e-05	0.0251278	0.974834
Muller_E	3247835	3.74324e-05	0.0250289	0.974934
Muller_E	3251442	3.71239e-05	0.0249744	0.974989
Muller_E	3252203	3.70587e-05	0.0249628	0.975
Muller_E	3254014	3.69032e-05	0.0249354	0.975028
Muller_E	3254518	3.68598e-05	0.0249278	0.975035
Muller_E	3255141	3.68062e-05	0.0249184	0.975045
Muller_E	3255365	3.67869e-05	0.024915	0.975048
Muller_E	3259142	3.6461e-05	0.0248577	0.975106
Muller_E	3259935	3.63924e-05	0.0248456	0.975118
Muller_E	3262497	3.61703e-05	0.0248067	0.975157
Muller_E	3263708	3.6065e-05	0.0247883	0.975176
Muller_E	3264644	3.59836e-05	0.024774	0.97519
Muller_E	3266132	3.5854e-05	0.0247514	0.975213
Muller_E	3266579	3.5815e-05	0.0247446	0.97522
Muller_E	3266806	3.57952e-05	0.0247411	0.975223
Muller_E	3269029	3.56011e-05	0.0247072	0.975257
Muller_E	3271700	3.53671e-05	0.0246664	0.975298
Muller_E	3271881	3.53512e-05	0.0246636	0.975301
Muller_E	3273894	3.51744e-05	0.0246329	0.975332
Muller_E	3275081	3.507e-05	0.0246147	0.97535
Muller_E	3275989	3.499e-05	0.0246008	0.975364
Muller_E	3278049	3.48082e-05	0.0245692	0.975396
Muller_E	3280894	3.45565e-05	0.0245256	0.97544
Muller_E	3282107	3.4449e-05	0.024507	0.975459
Muller_E	3282973	3.43721e-05	0.0244937	0.975472
Muller_E	3284532	3.42335e-05	0.0244697	0.975496
Muller_E	3291321	3.36275e-05	0.0243651	0.975601
Muller_E	3291878	3.35775e-05	0.0243565	0.97561
Muller_E	3293351	3.34454e-05	0.0243338	0.975633
Muller_E	3293759	3.34087e-05	0.0243275	0.975639
Muller_E	3304917	3.24008e-05	0.0241546	0.975813
Muller_E	3306663	3.2242e-05	0.0241275	0.97584
Muller_E	3306880	3.22223e-05	0.0241241	0.975844
Muller_E	3310127	3.19262e-05	0.0240736	0.975894
Muller_E	3312301	3.17275e-05	0.0240397	0.975929
Muller_E	3312718	6.70841e-06	0.014676	0.985317
Muller_E	3318766	3.18967e-05	0.024005	0.975963
Muller_E	3323588	3.20581e-05	0.0239824	0.975986
Muller_E	3324201	3.20784e-05	0.0239795	0.975988
Muller_E	3324656	3.20934e-05	0.0239774	0.975991
Muller_E	3325091	3.21077e-05	0.0239753	0.975993
Muller_E	3326084	3.21403e-05	0.0239706	0.975997
Muller_E	3326190	3.21438e-05	0.0239701	0.975998
Muller_E	3330218	3.22744e-05	0.023951	0.976017
Muller_E	3334866	3.24222e-05	0.0239288	0.976039
Muller_E	3337545	3.25059e-05	0.0239159	0.976052
Muller_E	3340268	3.25899e-05	0.0239027	0.976065
Muller_E	3340480	3.25964e-05	0.0239017	0.976066
Muller_E	3410593	3.43836e-05	0.0235435	0.976422
Muller_E	3431230	3.47745e-05	0.023431	0.976534
Muller_E	3437416	3.48799e-05	0.0233966	0.976569
Muller_E	3456916	3.51767e-05	0.0232863	0.976678
Muller_E	3457694	3.51875e-05	0.0232819	0.976683
Muller_E	3459001	3.52053e-05	0.0232744	0.97669
Muller_E	3462300	3.52493e-05	0.0232554	0.976709
Muller_E	3464519	3.5278e-05	0.0232426	0.976722
Muller_E	3464673	3.528e-05	0.0232417	0.976723
Muller_E	3477602	3.54334e-05	0.0231662	0.976798
Muller_E	3525631	3.58016e-05	0.0228747	0.97709
Muller_E	3546828	3.58645e-05	0.0227404	0.977224
Muller_E	3557059	3.58734e-05	0.0226744	0.97729
Muller_E	3566467	3.58693e-05	0.0226129	0.977351
Muller_E	3572057	3.58613e-05	0.0225761	0.977388
Muller_E	3572168	3.58611e-05	0.0225754	0.977389
Muller_E	3579272	3.58449e-05	0.0225282	0.977436
Muller_E	3579502	3.58443e-05	0.0225267	0.977437
Muller_E	3582419	3.58357e-05	0.0225072	0.977457
Muller_E	3590131	3.58074e-05	0.0224554	0.977509
Muller_E	3605233	3.57299e-05	0.0223527	0.977612
Muller_E	3610748	3.56942e-05	0.0223147	0.97765
Muller_E	3611776	3.56871e-05	0.0223076	0.977657
Muller_E	3615071	3.56635e-05	0.0222848	0.97768
Muller_E	3617701	3.56437e-05	0.0222665	0.977698
Muller_E	3617818	3.56428e-05	0.0222657	0.977699
Muller_E	3617948	3.56418e-05	0.0222648	0.9777
Muller_E	3623404	3.55976e-05	0.0222267	0.977738
Muller_E	3630035	3.55388e-05	0.0221801	0.977784
Muller_E	3631532	3.55248e-05	0.0221695	0.977795
Muller_E	3634067	3.55004e-05	0.0221516	0.977813
Muller_E	3642157	3.54171e-05	0.022094	0.977871
Muller_E	3643438	3.54031e-05	0.0220849	0.97788
Muller_E	3645674	3.53783e-05	0.0220689	0.977896
Muller_E	3652519	3.52983e-05	0.0220196	0.977945
Muller_E	3655257	3.52647e-05	0.0219998	0.977965
Muller_E	3657953	3.52307e-05	0.0219802	0.977985
Muller_E	3660200	3.52016e-05	0.0219639	0.978001
Muller_E	3665461	3.51312e-05	0.0219254	0.978039
Muller_E	3670065	3.50668e-05	0.0218916	0.978073
Muller_E	3757777	3.33505e-05	0.0212166	0.97875
Muller_E	3766114	3.31403e-05	0.0211493	0.978818
Muller_E	3770199	3.30344e-05	0.0211162	0.978851
Muller_E	3771242	3.30071e-05	0.0211077	0.978859
Muller_E	3775369	3.28977e-05	0.021074	0.978893
Muller_E	3781958	3.2719e-05	0.0210201	0.978947
Muller_E	3788305	3.25423e-05	0.0209677	0.979
Muller_E	3788531	3.25359e-05	0.0209659	0.979002
Muller_E	3788717	3.25307e-05	0.0209643	0.979003
Muller_E	3791492	3.24519e-05	0.0209413	0.979026
Muller_E	3791929	3.24394e-05	0.0209377	0.97903
Muller_E	3794089	3.23773e-05	0.0209198	0.979048
Muller_E	3798034	3.22627e-05	0.0208869	0.979081
Muller_E	3805877	3.20296e-05	0.0208212	0.979147
Muller_E	3808116	3.19618e-05	0.0208024	0.979166
Muller_E	3837593	3.10185e-05	0.0205508	0.979418
Muller_E	3889492	2.91336e-05	0.0200915	0.979879
Muller_E	3892070	2.90327e-05	0.0200682	0.979903
Muller_E	3892768	2.90053e-05	0.0200619	0.979909
Muller_E	3893846	2.89628e-05	0.0200521	0.979919
Muller_E	3895236	2.89079e-05	0.0200394	0.979932
Muller_E	3896701	2.88498e-05	0.0200261	0.979945
Muller_E	3964144	2.59476e-05	0.0193944	0.98058
Muller_E	3964249	2.59427e-05	0.0193934	0.980581
Muller_E	3964701	2.59218e-05	0.019389	0.980585
Muller_E	3965335	2.58924e-05	0.0193829	0.980591
Muller_E	3965537	2.58831e-05	0.019381	0.980593
Muller_E	3971184	2.56197e-05	0.0193264	0.980648
Muller_E	4005791	2.39421e-05	0.0189867	0.980989
Muller_E	4007537	2.38546e-05	0.0189693	0.981007
Muller_E	4008073	2.38277e-05	0.018964	0.981012
Muller_E	4008732	2.37946e-05	0.0189574	0.981019
Muller_E	4009275	2.37673e-05	0.018952	0.981024
Muller_E	4009794	2.37412e-05	0.0189468	0.981029
Muller_E	4010462	2.37075e-05	0.0189401	0.981036
Muller_E	4011246	2.36679e-05	0.0189323	0.981044
Muller_E	4011350	2.36627e-05	0.0189313	0.981045
Muller_E	4011743	2.36428e-05	0.0189273	0.981049
Muller_E	4012926	2.3583e-05	0.0189155	0.981061
Muller_E	4015010	2.34773e-05	0.0188946	0.981082
Muller_E	4015956	2.34291e-05	0.0188851	0.981091
Muller_E	4016731	2.33897e-05	0.0188774	0.981099
Muller_E	4017133	2.33692e-05	0.0188733	0.981103
Muller_E	4017640	2.33433e-05	0.0188682	0.981108
Muller_E	4021078	2.31672e-05	0.0188337	0.981143
Muller_E	4021876	2.31262e-05	0.0188256	0.981151
Muller_E	4022513	2.30935e-05	0.0188192	0.981158
Muller_E	4022928	2.30721e-05	0.018815	0.981162
Muller_E	4024532	2.29894e-05	0.0187988	0.981178
Muller_E	4024639	2.29838e-05	0.0187978	0.981179
Muller_E	4025270	2.29512e-05	0.0187914	0.981186
Muller_E	4027169	2.28529e-05	0.0187722	0.981205
Muller_E	4027437	2.2839e-05	0.0187695	0.981208
Muller_E	4027764	2.2822e-05	0.0187662	0.981211
Muller_E	4029270	2.27437e-05	0.0187509	0.981226
Muller_E	4032202	2.25907e-05	0.0187212	0.981256
Muller_E	4032327	2.25842e-05	0.0187199	0.981258
Muller_E	4033521	2.25217e-05	0.0187078	0.98127
Muller_E	4033797	2.25072e-05	0.018705	0.981273
Muller_E	4036360	2.23725e-05	0.0186789	0.981299
Muller_E	4037138	2.23315e-05	0.0186709	0.981307
Muller_E	4037610	2.23066e-05	0.0186661	0.981312
Muller_E	4040496	2.2154e-05	0.0186367	0.981341
Muller_E	4040949	2.213e-05	0.018632	0.981346
Muller_E	4045900	2.18664e-05	0.0185813	0.981397
Muller_E	4046078	2.18569e-05	0.0185795	0.981399
Muller_E	4046843	2.18159e-05	0.0185716	0.981407
Muller_E	4047581	2.17764e-05	0.018564	0.981414
Muller_E	4048275	2.17392e-05	0.0185569	0.981421
Muller_E	4048700	2.17164e-05	0.0185525	0.981426
Muller_E	4053592	2.14528e-05	0.0185021	0.981476
Muller_E	4056223	2.13102e-05	0.0184749	0.981504
Muller_E	4056545	2.12927e-05	0.0184716	0.981507
Muller_E	4056951	2.12707e-05	0.0184674	0.981511
Muller_E	4057601	2.12353e-05	0.0184607	0.981518
Muller_E	4057720	2.12288e-05	0.0184595	0.981519
Muller_E	4058043	2.12112e-05	0.0184561	0.981523
Muller_E	4058149	2.12055e-05	0.018455	0.981524
Muller_E	4058704	2.11752e-05	0.0184493	0.98153
Muller_E	4059417	2.11364e-05	0.0184419	0.981537
Muller_E	4059965	2.11064e-05	0.0184362	0.981543
Muller_E	4061381	2.1029e-05	0.0184215	0.981557
Muller_E	4061745	2.10091e-05	0.0184177	0.981561
Muller_E	4062020	2.09941e-05	0.0184149	0.981564
Muller_E	4062507	2.09674e-05	0.0184098	0.981569
Muller_E	4062941	2.09436e-05	0.0184053	0.981574
Muller_E	4064035	2.08835e-05	0.0183939	0.981585
Muller_E	4064680	2.08481e-05	0.0183872	0.981592
Muller_E	4064829	2.08399e-05	0.0183856	0.981594
Muller_E	4065474	2.08044e-05	0.0183789	0.9816
Muller_E	4065574	2.07989e-05	0.0183779	0.981601
Muller_E	4066028	2.07739e-05	0.0183732	0.981606
Muller_E	4067541	2.06904e-05	0.0183574	0.981622
Muller_E	4067967	2.06669e-05	0.0183529	0.981626
Muller_E	4068535	2.06355e-05	0.018347	0.981632
Muller_E	4069245	2.05962e-05	0.0183396	0.98164
Muller_E	4070105	2.05486e-05	0.0183306	0.981649
Muller_E	4071088	2.0494e-05	0.0183203	0.981659
Muller_E	4071641	2.04633e-05	0.0183146	0.981665
Muller_E	4072126	2.04364e-05	0.0183095	0.98167
Muller_E	4072768	2.04007e-05	0.0183028	0.981677
Muller_E	4072973	2.03893e-05	0.0183006	0.981679
Muller_E	4073359	2.03678e-05	0.0182966	0.981683
Muller_E	4075135	2.02688e-05	0.0182779	0.981702
Muller_E	4075254	2.02621e-05	0.0182767	0.981703
Muller_E	4076053	2.02175e-05	0.0182683	0.981711
Muller_E	4077160	2.01556e-05	0.0182567	0.981723
Muller_E	4078165	2.00993e-05	0.0182461	0.981734
Muller_E	4078690	2.00698e-05	0.0182406	0.981739
Muller_E	4078900	2.0058e-05	0.0182384	0.981742
Muller_E	4079010	2.00518e-05	0.0182372	0.981743
Muller_E	4079297	2.00357e-05	0.0182342	0.981746
Muller_E	4081728	1.9899e-05	0.0182086	0.981771
Muller_E	4082079	1.98792e-05	0.0182049	0.981775
Muller_E	4083988	1.97714e-05	0.0181848	0.981795
Muller_E	4085715	1.96737e-05	0.0181665	0.981814
Muller_E	4089306	1.94697e-05	0.0181285	0.981852
Muller_E	4089803	1.94414e-05	0.0181232	0.981857
Muller_E	4092778	1.92716e-05	0.0180916	0.981889
Muller_E	4092894	1.9265e-05	0.0180904	0.98189
Muller_E	4098915	1.89191e-05	0.0180263	0.981955
Muller_E	4109650	1.82955e-05	0.0179112	0.98207
Muller_E	4113217	1.80864e-05	0.0178728	0.982109
Muller_E	4113538	1.80675e-05	0.0178693	0.982113
Muller_E	4114422	1.80155e-05	0.0178598	0.982122
Muller_E	4114803	1.79931e-05	0.0178557	0.982126
Muller_E	4115118	1.79746e-05	0.0178523	0.98213
Muller_E	4116856	1.78721e-05	0.0178335	0.982149
Muller_E	4117074	1.78592e-05	0.0178311	0.982151
Muller_E	4117473	1.78357e-05	0.0178268	0.982155
Muller_E	4118970	1.77471e-05	0.0178106	0.982172
Muller_E	4121851	1.75763e-05	0.0177794	0.982203
Muller_E	4122071	1.75633e-05	0.017777	0.982205
Muller_E	4122393	1.75441e-05	0.0177735	0.982209
Muller_E	4122818	1.75189e-05	0.0177689	0.982214
Muller_E	4124318	1.74296e-05	0.0177526	0.98223
Muller_E	4124418	1.74236e-05	0.0177515	0.982231
Muller_E	4126492	1.72999e-05	0.0177289	0.982254
Muller_E	4127527	1.7238e-05	0.0177176	0.982265
Muller_E	4127720	1.72265e-05	0.0177155	0.982267
Muller_E	4128101	1.72037e-05	0.0177114	0.982271
Muller_E	4128234	1.71957e-05	0.0177099	0.982273
Muller_E	4130334	1.70699e-05	0.017687	0.982296
Muller_E	4132221	1.69565e-05	0.0176664	0.982317
Muller_E	4134741	1.68047e-05	0.0176388	0.982344
Muller_E	4134982	1.67901e-05	0.0176361	0.982347
Muller_E	4136547	1.66956e-05	0.017619	0.982364
Muller_E	4140224	1.64728e-05	0.0175786	0.982405
Muller_E	4140902	1.64316e-05	0.0175711	0.982412
Muller_E	4141485	1.63962e-05	0.0175647	0.982419
Muller_E	4143836	1.6253e-05	0.0175388	0.982445
Muller_E	4144350	1.62217e-05	0.0175332	0.982451
Muller_E	4144848	1.61913e-05	0.0175277	0.982456
Muller_E	4150850	1.58236e-05	0.0174613	0.982523
Muller_E	4151927	1.57574e-05	0.0174493	0.982535
Muller_E	4154621	1.55913e-05	0.0174194	0.982565
Muller_E	4159745	1.52741e-05	0.0173624	0.982622
Muller_E	4159958	1.52609e-05	0.01736	0.982625
Muller_E	4160923	1.5201e-05	0.0173493	0.982636
Muller_E	4161787	1.51472e-05	0.0173396	0.982645
Muller_E	4162162	1.51239e-05	0.0173354	0.982649
Muller_E	4163984	1.50104e-05	0.0173151	0.98267
Muller_E	4164218	1.49958e-05	0.0173124	0.982673
Muller_E	4164859	1.49558e-05	0.0173053	0.98268
Muller_E	4165033	1.49449e-05	0.0173033	0.982682
Muller_E	4165157	1.49372e-05	0.0173019	0.982683
Muller_E	4165383	1.49231e-05	0.0172994	0.982686
Muller_E	4165808	1.48965e-05	0.0172947	0.98269
Muller_E	4165958	1.48871e-05	0.017293	0.982692
Muller_E	4166062	1.48806e-05	0.0172918	0.982693
Muller_E	4166243	1.48693e-05	0.0172898	0.982695
Muller_E	4166628	1.48452e-05	0.0172855	0.9827
Muller_E	4168755	1.47121e-05	0.0172616	0.982724
Muller_E	4172546	1.44739e-05	0.017219	0.982767
Muller_E	4172827	1.44562e-05	0.0172159	0.98277
Muller_E	4173860	1.43911e-05	0.0172042	0.982781
Muller_E	4176100	1.42498e-05	0.017179	0.982807
Muller_E	4176326	1.42355e-05	0.0171764	0.982809
Muller_E	4176826	1.42039e-05	0.0171708	0.982815
Muller_E	4177022	1.41915e-05	0.0171686	0.982817
Muller_E	4178339	1.41082e-05	0.0171537	0.982832
Muller_E	4178608	1.40911e-05	0.0171507	0.982835
Muller_E	4179326	1.40456e-05	0.0171426	0.982843
Muller_E	4180712	1.39577e-05	0.0171269	0.982859
Muller_E	4180966	1.39416e-05	0.017124	0.982862
Muller_E	4184926	1.36896e-05	0.0170791	0.982907
Muller_E	4185178	1.36735e-05	0.0170763	0.98291
Muller_E	4185319	1.36646e-05	0.0170747	0.982912
Muller_E	4185532	1.3651e-05	0.0170723	0.982914
Muller_E	4187632	1.35169e-05	0.0170484	0.982938
Muller_E	4188227	1.34788e-05	0.0170416	0.982945
Muller_E	4188670	1.34505e-05	0.0170366	0.98295
Muller_E	4192621	1.31971e-05	0.0169916	0.982995
Muller_E	4193546	1.31376e-05	0.016981	0.983006
Muller_E	4194407	1.30822e-05	0.0169712	0.983016
Muller_E	4195783	1.29936e-05	0.0169555	0.983032
Muller_E	4196010	1.2979e-05	0.0169529	0.983034
Muller_E	4197440	1.28867e-05	0.0169365	0.983051
Muller_E	4198223	1.28362e-05	0.0169275	0.98306
Muller_E	4199021	1.27846e-05	0.0169184	0.983069
Muller_E	4199203	1.27728e-05	0.0169163	0.983071
Muller_E	4199424	1.27585e-05	0.0169138	0.983073
Muller_E	4199639	1.27446e-05	0.0169113	0.983076
Muller_E	4199983	1.27223e-05	0.0169074	0.98308
Muller_E	4203293	1.25078e-05	0.0168694	0.983118
Muller_E	4205814	1.23439e-05	0.0168404	0.983147
Muller_E	4206134	1.23231e-05	0.0168367	0.983151
Muller_E	4207588	1.22284e-05	0.0168199	0.983168
Muller_E	4210680	1.20265e-05	0.0167843	0.983204
Muller_E	4210928	1.20103e-05	0.0167814	0.983207
Muller_E	4211312	1.19852e-05	0.016777	0.983211
Muller_E	4211755	1.19562e-05	0.0167718	0.983216
Muller_E	4213444	1.18455e-05	0.0167523	0.983236
Muller_E	4216650	1.16351e-05	0.0167152	0.983273
Muller_E	4217058	1.16082e-05	0.0167104	0.983278
Muller_E	4217453	1.15823e-05	0.0167059	0.983283
Muller_E	4217565	1.15749e-05	0.0167046	0.983284
Muller_E	4217669	1.1568e-05	0.0167034	0.983285
Muller_E	4217825	1.15578e-05	0.0167015	0.983287
Muller_E	4218923	1.14855e-05	0.0166888	0.9833
Muller_E	4225215	1.10698e-05	0.0166156	0.983373
Muller_E	4232774	1.05672e-05	0.0165272	0.983462
Muller_E	4235298	1.03987e-05	0.0164976	0.983492
Muller_E	4245993	9.68045e-06	0.0163715	0.983619
Muller_E	4252835	9.21758e-06	0.0162904	0.9837
Muller_E	4253725	9.15718e-06	0.0162798	0.983711
Muller_E	4256197	8.98918e-06	0.0162504	0.983741
Muller_E	4261234	8.64584e-06	0.0161903	0.983801
Muller_E	4262892	8.53252e-06	0.0161705	0.983821
Muller_E	4263238	8.50885e-06	0.0161664	0.983825
Muller_E	4263588	8.78329e-07	0.00897671	0.991022
Muller_E	4264621	8.51089e-06	0.0161605	0.983831
Muller_E	4266950	8.56906e-06	0.0161568	0.983835
Muller_E	4267529	8.58344e-06	0.0161559	0.983836
Muller_E	4276223	8.79502e-06	0.0161414	0.98385
Muller_E	4311688	9.57594e-06	0.0160765	0.983914
Muller_E	4311965	9.58152e-06	0.0160759	0.983914
Muller_E	4312254	9.58734e-06	0.0160754	0.983915
Muller_E	4312510	9.59248e-06	0.0160749	0.983916
Muller_E	4334492	1.00087e-05	0.0160296	0.98396
Muller_E	4352032	1.03048e-05	0.0159907	0.983999
Muller_E	4353438	1.03272e-05	0.0159875	0.984002
Muller_E	4356857	1.03807e-05	0.0159796	0.98401
Muller_E	4360054	1.04297e-05	0.0159722	0.984017
Muller_E	4374783	1.06416e-05	0.0159368	0.984053
Muller_E	4374946	1.06438e-05	0.0159364	0.984053
Muller_E	4381350	1.07289e-05	0.0159205	0.984069
Muller_E	4558836	1.14481e-05	0.0153528	0.984636
Muller_E	4562012	1.14329e-05	0.0153404	0.984648
Muller_E	4564083	1.14224e-05	0.0153322	0.984656
Muller_E	4564194	1.14218e-05	0.0153318	0.984657
Muller_E	4568491	1.13988e-05	0.0153148	0.984674
Muller_E	4569115	1.13953e-05	0.0153124	0.984676
Muller_E	4569749	1.13917e-05	0.0153098	0.984679
Muller_E	4570340	1.13883e-05	0.0153075	0.984681
Muller_E	4571890	1.13793e-05	0.0153013	0.984687
Muller_E	4572624	1.13749e-05	0.0152984	0.98469
Muller_E	4573491	1.13697e-05	0.0152949	0.984694
Muller_E	4573809	1.13678e-05	0.0152936	0.984695
Muller_E	4577361	1.13456e-05	0.0152794	0.984709
Muller_E	4577462	1.1345e-05	0.015279	0.98471
Muller_E	4578308	1.13395e-05	0.0152755	0.984713
Muller_E	4580664	1.13239e-05	0.015266	0.984723
Muller_E	4580954	1.13219e-05	0.0152648	0.984724
Muller_E	4581769	1.13164e-05	0.0152615	0.984727
Muller_E	4581909	1.13155e-05	0.0152609	0.984728
Muller_E	4583019	1.13078e-05	0.0152564	0.984732
Muller_E	4583393	1.13052e-05	0.0152549	0.984734
Muller_E	4583516	1.13043e-05	0.0152544	0.984734
Muller_E	4584473	1.12976e-05	0.0152505	0.984738
Muller_E	4589180	1.12632e-05	0.0152312	0.984758
Muller_E	4590247	1.12551e-05	0.0152268	0.984762
Muller_E	4591539	1.12452e-05	0.0152214	0.984767
Muller_E	4593253	1.12318e-05	0.0152143	0.984774
Muller_E	4593508	1.12297e-05	0.0152132	0.984776
Muller_E	4593974	1.1226e-05	0.0152113	0.984777
Muller_E	4595111	1.12169e-05	0.0152066	0.984782
Muller_E	4595303	1.12154e-05	0.0152058	0.984783
Muller_E	4597548	1.11969e-05	0.0151964	0.984792
Muller_E	4597833	1.11946e-05	0.0151952	0.984794
Muller_E	4600306	1.11736e-05	0.0151848	0.984804
Muller_E	4607273	1.11117e-05	0.0151552	0.984834
Muller_E	4607398	1.11105e-05	0.0151547	0.984834
Muller_E	4610441	1.1082e-05	0.0151417	0.984847
Muller_E	4611041	1.10763e-05	0.0151391	0.98485
Muller_E	4611562	1.10713e-05	0.0151369	0.984852
Muller_E	4611697	1.107e-05	0.0151363	0.984853
Muller_E	4612447	1.10627e-05	0.0151331	0.984856
Muller_E	4612733	1.10599e-05	0.0151318	0.984857
Muller_E	4612927	1.1058e-05	0.015131	0.984858
Muller_E	4613148	1.10559e-05	0.01513	0.984859
Muller_E	4614502	1.10426e-05	0.0151242	0.984865
Muller_E	4615888	1.10288e-05	0.0151182	0.984871
Muller_E	4616173	1.10259e-05	0.015117	0.984872
Muller_E	4616508	1.10225e-05	0.0151155	0.984873
Muller_E	4616663	1.1021e-05	0.0151148	0.984874
Muller_E	4618190	1.10054e-05	0.0151082	0.984881
Muller_E	4619781	1.0989e-05	0.0151013	0.984888
Muller_E	4622166	1.0964e-05	0.0150908	0.984898
Muller_E	4626314	1.09192e-05	0.0150726	0.984916
Muller_E	4626864	1.09132e-05	0.0150702	0.984919
Muller_E	4627368	1.09076e-05	0.0150679	0.984921
Muller_E	4627488	1.09063e-05	0.0150674	0.984922
Muller_E	4633961	1.08326e-05	0.0150386	0.984951
Muller_E	4635834	1.08105e-05	0.0150302	0.984959
Muller_E	4636452	1.08032e-05	0.0150274	0.984962
Muller_E	4637295	1.07931e-05	0.0150237	0.984966
Muller_E	4640891	1.07494e-05	0.0150074	0.984982
Muller_E	4645727	1.06887e-05	0.0149854	0.985004
Muller_E	4646376	1.06804e-05	0.0149825	0.985007
Muller_E	4646798	1.0675e-05	0.0149805	0.985009
Muller_E	4653320	1.05892e-05	0.0149505	0.985039
Muller_E	4656520	1.05456e-05	0.0149357	0.985054
Muller_E	4672665	1.0312e-05	0.0148596	0.98513
Muller_E	4674140	1.02895e-05	0.0148526	0.985137
Muller_E	4675745	1.02648e-05	0.0148449	0.985145
Muller_E	4676485	1.02533e-05	0.0148413	0.985148
Muller_E	4677110	1.02436e-05	0.0148383	0.985151
Muller_E	4677655	1.02351e-05	0.0148357	0.985154
Muller_E	4678986	1.02142e-05	0.0148293	0.985161
Muller_E	4680223	1.01946e-05	0.0148233	0.985167
Muller_E	4682403	1.01598e-05	0.0148127	0.985177
Muller_E	4682621	1.01563e-05	0.0148117	0.985178
Muller_E	4684270	1.01296e-05	0.0148037	0.985186
Muller_E	4685491	1.01097e-05	0.0147977	0.985192
Muller_E	4686019	1.01011e-05	0.0147951	0.985195
Muller_E	4687101	1.00833e-05	0.0147899	0.9852
Muller_E	4689628	1.00414e-05	0.0147775	0.985212
Muller_E	4690052	1.00343e-05	0.0147754	0.985215
Muller_E	4690344	1.00294e-05	0.014774	0.985216
Muller_E	4690905	1.002e-05	0.0147712	0.985219
Muller_E	4691125	1.00163e-05	0.0147701	0.98522
Muller_E	4691712	1.00064e-05	0.0147672	0.985223
Muller_E	4691999	1.00015e-05	0.0147658	0.985224
Muller_E	4692111	9.99963e-06	0.0147653	0.985225
Muller_E	4693234	9.98056e-06	0.0147597	0.98523
Muller_E	4693620	9.97398e-06	0.0147578	0.985232
Muller_E	4693753	9.97172e-06	0.0147572	0.985233
Muller_E	4694021	9.96714e-06	0.0147558	0.985234
Muller_E	4694592	9.95736e-06	0.014753	0.985237
Muller_E	4696429	9.92571e-06	0.0147439	0.985246
Muller_E	4696792	9.91943e-06	0.0147421	0.985248
Muller_E	4699402	9.87387e-06	0.0147291	0.985261
Muller_E	4700957	9.84644e-06	0.0147214	0.985269
Muller_E	4702606	9.81712e-06	0.0147131	0.985277
Muller_E	4708142	9.71695e-06	0.0146853	0.985305
Muller_E	4712097	9.64375e-06	0.0146652	0.985325
Muller_E	4713898	9.60996e-06	0.0146561	0.985334
Muller_E	4714194	9.60438e-06	0.0146545	0.985336
Muller_E	4717094	9.54931e-06	0.0146397	0.985351
Muller_E	4717794	9.53591e-06	0.0146361	0.985354
Muller_E	4720564	9.48245e-06	0.0146219	0.985369
Muller_E	4722390	9.44685e-06	0.0146125	0.985378
Muller_E	4727534	9.34501e-06	0.0145858	0.985405
Muller_E	4730688	9.28144e-06	0.0145694	0.985421
Muller_E	4731377	9.26743e-06	0.0145658	0.985425
Muller_E	4732944	9.23544e-06	0.0145576	0.985433
Muller_E	4738342	9.12361e-06	0.0145291	0.985462
Muller_E	4739398	9.10144e-06	0.0145235	0.985467
Muller_E	4742492	9.03593e-06	0.0145071	0.985484
Muller_E	4745718	8.96677e-06	0.0144899	0.985501
Muller_E	4746457	8.9508e-06	0.0144859	0.985505
Muller_E	4748015	8.91698e-06	0.0144776	0.985513
Muller_E	4748352	8.90963e-06	0.0144758	0.985515
Muller_E	4748630	8.90357e-06	0.0144743	0.985517
Muller_E	4751071	8.85004e-06	0.0144612	0.98553
Muller_E	4751685	8.8365e-06	0.0144579	0.985533
Muller_E	4751817	8.83358e-06	0.0144571	0.985534
Muller_E	4752607	8.8161e-06	0.0144529	0.985538
Muller_E	4752773	8.81242e-06	0.014452	0.985539
Muller_E	4753826	8.78902e-06	0.0144463	0.985545
Muller_E	4754671	8.77018e-06	0.0144417	0.98555
Muller_E	4756619	8.72651e-06	0.0144312	0.98556
Muller_E	4759191	8.66835e-06	0.0144172	0.985574
Muller_E	4761262	8.62112e-06	0.0144059	0.985586
Muller_E	4761866	8.60728e-06	0.0144026	0.985589
Muller_E	4761985	8.60455e-06	0.0144019	0.985589
Muller_E	4763545	8.56864e-06	0.0143934	0.985598
Muller_E	4764509	8.54635e-06	0.0143881	0.985603
Muller_E	4765595	8.52114e-06	0.0143821	0.985609
Muller_E	4766291	8.50494e-06	0.0143783	0.985613
Muller_E	4766501	8.50004e-06	0.0143771	0.985614
Muller_E	4767354	8.48011e-06	0.0143724	0.985619
Muller_E	4769627	8.4267e-06	0.0143598	0.985632
Muller_E	4769950	8.41907e-06	0.0143581	0.985634
Muller_E	4772288	8.36362e-06	0.0143451	0.985647
Muller_E	4773763	8.3284e-06	0.0143369	0.985655
Muller_E	4773963	8.32361e-06	0.0143358	0.985656
Muller_E	4774375	8.31374e-06	0.0143335	0.985658
Muller_E	4774957	8.29976e-06	0.0143302	0.985661
Muller_E	4775479	8.2872e-06	0.0143273	0.985664
Muller_E	4776619	8.2597e-06	0.014321	0.985671
